0	-0.000119368
3.02791e-12	-0.000119166
6.05582e-12	-0.000118692
9.08372e-12	-0.000117939
1.21116e-11	-0.000116905
1.51395e-11	-0.000115584
1.81674e-11	-0.000113973
2.11954e-11	-0.000112069
2.42233e-11	-0.000109869
2.72512e-11	-0.000107372
3.02791e-11	-0.000104577
3.3307e-11	-0.000101482
3.63349e-11	-9.80888e-05
3.93628e-11	-9.43976e-05
4.23907e-11	-9.04098e-05
4.54186e-11	-8.61279e-05
4.84465e-11	-8.15547e-05
5.14744e-11	-7.66939e-05
5.45023e-11	-7.15499e-05
5.75303e-11	-6.6128e-05
6.05582e-11	-6.0434e-05
6.35861e-11	-5.44745e-05
6.6614e-11	-4.82571e-05
6.96419e-11	-4.17899e-05
7.26698e-11	-3.50818e-05
7.56977e-11	-2.81425e-05
7.87256e-11	-2.09823e-05
8.17535e-11	-1.36126e-05
8.47814e-11	-6.04503e-06
8.78093e-11	1.70768e-06
9.08372e-11	9.63226e-06
9.38652e-11	1.77147e-05
9.68931e-11	2.59404e-05
9.9921e-11	3.4294e-05
1.02949e-10	4.27595e-05
1.05977e-10	5.13205e-05
1.09005e-10	5.99596e-05
1.12033e-10	6.86593e-05
1.15061e-10	7.74013e-05
1.18088e-10	8.61668e-05
1.21116e-10	9.49366e-05
1.24144e-10	0.000103691
1.27172e-10	0.00011241
1.302e-10	0.000121073
1.33228e-10	0.00012966
1.36256e-10	0.000138149
1.39284e-10	0.000146518
1.42312e-10	0.000154748
1.4534e-10	0.000162815
1.48367e-10	0.000170698
1.51395e-10	0.000178376
1.54423e-10	0.000185825
1.57451e-10	0.000193026
1.60479e-10	0.000199954
1.63507e-10	0.00020659
1.66535e-10	0.000212912
1.69563e-10	0.000218898
1.72591e-10	0.000224528
1.75619e-10	0.00022978
1.78647e-10	0.000234636
1.81674e-10	0.000239074
1.84702e-10	0.000243076
1.8773e-10	0.000246623
1.90758e-10	0.000249698
1.93786e-10	0.000252282
1.96814e-10	0.000254359
1.99842e-10	0.000255914
2.0287e-10	0.000256931
2.05898e-10	0.000257396
2.08926e-10	0.000257295
2.11954e-10	0.000256618
2.14981e-10	0.000255352
2.18009e-10	0.000253488
2.21037e-10	0.000251016
2.24065e-10	0.000247929
2.27093e-10	0.00024422
2.30121e-10	0.000239883
2.33149e-10	0.000234916
2.36177e-10	0.000229315
2.39205e-10	0.000223079
2.42233e-10	0.000216208
2.45261e-10	0.000208703
2.48288e-10	0.000200569
2.51316e-10	0.000191808
2.54344e-10	0.000182428
2.57372e-10	0.000172435
2.604e-10	0.00016184
2.63428e-10	0.000150651
2.66456e-10	0.000138883
2.69484e-10	0.000126548
2.72512e-10	0.000113663
2.7554e-10	0.000100243
2.78568e-10	8.63079e-05
2.81595e-10	7.18773e-05
2.84623e-10	5.6973e-05
2.87651e-10	4.16182e-05
2.90679e-10	2.58376e-05
2.93707e-10	9.65732e-06
2.96735e-10	-6.89489e-06
2.99763e-10	-2.37899e-05
3.02791e-10	-4.09973e-05
3.05819e-10	-5.84852e-05
3.08847e-10	-7.62204e-05
3.11875e-10	-9.41684e-05
3.14902e-10	-0.000112294
3.1793e-10	-0.000130559
3.20958e-10	-0.000148927
3.23986e-10	-0.000167359
3.27014e-10	-0.000185814
3.30042e-10	-0.000204251
3.3307e-10	-0.000222629
3.36098e-10	-0.000240906
3.39126e-10	-0.000259039
3.42154e-10	-0.000276983
3.45182e-10	-0.000294694
3.48209e-10	-0.000312128
3.51237e-10	-0.00032924
3.54265e-10	-0.000345984
3.57293e-10	-0.000362316
3.60321e-10	-0.000378189
3.63349e-10	-0.000393559
3.66377e-10	-0.000408381
3.69405e-10	-0.000422609
3.72433e-10	-0.000436199
3.75461e-10	-0.000449108
3.78489e-10	-0.000461291
3.81516e-10	-0.000472707
3.84544e-10	-0.000483313
3.87572e-10	-0.000493069
3.906e-10	-0.000501934
3.93628e-10	-0.000509871
3.96656e-10	-0.000516841
3.99684e-10	-0.00052281
4.02712e-10	-0.000527741
4.0574e-10	-0.000531603
4.08768e-10	-0.000534364
4.11796e-10	-0.000535996
4.14823e-10	-0.000536469
4.17851e-10	-0.00053576
4.20879e-10	-0.000533845
4.23907e-10	-0.000530703
4.26935e-10	-0.000526315
4.29963e-10	-0.000520666
4.32991e-10	-0.00051374
4.36019e-10	-0.000505527
4.39047e-10	-0.000496019
4.42075e-10	-0.00048521
4.45102e-10	-0.000473096
4.4813e-10	-0.000459678
4.51158e-10	-0.000444958
4.54186e-10	-0.000428942
4.57214e-10	-0.000411639
4.60242e-10	-0.000393061
4.6327e-10	-0.000373222
4.66298e-10	-0.000352142
4.69326e-10	-0.000329841
4.72354e-10	-0.000306344
4.75382e-10	-0.000281678
4.78409e-10	-0.000255875
4.81437e-10	-0.000228968
4.84465e-10	-0.000200995
4.87493e-10	-0.000171996
4.90521e-10	-0.000142014
4.93549e-10	-0.000111097
4.96577e-10	-7.92942e-05
4.99605e-10	-4.66581e-05
5.02633e-10	-1.32444e-05
5.05661e-10	2.08881e-05
5.08689e-10	5.56782e-05
5.11716e-10	9.10618e-05
5.14744e-10	0.000126972
5.17772e-10	0.000163339
5.208e-10	0.000200093
5.23828e-10	0.000237157
5.26856e-10	0.000274457
5.29884e-10	0.000311913
5.32912e-10	0.000349446
5.3594e-10	0.000386974
5.38968e-10	0.000424412
5.41996e-10	0.000461675
5.45023e-10	0.000498676
5.48051e-10	0.000535329
5.51079e-10	0.000571543
5.54107e-10	0.00060723
5.57135e-10	0.000642298
5.60163e-10	0.000676658
5.63191e-10	0.000710219
5.66219e-10	0.000742888
5.69247e-10	0.000774576
5.72275e-10	0.000805193
5.75303e-10	0.000834647
5.7833e-10	0.00086285
5.81358e-10	0.000889714
5.84386e-10	0.000915152
5.87414e-10	0.000939079
5.90442e-10	0.00096141
5.9347e-10	0.000982065
5.96498e-10	0.00100096
5.99526e-10	0.00101803
6.02554e-10	0.00103318
6.05582e-10	0.00104635
6.0861e-10	0.00105748
6.11637e-10	0.00106648
6.14665e-10	0.00107331
6.17693e-10	0.0010779
6.20721e-10	0.0010802
6.23749e-10	0.00108015
6.26777e-10	0.00107771
6.29805e-10	0.00107285
6.32833e-10	0.00106551
6.35861e-10	0.00105567
6.38889e-10	0.00104329
6.41917e-10	0.00102836
6.44944e-10	0.00101087
6.47972e-10	0.000990783
6.51e-10	0.00096811
6.54028e-10	0.000942845
6.57056e-10	0.000914993
6.60084e-10	0.000884565
6.63112e-10	0.000851578
6.6614e-10	0.000816054
6.69168e-10	0.000778022
6.72196e-10	0.000737516
6.75224e-10	0.000694579
6.78251e-10	0.000649257
6.81279e-10	0.000601605
6.84307e-10	0.000551682
6.87335e-10	0.000499554
6.90363e-10	0.000445294
6.93391e-10	0.000388981
6.96419e-10	0.000330698
6.99447e-10	0.000270538
7.02475e-10	0.000208597
7.05503e-10	0.000144978
7.08531e-10	7.97884e-05
7.11558e-10	1.31429e-05
7.14586e-10	-5.4839e-05
7.17614e-10	-0.000124032
7.20642e-10	-0.000194308
7.2367e-10	-0.000265529
7.26698e-10	-0.000337558
7.29726e-10	-0.00041025
7.32754e-10	-0.000483456
7.35782e-10	-0.000557024
7.3881e-10	-0.000630798
7.41837e-10	-0.000704617
7.44865e-10	-0.00077832
7.47893e-10	-0.00085174
7.50921e-10	-0.000924708
7.53949e-10	-0.000997055
7.56977e-10	-0.00106861
7.60005e-10	-0.00113919
7.63033e-10	-0.00120863
7.66061e-10	-0.00127675
7.69089e-10	-0.00134338
7.72117e-10	-0.00140833
7.75144e-10	-0.00147143
7.78172e-10	-0.00153251
7.812e-10	-0.00159138
7.84228e-10	-0.00164789
7.87256e-10	-0.00170185
7.90284e-10	-0.0017531
7.93312e-10	-0.00180148
7.9634e-10	-0.00184681
7.99368e-10	-0.00188895
8.02396e-10	-0.00192774
8.05424e-10	-0.00196302
8.08451e-10	-0.00199465
8.11479e-10	-0.0020225
8.14507e-10	-0.00204643
8.17535e-10	-0.0020663
8.20563e-10	-0.00208201
8.23591e-10	-0.00209343
8.26619e-10	-0.00210047
8.29647e-10	-0.00210301
8.32675e-10	-0.00210097
8.35703e-10	-0.00209427
8.38731e-10	-0.00208283
8.41758e-10	-0.00206659
8.44786e-10	-0.00204549
8.47814e-10	-0.00201949
8.50842e-10	-0.00198856
8.5387e-10	-0.00195266
8.56898e-10	-0.00191179
8.59926e-10	-0.00186594
8.62954e-10	-0.00181512
8.65982e-10	-0.00175935
8.6901e-10	-0.00169865
8.72038e-10	-0.00163308
8.75065e-10	-0.00156268
8.78093e-10	-0.00148751
8.81121e-10	-0.00140767
8.84149e-10	-0.00132322
8.87177e-10	-0.00123429
8.90205e-10	-0.00114097
8.93233e-10	-0.00104339
8.96261e-10	-0.000941694
8.99289e-10	-0.000836023
9.02317e-10	-0.000726538
9.05345e-10	-0.000613411
9.08372e-10	-0.000496823
9.114e-10	-0.000376968
9.14428e-10	-0.00025405
9.17456e-10	-0.000128284
9.20484e-10	1.04633e-07
9.23512e-10	0.000130881
9.2654e-10	0.0002638
9.29568e-10	0.000398609
9.32596e-10	0.000535043
9.35624e-10	0.000672831
9.38652e-10	0.000811695
9.41679e-10	0.000951347
9.44707e-10	0.00109149
9.47735e-10	0.00123183
9.50763e-10	0.00137206
9.53791e-10	0.00151186
9.56819e-10	0.00165092
9.59847e-10	0.00178892
9.62875e-10	0.00192554
9.65903e-10	0.00206044
9.68931e-10	0.0021933
9.71959e-10	0.00232378
9.74986e-10	0.00245156
9.78014e-10	0.00257631
9.81042e-10	0.00269768
9.8407e-10	0.00281536
9.87098e-10	0.00292902
9.90126e-10	0.00303833
9.93154e-10	0.00314298
9.96182e-10	0.00324263
9.9921e-10	0.003337
1.00224e-09	0.00342576
1.00527e-09	0.00350863
1.00829e-09	0.00358532
1.01132e-09	0.00365553
1.01435e-09	0.00371901
1.01738e-09	0.00377549
1.02041e-09	0.00382471
1.02343e-09	0.00386645
1.02646e-09	0.00390046
1.02949e-09	0.00392654
1.03252e-09	0.00394449
1.03554e-09	0.00395412
1.03857e-09	0.00395526
1.0416e-09	0.00394775
1.04463e-09	0.00393146
1.04766e-09	0.00390627
1.05068e-09	0.00387206
1.05371e-09	0.00382876
1.05674e-09	0.0037763
1.05977e-09	0.00371462
1.0628e-09	0.0036437
1.06582e-09	0.00356354
1.06885e-09	0.00347414
1.07188e-09	0.00337553
1.07491e-09	0.00326777
1.07794e-09	0.00315094
1.08096e-09	0.00302512
1.08399e-09	0.00289044
1.08702e-09	0.00274704
1.09005e-09	0.00259507
1.09307e-09	0.00243472
1.0961e-09	0.0022662
1.09913e-09	0.00208973
1.10216e-09	0.00190555
1.10519e-09	0.00171395
1.10821e-09	0.0015152
1.11124e-09	0.00130963
1.11427e-09	0.00109755
1.1173e-09	0.000879334
1.12033e-09	0.000655343
1.12335e-09	0.000425969
1.12638e-09	0.000191625
1.12941e-09	-4.72622e-05
1.13244e-09	-0.000290246
1.13547e-09	-0.000536864
1.13849e-09	-0.000786638
1.14152e-09	-0.00103907
1.14455e-09	-0.00129366
1.14758e-09	-0.00154987
1.15061e-09	-0.00180718
1.15363e-09	-0.00206504
1.15666e-09	-0.00232289
1.15969e-09	-0.00258016
1.16272e-09	-0.00283628
1.16574e-09	-0.00309067
1.16877e-09	-0.00334272
1.1718e-09	-0.00359186
1.17483e-09	-0.00383748
1.17786e-09	-0.00407899
1.18088e-09	-0.00431577
1.18391e-09	-0.00454723
1.18694e-09	-0.00477277
1.18997e-09	-0.00499178
1.193e-09	-0.00520368
1.19602e-09	-0.00540788
1.19905e-09	-0.00560379
1.20208e-09	-0.00579085
1.20511e-09	-0.00596849
1.20814e-09	-0.00613616
1.21116e-09	-0.00629331
1.21419e-09	-0.00643943
1.21722e-09	-0.006574
1.22025e-09	-0.00669654
1.22327e-09	-0.00680656
1.2263e-09	-0.00690361
1.22933e-09	-0.00698725
1.23236e-09	-0.00705708
1.23539e-09	-0.00711271
1.23841e-09	-0.00715377
1.24144e-09	-0.00717992
1.24447e-09	-0.00719086
1.2475e-09	-0.00718629
1.25053e-09	-0.00716598
1.25355e-09	-0.00712969
1.25658e-09	-0.00707724
1.25961e-09	-0.00700846
1.26264e-09	-0.00692324
1.26567e-09	-0.00682147
1.26869e-09	-0.00670312
1.27172e-09	-0.00656814
1.27475e-09	-0.00641657
1.27778e-09	-0.00624846
1.28081e-09	-0.00606389
1.28383e-09	-0.00586299
1.28686e-09	-0.00564594
1.28989e-09	-0.00541293
1.29292e-09	-0.00516421
1.29594e-09	-0.00490006
1.29897e-09	-0.0046208
1.302e-09	-0.0043268
1.30503e-09	-0.00401845
1.30806e-09	-0.00369618
1.31108e-09	-0.00336048
1.31411e-09	-0.00301185
1.31714e-09	-0.00265085
1.32017e-09	-0.00227805
1.3232e-09	-0.00189408
1.32622e-09	-0.0014996
1.32925e-09	-0.0010953
1.33228e-09	-0.000681897
1.33531e-09	-0.000260148
1.33834e-09	0.000169161
1.34136e-09	0.000605214
1.34439e-09	0.00104717
1.34742e-09	0.00149415
1.35045e-09	0.00194526
1.35347e-09	0.00239959
1.3565e-09	0.00285619
1.35953e-09	0.0033141
1.36256e-09	0.00377233
1.36559e-09	0.00422989
1.36861e-09	0.00468577
1.37164e-09	0.00513894
1.37467e-09	0.00558837
1.3777e-09	0.006033
1.38073e-09	0.00647179
1.38375e-09	0.00690369
1.38678e-09	0.00732763
1.38981e-09	0.00774255
1.39284e-09	0.00814741
1.39587e-09	0.00854115
1.39889e-09	0.00892273
1.40192e-09	0.00929112
1.40495e-09	0.00964529
1.40798e-09	0.00998425
1.41101e-09	0.010307
1.41403e-09	0.0106126
1.41706e-09	0.0109001
1.42009e-09	0.0111685
1.42312e-09	0.011417
1.42614e-09	0.0116447
1.42917e-09	0.0118508
1.4322e-09	0.0120344
1.43523e-09	0.0121948
1.43826e-09	0.0123314
1.44128e-09	0.0124433
1.44431e-09	0.01253
1.44734e-09	0.0125909
1.45037e-09	0.0126254
1.4534e-09	0.012633
1.45642e-09	0.0126134
1.45945e-09	0.012566
1.46248e-09	0.0124905
1.46551e-09	0.0123868
1.46854e-09	0.0122545
1.47156e-09	0.0120934
1.47459e-09	0.0119036
1.47762e-09	0.0116849
1.48065e-09	0.0114373
1.48367e-09	0.011161
1.4867e-09	0.0108561
1.48973e-09	0.0105228
1.49276e-09	0.0101614
1.49579e-09	0.00977217
1.49881e-09	0.00935562
1.50184e-09	0.00891219
1.50487e-09	0.00844243
1.5079e-09	0.00794695
1.51093e-09	0.00742643
1.51395e-09	0.00688161
1.51698e-09	0.00631331
1.52001e-09	0.00572238
1.52304e-09	0.00510978
1.52607e-09	0.00447649
1.52909e-09	0.00382359
1.53212e-09	0.00315218
1.53515e-09	0.00246344
1.53818e-09	0.00175861
1.54121e-09	0.00103897
1.54423e-09	0.000305872
1.54726e-09	-0.000439303
1.55029e-09	-0.00119511
1.55332e-09	-0.00196008
1.55634e-09	-0.00273267
1.55937e-09	-0.00351131
1.5624e-09	-0.00429441
1.56543e-09	-0.00508032
1.56846e-09	-0.00586738
1.57148e-09	-0.00665388
1.57451e-09	-0.0074381
1.57754e-09	-0.00821829
1.58057e-09	-0.0089927
1.5836e-09	-0.00975955
1.58662e-09	-0.010517
1.58965e-09	-0.0112634
1.59268e-09	-0.0119968
1.59571e-09	-0.0127154
1.59874e-09	-0.0134176
1.60176e-09	-0.0141014
1.60479e-09	-0.0147651
1.60782e-09	-0.015407
1.61085e-09	-0.0160253
1.61388e-09	-0.0166184
1.6169e-09	-0.0171845
1.61993e-09	-0.017722
1.62296e-09	-0.0182293
1.62599e-09	-0.0187048
1.62901e-09	-0.0191471
1.63204e-09	-0.0195547
1.63507e-09	-0.0199261
1.6381e-09	-0.0202599
1.64113e-09	-0.020555
1.64415e-09	-0.0208101
1.64718e-09	-0.0210239
1.65021e-09	-0.0211955
1.65324e-09	-0.0213239
1.65627e-09	-0.021408
1.65929e-09	-0.0214471
1.66232e-09	-0.0214403
1.66535e-09	-0.0213871
1.66838e-09	-0.0212869
1.67141e-09	-0.0211391
1.67443e-09	-0.0209433
1.67746e-09	-0.0206994
1.68049e-09	-0.020407
1.68352e-09	-0.0200662
1.68654e-09	-0.0196769
1.68957e-09	-0.0192393
1.6926e-09	-0.0187535
1.69563e-09	-0.0182201
1.69866e-09	-0.0176393
1.70168e-09	-0.0170118
1.70471e-09	-0.0163382
1.70774e-09	-0.0156193
1.71077e-09	-0.0148561
1.7138e-09	-0.0140495
1.71682e-09	-0.0132007
1.71985e-09	-0.0123108
1.72288e-09	-0.0113812
1.72591e-09	-0.0104134
1.72894e-09	-0.00940888
1.73196e-09	-0.00836929
1.73499e-09	-0.00729638
1.73802e-09	-0.006192
1.74105e-09	-0.0050581
1.74408e-09	-0.0038967
1.7471e-09	-0.00270994
1.75013e-09	-0.00150002
1.75316e-09	-0.000269235
1.75619e-09	0.000980042
1.75921e-09	0.00224536
1.76224e-09	0.00352421
1.76527e-09	0.00481401
1.7683e-09	0.0061121
1.77133e-09	0.0074158
1.77435e-09	0.00872234
1.77738e-09	0.0100289
1.78041e-09	0.0113327
1.78344e-09	0.0126309
1.78647e-09	0.0139205
1.78949e-09	0.0151986
1.79252e-09	0.0164623
1.79555e-09	0.0177086
1.79858e-09	0.0189345
1.80161e-09	0.0201372
1.80463e-09	0.0213137
1.80766e-09	0.022461
1.81069e-09	0.0235762
1.81372e-09	0.0246566
1.81674e-09	0.0256991
1.81977e-09	0.026701
1.8228e-09	0.0276596
1.82583e-09	0.0285722
1.82886e-09	0.0294362
1.83188e-09	0.0302489
1.83491e-09	0.0310079
1.83794e-09	0.0317108
1.84097e-09	0.0323552
1.844e-09	0.032939
1.84702e-09	0.03346
1.85005e-09	0.0339163
1.85308e-09	0.0343058
1.85611e-09	0.0346269
1.85914e-09	0.0348779
1.86216e-09	0.0350572
1.86519e-09	0.0351635
1.86822e-09	0.0351955
1.87125e-09	0.0351521
1.87428e-09	0.0350324
1.8773e-09	0.0348355
1.88033e-09	0.0345608
1.88336e-09	0.0342078
1.88639e-09	0.0337762
1.88941e-09	0.0332658
1.89244e-09	0.0326767
1.89547e-09	0.0320091
1.8985e-09	0.0312632
1.90153e-09	0.0304397
1.90455e-09	0.0295392
1.90758e-09	0.0285627
1.91061e-09	0.0275112
1.91364e-09	0.0263859
1.91667e-09	0.0251884
1.91969e-09	0.0239201
1.92272e-09	0.0225829
1.92575e-09	0.0211787
1.92878e-09	0.0197097
1.93181e-09	0.0181781
1.93483e-09	0.0165865
1.93786e-09	0.0149373
1.94089e-09	0.0132335
1.94392e-09	0.011478
1.94694e-09	0.00967389
1.94997e-09	0.00782437
1.953e-09	0.00593287
1.95603e-09	0.00400291
1.95906e-09	0.00203815
1.96208e-09	4.23758e-05
1.96511e-09	-0.00198051
1.96814e-09	-0.00402649
1.97117e-09	-0.00609145
1.9742e-09	-0.00817118
1.97722e-09	-0.0102614
1.98025e-09	-0.0123576
1.98328e-09	-0.0144555
1.98631e-09	-0.0165505
1.98934e-09	-0.018638
1.99236e-09	-0.0207134
1.99539e-09	-0.0227721
1.99842e-09	-0.0248094
2.00145e-09	-0.0268205
2.00448e-09	-0.0288008
2.0075e-09	-0.0307457
2.01053e-09	-0.0326503
2.01356e-09	-0.0345101
2.01659e-09	-0.0363204
2.01961e-09	-0.0380767
2.02264e-09	-0.0397744
2.02567e-09	-0.0414092
2.0287e-09	-0.0429766
2.03173e-09	-0.0444724
2.03475e-09	-0.0458923
2.03778e-09	-0.0472324
2.04081e-09	-0.0484887
2.04384e-09	-0.0496573
2.04687e-09	-0.0507346
2.04989e-09	-0.051717
2.05292e-09	-0.0526012
2.05595e-09	-0.0533841
2.05898e-09	-0.0540625
2.06201e-09	-0.0546336
2.06503e-09	-0.0550949
2.06806e-09	-0.0554439
2.07109e-09	-0.0556784
2.07412e-09	-0.0557964
2.07714e-09	-0.0557961
2.08017e-09	-0.055676
2.0832e-09	-0.0554348
2.08623e-09	-0.0550714
2.08926e-09	-0.0545852
2.09228e-09	-0.0539755
2.09531e-09	-0.053242
2.09834e-09	-0.0523848
2.10137e-09	-0.0514042
2.1044e-09	-0.0503006
2.10742e-09	-0.0490748
2.11045e-09	-0.0477281
2.11348e-09	-0.0462616
2.11651e-09	-0.0446771
2.11954e-09	-0.0429765
2.12256e-09	-0.0411619
2.12559e-09	-0.0392359
2.12862e-09	-0.0372011
2.13165e-09	-0.0350606
2.13468e-09	-0.0328177
2.1377e-09	-0.0304759
2.14073e-09	-0.0280391
2.14376e-09	-0.0255112
2.14679e-09	-0.0228966
2.14981e-09	-0.0201998
2.15284e-09	-0.0174256
2.15587e-09	-0.0145791
2.1589e-09	-0.0116655
2.16193e-09	-0.00869016
2.16495e-09	-0.0056588
2.16798e-09	-0.00257724
2.17101e-09	0.000548487
2.17404e-09	0.0037122
2.17707e-09	0.00690753
2.18009e-09	0.010128
2.18312e-09	0.013367
2.18615e-09	0.0166176
2.18918e-09	0.0198732
2.19221e-09	0.0231267
2.19523e-09	0.026371
2.19826e-09	0.0295991
2.20129e-09	0.0328038
2.20432e-09	0.0359778
2.20735e-09	0.039114
2.21037e-09	0.0422052
2.2134e-09	0.0452441
2.21643e-09	0.0482235
2.21946e-09	0.0511362
2.22248e-09	0.0539752
2.22551e-09	0.0567335
2.22854e-09	0.0594041
2.23157e-09	0.0619802
2.2346e-09	0.064455
2.23762e-09	0.0668221
2.24065e-09	0.0690749
2.24368e-09	0.0712073
2.24671e-09	0.0732132
2.24974e-09	0.0750867
2.25276e-09	0.0768222
2.25579e-09	0.0784144
2.25882e-09	0.0798579
2.26185e-09	0.0811479
2.26488e-09	0.0822799
2.2679e-09	0.0832493
2.27093e-09	0.0840523
2.27396e-09	0.0846851
2.27699e-09	0.0851442
2.28001e-09	0.0854266
2.28304e-09	0.0855296
2.28607e-09	0.0854509
2.2891e-09	0.0851883
2.29213e-09	0.0847403
2.29515e-09	0.0841057
2.29818e-09	0.0832835
2.30121e-09	0.0822734
2.30424e-09	0.0810752
2.30727e-09	0.0796894
2.31029e-09	0.0781167
2.31332e-09	0.0763583
2.31635e-09	0.0744157
2.31938e-09	0.072291
2.32241e-09	0.0699866
2.32543e-09	0.0675053
2.32846e-09	0.0648505
2.33149e-09	0.0620257
2.33452e-09	0.0590351
2.33755e-09	0.0558832
2.34057e-09	0.0525749
2.3436e-09	0.0491155
2.34663e-09	0.0455106
2.34966e-09	0.0417663
2.35268e-09	0.0378891
2.35571e-09	0.0338857
2.35874e-09	0.0297633
2.36177e-09	0.0255294
2.3648e-09	0.0211918
2.36782e-09	0.0167587
2.37085e-09	0.0122384
2.37388e-09	0.00763971
2.37691e-09	0.00297161
2.37994e-09	-0.00175667
2.38296e-09	-0.00653564
2.38599e-09	-0.0113556
2.38902e-09	-0.0162067
2.39205e-09	-0.0210788
2.39508e-09	-0.0259617
2.3981e-09	-0.030845
2.40113e-09	-0.0357183
2.40416e-09	-0.0405708
2.40719e-09	-0.0453921
2.41021e-09	-0.0501712
2.41324e-09	-0.0548976
2.41627e-09	-0.0595604
2.4193e-09	-0.0641488
2.42233e-09	-0.0686523
2.42535e-09	-0.0730601
2.42838e-09	-0.0773617
2.43141e-09	-0.0815466
2.43444e-09	-0.0856046
2.43747e-09	-0.0895256
2.44049e-09	-0.0932994
2.44352e-09	-0.0969165
2.44655e-09	-0.100367
2.44958e-09	-0.103642
2.45261e-09	-0.106733
2.45563e-09	-0.10963
2.45866e-09	-0.112325
2.46169e-09	-0.114811
2.46472e-09	-0.11708
2.46775e-09	-0.119124
2.47077e-09	-0.120936
2.4738e-09	-0.12251
2.47683e-09	-0.123841
2.47986e-09	-0.124921
2.48288e-09	-0.125748
2.48591e-09	-0.126315
2.48894e-09	-0.126618
2.49197e-09	-0.126656
2.495e-09	-0.126423
2.49802e-09	-0.125918
2.50105e-09	-0.125139
2.50408e-09	-0.124085
2.50711e-09	-0.122754
2.51014e-09	-0.121147
2.51316e-09	-0.119265
2.51619e-09	-0.117107
2.51922e-09	-0.114677
2.52225e-09	-0.111975
2.52528e-09	-0.109006
2.5283e-09	-0.105772
2.53133e-09	-0.102277
2.53436e-09	-0.0985272
2.53739e-09	-0.0945267
2.54041e-09	-0.0902816
2.54344e-09	-0.0857985
2.54647e-09	-0.0810845
2.5495e-09	-0.0761471
2.55253e-09	-0.0709946
2.55555e-09	-0.0656358
2.55858e-09	-0.0600799
2.56161e-09	-0.0543369
2.56464e-09	-0.0484169
2.56767e-09	-0.0423309
2.57069e-09	-0.0360901
2.57372e-09	-0.0297064
2.57675e-09	-0.0231918
2.57978e-09	-0.0165589
2.58281e-09	-0.00982084
2.58583e-09	-0.00299084
2.58886e-09	0.00391739
2.59189e-09	0.0108898
2.59492e-09	0.0179123
2.59795e-09	0.0249701
2.60097e-09	0.0320486
2.604e-09	0.0391328
2.60703e-09	0.0462076
2.61006e-09	0.0532576
2.61308e-09	0.0602676
2.61611e-09	0.0672221
2.61914e-09	0.0741057
2.62217e-09	0.0809027
2.6252e-09	0.0875978
2.62822e-09	0.0941756
2.63125e-09	0.100621
2.63428e-09	0.106918
2.63731e-09	0.113053
2.64034e-09	0.119009
2.64336e-09	0.124774
2.64639e-09	0.130332
2.64942e-09	0.13567
2.65245e-09	0.140773
2.65548e-09	0.145629
2.6585e-09	0.150224
2.66153e-09	0.154547
2.66456e-09	0.158584
2.66759e-09	0.162325
2.67061e-09	0.165759
2.67364e-09	0.168874
2.67667e-09	0.171662
2.6797e-09	0.174112
2.68273e-09	0.176217
2.68575e-09	0.177968
2.68878e-09	0.179358
2.69181e-09	0.180381
2.69484e-09	0.18103
2.69787e-09	0.1813
2.70089e-09	0.181188
2.70392e-09	0.180689
2.70695e-09	0.179801
2.70998e-09	0.178521
2.71301e-09	0.17685
2.71603e-09	0.174786
2.71906e-09	0.172329
2.72209e-09	0.169482
2.72512e-09	0.166247
2.72815e-09	0.162626
2.73117e-09	0.158624
2.7342e-09	0.154245
2.73723e-09	0.149496
2.74026e-09	0.144382
2.74328e-09	0.138912
2.74631e-09	0.133092
2.74934e-09	0.126934
2.75237e-09	0.120445
2.7554e-09	0.113637
2.75842e-09	0.106522
2.76145e-09	0.0991118
2.76448e-09	0.091419
2.76751e-09	0.0834577
2.77054e-09	0.0752423
2.77356e-09	0.0667879
2.77659e-09	0.0581103
2.77962e-09	0.0492259
2.78265e-09	0.0401518
2.78568e-09	0.0309056
2.7887e-09	0.0215054
2.79173e-09	0.0119697
2.79476e-09	0.00231787
2.79779e-09	-0.00743074
2.80082e-09	-0.0172561
2.80384e-09	-0.0271381
2.80687e-09	-0.0370559
2.8099e-09	-0.0469888
2.81293e-09	-0.0569157
2.81595e-09	-0.0668153
2.81898e-09	-0.0766661
2.82201e-09	-0.0864466
2.82504e-09	-0.0961354
2.82807e-09	-0.105711
2.83109e-09	-0.115151
2.83412e-09	-0.124435
2.83715e-09	-0.133542
2.84018e-09	-0.14245
2.84321e-09	-0.151138
2.84623e-09	-0.159586
2.84926e-09	-0.167773
2.85229e-09	-0.17568
2.85532e-09	-0.183287
2.85835e-09	-0.190575
2.86137e-09	-0.197526
2.8644e-09	-0.204122
2.86743e-09	-0.210345
2.87046e-09	-0.216178
2.87348e-09	-0.221606
2.87651e-09	-0.226614
2.87954e-09	-0.231186
2.88257e-09	-0.235309
2.8856e-09	-0.238971
2.88862e-09	-0.242158
2.89165e-09	-0.244861
2.89468e-09	-0.247069
2.89771e-09	-0.248773
2.90074e-09	-0.249964
2.90376e-09	-0.250636
2.90679e-09	-0.250782
2.90982e-09	-0.250398
2.91285e-09	-0.249479
2.91588e-09	-0.248022
2.9189e-09	-0.246027
2.92193e-09	-0.243492
2.92496e-09	-0.240418
2.92799e-09	-0.236807
2.93102e-09	-0.232662
2.93404e-09	-0.227987
2.93707e-09	-0.222787
2.9401e-09	-0.217069
2.94313e-09	-0.21084
2.94615e-09	-0.20411
2.94918e-09	-0.196887
2.95221e-09	-0.189184
2.95524e-09	-0.181013
2.95827e-09	-0.172386
2.96129e-09	-0.163318
2.96432e-09	-0.153826
2.96735e-09	-0.143925
2.97038e-09	-0.133633
2.97341e-09	-0.122968
2.97643e-09	-0.111951
2.97946e-09	-0.100602
2.98249e-09	-0.0889408
2.98552e-09	-0.0769913
2.98855e-09	-0.0647759
2.99157e-09	-0.0523185
2.9946e-09	-0.0396436
2.99763e-09	-0.0267764
3.00066e-09	-0.0137427
3.00368e-09	-0.000568767
3.00671e-09	0.0127184
3.00974e-09	0.0260913
3.01277e-09	0.0395224
3.0158e-09	0.0529833
3.01882e-09	0.0664457
3.02185e-09	0.0798809
3.02488e-09	0.0932599
3.02791e-09	0.106554
3.03094e-09	0.119734
3.03396e-09	0.13277
3.03699e-09	0.145634
3.04002e-09	0.158297
3.04305e-09	0.170731
3.04608e-09	0.182906
3.0491e-09	0.194795
3.05213e-09	0.20637
3.05516e-09	0.217604
3.05819e-09	0.22847
3.06122e-09	0.238942
3.06424e-09	0.248994
3.06727e-09	0.258601
3.0703e-09	0.26774
3.07333e-09	0.276386
3.07635e-09	0.284518
3.07938e-09	0.292115
3.08241e-09	0.299154
3.08544e-09	0.305618
3.08847e-09	0.311488
3.09149e-09	0.316745
3.09452e-09	0.321375
3.09755e-09	0.325362
3.10058e-09	0.328693
3.10361e-09	0.331354
3.10663e-09	0.333336
3.10966e-09	0.334629
3.11269e-09	0.335223
3.11572e-09	0.335114
3.11875e-09	0.334294
3.12177e-09	0.33276
3.1248e-09	0.330511
3.12783e-09	0.327544
3.13086e-09	0.323861
3.13388e-09	0.319464
3.13691e-09	0.314356
3.13994e-09	0.308543
3.14297e-09	0.302032
3.146e-09	0.294831
3.14902e-09	0.286951
3.15205e-09	0.278401
3.15508e-09	0.269197
3.15811e-09	0.259352
3.16114e-09	0.248881
3.16416e-09	0.237804
3.16719e-09	0.226138
3.17022e-09	0.213903
3.17325e-09	0.201122
3.17628e-09	0.187818
3.1793e-09	0.174014
3.18233e-09	0.159737
3.18536e-09	0.145013
3.18839e-09	0.12987
3.19142e-09	0.114338
3.19444e-09	0.0984453
3.19747e-09	0.0822242
3.2005e-09	0.0657065
3.20353e-09	0.0489251
3.20655e-09	0.0319138
3.20958e-09	0.014707
3.21261e-09	-0.00266015
3.21564e-09	-0.0201519
3.21867e-09	-0.0377319
3.22169e-09	-0.0553634
3.22472e-09	-0.0730094
3.22775e-09	-0.0906323
3.23078e-09	-0.108195
3.23381e-09	-0.125658
3.23683e-09	-0.142986
3.23986e-09	-0.160139
3.24289e-09	-0.17708
3.24592e-09	-0.193771
3.24895e-09	-0.210176
3.25197e-09	-0.226257
3.255e-09	-0.241977
3.25803e-09	-0.2573
3.26106e-09	-0.272192
3.26408e-09	-0.286617
3.26711e-09	-0.300541
3.27014e-09	-0.31393
3.27317e-09	-0.326754
3.2762e-09	-0.33898
3.27922e-09	-0.350577
3.28225e-09	-0.361518
3.28528e-09	-0.371773
3.28831e-09	-0.381316
3.29134e-09	-0.390122
3.29436e-09	-0.398167
3.29739e-09	-0.405429
3.30042e-09	-0.411886
3.30345e-09	-0.417518
3.30648e-09	-0.422309
3.3095e-09	-0.426242
3.31253e-09	-0.429303
3.31556e-09	-0.431479
3.31859e-09	-0.432759
3.32162e-09	-0.433134
3.32464e-09	-0.432598
3.32767e-09	-0.431145
3.3307e-09	-0.428771
3.33373e-09	-0.425476
3.33675e-09	-0.42126
3.33978e-09	-0.416126
3.34281e-09	-0.410078
3.34584e-09	-0.403123
3.34887e-09	-0.39527
3.35189e-09	-0.386529
3.35492e-09	-0.376912
3.35795e-09	-0.366435
3.36098e-09	-0.355112
3.36401e-09	-0.342964
3.36703e-09	-0.33001
3.37006e-09	-0.316272
3.37309e-09	-0.301774
3.37612e-09	-0.286542
3.37915e-09	-0.270603
3.38217e-09	-0.253986
3.3852e-09	-0.236723
3.38823e-09	-0.218845
3.39126e-09	-0.200386
3.39429e-09	-0.181382
3.39731e-09	-0.16187
3.40034e-09	-0.141888
3.40337e-09	-0.121474
3.4064e-09	-0.10067
3.40942e-09	-0.0795166
3.41245e-09	-0.0580573
3.41548e-09	-0.0363352
3.41851e-09	-0.014395
3.42154e-09	0.00771841
3.42456e-09	0.029959
3.42759e-09	0.0522805
3.43062e-09	0.074636
3.43365e-09	0.0969782
3.43668e-09	0.11926
3.4397e-09	0.141433
3.44273e-09	0.163449
3.44576e-09	0.185262
3.44879e-09	0.206823
3.45182e-09	0.228085
3.45484e-09	0.249002
3.45787e-09	0.269525
3.4609e-09	0.28961
3.46393e-09	0.309211
3.46695e-09	0.328284
3.46998e-09	0.346784
3.47301e-09	0.364669
3.47604e-09	0.381897
3.47907e-09	0.398427
3.48209e-09	0.41422
3.48512e-09	0.429238
3.48815e-09	0.443444
3.49118e-09	0.456803
3.49421e-09	0.469282
3.49723e-09	0.480848
3.50026e-09	0.491472
3.50329e-09	0.501125
3.50632e-09	0.50978
3.50935e-09	0.517415
3.51237e-09	0.524005
3.5154e-09	0.529531
3.51843e-09	0.533974
3.52146e-09	0.53732
3.52449e-09	0.539553
3.52751e-09	0.540663
3.53054e-09	0.54064
3.53357e-09	0.539478
3.5366e-09	0.537173
3.53962e-09	0.533723
3.54265e-09	0.529127
3.54568e-09	0.52339
3.54871e-09	0.516517
3.55174e-09	0.508515
3.55476e-09	0.499395
3.55779e-09	0.48917
3.56082e-09	0.477855
3.56385e-09	0.465467
3.56688e-09	0.452028
3.5699e-09	0.437558
3.57293e-09	0.422083
3.57596e-09	0.405631
3.57899e-09	0.388229
3.58202e-09	0.36991
3.58504e-09	0.350708
3.58807e-09	0.330657
3.5911e-09	0.309796
3.59413e-09	0.288164
3.59715e-09	0.265803
3.60018e-09	0.242757
3.60321e-09	0.219069
3.60624e-09	0.194787
3.60927e-09	0.169959
3.61229e-09	0.144634
3.61532e-09	0.118864
3.61835e-09	0.0927
3.62138e-09	0.066196
3.62441e-09	0.0394061
3.62743e-09	0.0123855
3.63046e-09	-0.0148098
3.63349e-09	-0.0421231
3.63652e-09	-0.0694972
3.63955e-09	-0.0968744
3.64257e-09	-0.124197
3.6456e-09	-0.151406
3.64863e-09	-0.178444
3.65166e-09	-0.205252
3.65469e-09	-0.231772
3.65771e-09	-0.257948
3.66074e-09	-0.28372
3.66377e-09	-0.309033
3.6668e-09	-0.333831
3.66982e-09	-0.358058
3.67285e-09	-0.38166
3.67588e-09	-0.404583
3.67891e-09	-0.426776
3.68194e-09	-0.448188
3.68496e-09	-0.468768
3.68799e-09	-0.48847
3.69102e-09	-0.507247
3.69405e-09	-0.525054
3.69708e-09	-0.541849
3.7001e-09	-0.557591
3.70313e-09	-0.57224
3.70616e-09	-0.585762
3.70919e-09	-0.59812
3.71222e-09	-0.609283
3.71524e-09	-0.619222
3.71827e-09	-0.627908
3.7213e-09	-0.635318
3.72433e-09	-0.641429
3.72735e-09	-0.646222
3.73038e-09	-0.649679
3.73341e-09	-0.651788
3.73644e-09	-0.652536
3.73947e-09	-0.651915
3.74249e-09	-0.649921
3.74552e-09	-0.64655
3.74855e-09	-0.641803
3.75158e-09	-0.635682
3.75461e-09	-0.628195
3.75763e-09	-0.619351
3.76066e-09	-0.609161
3.76369e-09	-0.59764
3.76672e-09	-0.584807
3.76975e-09	-0.570683
3.77277e-09	-0.555291
3.7758e-09	-0.538657
3.77883e-09	-0.520811
3.78186e-09	-0.501785
3.78489e-09	-0.481614
3.78791e-09	-0.460334
3.79094e-09	-0.437987
3.79397e-09	-0.414613
3.797e-09	-0.390257
3.80002e-09	-0.364968
3.80305e-09	-0.338792
3.80608e-09	-0.311783
3.80911e-09	-0.283994
3.81214e-09	-0.255478
3.81516e-09	-0.226294
3.81819e-09	-0.196501
3.82122e-09	-0.166158
3.82425e-09	-0.135327
3.82728e-09	-0.104071
3.8303e-09	-0.0724541
3.83333e-09	-0.0405423
3.83636e-09	-0.00840131
3.83939e-09	0.0239019
3.84242e-09	0.0562996
3.84544e-09	0.0887237
3.84847e-09	0.121106
3.8515e-09	0.153377
3.85453e-09	0.185469
3.85755e-09	0.217313
3.86058e-09	0.24884
3.86361e-09	0.279982
3.86664e-09	0.310672
3.86967e-09	0.340843
3.87269e-09	0.370428
3.87572e-09	0.399363
3.87875e-09	0.427584
3.88178e-09	0.455028
3.88481e-09	0.481633
3.88783e-09	0.50734
3.89086e-09	0.532091
3.89389e-09	0.555828
3.89692e-09	0.578499
3.89995e-09	0.600049
3.90297e-09	0.620429
3.906e-09	0.639592
3.90903e-09	0.65749
3.91206e-09	0.674083
3.91509e-09	0.689327
3.91811e-09	0.703187
3.92114e-09	0.715627
3.92417e-09	0.726615
3.9272e-09	0.736122
3.93022e-09	0.744121
3.93325e-09	0.750591
3.93628e-09	0.75551
3.93931e-09	0.758862
3.94234e-09	0.760634
3.94536e-09	0.760816
3.94839e-09	0.759402
3.95142e-09	0.756387
3.95445e-09	0.751772
3.95748e-09	0.74556
3.9605e-09	0.737759
3.96353e-09	0.728379
3.96656e-09	0.717432
3.96959e-09	0.704937
3.97262e-09	0.690914
3.97564e-09	0.675387
3.97867e-09	0.658382
3.9817e-09	0.63993
3.98473e-09	0.620065
3.98776e-09	0.598823
3.99078e-09	0.576244
3.99381e-09	0.552371
3.99684e-09	0.527248
3.99987e-09	0.500926
4.00289e-09	0.473454
4.00592e-09	0.444887
4.00895e-09	0.415281
4.01198e-09	0.384695
4.01501e-09	0.353189
4.01803e-09	0.320828
4.02106e-09	0.287676
4.02409e-09	0.253801
4.02712e-09	0.219271
4.03015e-09	0.184157
4.03317e-09	0.148532
4.0362e-09	0.112469
4.03923e-09	0.0760415
4.04226e-09	0.0393266
4.04529e-09	0.00240026
4.04831e-09	-0.0346601
4.05134e-09	-0.0717766
4.05437e-09	-0.108871
4.0574e-09	-0.145865
4.06042e-09	-0.18268
4.06345e-09	-0.219238
4.06648e-09	-0.25546
4.06951e-09	-0.291269
4.07254e-09	-0.326588
4.07556e-09	-0.361341
4.07859e-09	-0.395452
4.08162e-09	-0.428847
4.08465e-09	-0.461453
4.08768e-09	-0.493199
4.0907e-09	-0.524014
4.09373e-09	-0.553831
4.09676e-09	-0.582584
4.09979e-09	-0.610208
4.10282e-09	-0.636641
4.10584e-09	-0.661824
4.10887e-09	-0.685699
4.1119e-09	-0.708212
4.11493e-09	-0.729311
4.11796e-09	-0.748947
4.12098e-09	-0.767074
4.12401e-09	-0.783649
4.12704e-09	-0.798632
4.13007e-09	-0.811986
4.13309e-09	-0.823679
4.13612e-09	-0.83368
4.13915e-09	-0.841963
4.14218e-09	-0.848505
4.14521e-09	-0.853288
4.14823e-09	-0.856296
4.15126e-09	-0.857518
4.15429e-09	-0.856945
4.15732e-09	-0.854572
4.16035e-09	-0.850402
4.16337e-09	-0.844435
4.1664e-09	-0.83668
4.16943e-09	-0.827149
4.17246e-09	-0.815855
4.17549e-09	-0.802818
4.17851e-09	-0.788061
4.18154e-09	-0.771609
4.18457e-09	-0.753492
4.1876e-09	-0.733745
4.19062e-09	-0.712403
4.19365e-09	-0.689509
4.19668e-09	-0.665105
4.19971e-09	-0.639239
4.20274e-09	-0.611962
4.20576e-09	-0.583327
4.20879e-09	-0.553391
4.21182e-09	-0.522214
4.21485e-09	-0.489859
4.21788e-09	-0.456389
4.2209e-09	-0.421874
4.22393e-09	-0.386383
4.22696e-09	-0.349989
4.22999e-09	-0.312765
4.23302e-09	-0.274789
4.23604e-09	-0.236138
4.23907e-09	-0.196893
4.2421e-09	-0.157134
4.24513e-09	-0.116945
4.24816e-09	-0.0764088
4.25118e-09	-0.0356102
4.25421e-09	0.00536535
4.25724e-09	0.0464317
4.26027e-09	0.0875025
4.26329e-09	0.128491
4.26632e-09	0.169311
4.26935e-09	0.209875
4.27238e-09	0.250097
4.27541e-09	0.289892
4.27843e-09	0.329175
4.28146e-09	0.367861
4.28449e-09	0.405867
4.28752e-09	0.443113
4.29055e-09	0.479516
4.29357e-09	0.514999
4.2966e-09	0.549485
4.29963e-09	0.582898
4.30266e-09	0.615166
4.30569e-09	0.646218
4.30871e-09	0.675986
4.31174e-09	0.704403
4.31477e-09	0.731408
4.3178e-09	0.756939
4.32082e-09	0.780941
4.32385e-09	0.803358
4.32688e-09	0.824141
4.32991e-09	0.843242
4.33294e-09	0.860616
4.33596e-09	0.876225
4.33899e-09	0.89003
4.34202e-09	0.902
4.34505e-09	0.912105
4.34808e-09	0.92032
4.3511e-09	0.926623
4.35413e-09	0.930999
4.35716e-09	0.933433
4.36019e-09	0.933916
4.36322e-09	0.932444
4.36624e-09	0.929016
4.36927e-09	0.923636
4.3723e-09	0.91631
4.37533e-09	0.907051
4.37836e-09	0.895874
4.38138e-09	0.882799
4.38441e-09	0.867851
4.38744e-09	0.851057
4.39047e-09	0.83245
4.39349e-09	0.812065
4.39652e-09	0.789942
4.39955e-09	0.766124
4.40258e-09	0.740659
4.40561e-09	0.713598
4.40863e-09	0.684994
4.41166e-09	0.654905
4.41469e-09	0.623393
4.41772e-09	0.590521
4.42075e-09	0.556356
4.42377e-09	0.520968
4.4268e-09	0.48443
4.42983e-09	0.446817
4.43286e-09	0.408205
4.43589e-09	0.368676
4.43891e-09	0.328311
4.44194e-09	0.287193
4.44497e-09	0.245409
4.448e-09	0.203044
4.45102e-09	0.160189
4.45405e-09	0.116931
4.45708e-09	0.0733625
4.46011e-09	0.029574
4.46314e-09	-0.0143423
4.46616e-09	-0.0582941
4.46919e-09	-0.102189
4.47222e-09	-0.145933
4.47525e-09	-0.189436
4.47828e-09	-0.232604
4.4813e-09	-0.275347
4.48433e-09	-0.317573
4.48736e-09	-0.359192
4.49039e-09	-0.400117
4.49342e-09	-0.44026
4.49644e-09	-0.479535
4.49947e-09	-0.517859
4.5025e-09	-0.555149
4.50553e-09	-0.591325
4.50856e-09	-0.62631
4.51158e-09	-0.660029
4.51461e-09	-0.692408
4.51764e-09	-0.723378
4.52067e-09	-0.752872
4.52369e-09	-0.780825
4.52672e-09	-0.807178
4.52975e-09	-0.831872
4.53278e-09	-0.854854
4.53581e-09	-0.876073
4.53883e-09	-0.895482
4.54186e-09	-0.913039
4.54489e-09	-0.928705
4.54792e-09	-0.942444
4.55095e-09	-0.954225
4.55397e-09	-0.964021
4.557e-09	-0.97181
4.56003e-09	-0.977573
4.56306e-09	-0.981295
4.56609e-09	-0.982968
4.56911e-09	-0.982585
4.57214e-09	-0.980145
4.57517e-09	-0.975652
4.5782e-09	-0.969112
4.58122e-09	-0.960538
4.58425e-09	-0.949946
4.58728e-09	-0.937355
4.59031e-09	-0.922792
4.59334e-09	-0.906285
4.59636e-09	-0.887867
4.59939e-09	-0.867575
4.60242e-09	-0.84545
4.60545e-09	-0.821538
4.60848e-09	-0.795887
4.6115e-09	-0.768551
4.61453e-09	-0.739585
4.61756e-09	-0.709049
4.62059e-09	-0.677006
4.62362e-09	-0.643523
4.62664e-09	-0.608669
4.62967e-09	-0.572516
4.6327e-09	-0.535141
4.63573e-09	-0.49662
4.63876e-09	-0.457035
4.64178e-09	-0.416468
4.64481e-09	-0.375003
4.64784e-09	-0.332728
4.65087e-09	-0.289731
4.65389e-09	-0.246103
4.65692e-09	-0.201934
4.65995e-09	-0.157318
4.66298e-09	-0.112349
4.66601e-09	-0.0671198
4.66903e-09	-0.0217271
4.67206e-09	0.023734
4.67509e-09	0.0691677
4.67812e-09	0.114478
4.68115e-09	0.15957
4.68417e-09	0.204349
4.6872e-09	0.248719
4.69023e-09	0.292587
4.69326e-09	0.335861
4.69629e-09	0.37845
4.69931e-09	0.420262
4.70234e-09	0.46121
4.70537e-09	0.501208
4.7084e-09	0.54017
4.71143e-09	0.578014
4.71445e-09	0.614661
4.71748e-09	0.650032
4.72051e-09	0.684053
4.72354e-09	0.716652
4.72656e-09	0.74776
4.72959e-09	0.777311
4.73262e-09	0.805242
4.73565e-09	0.831494
4.73868e-09	0.856011
4.7417e-09	0.878742
4.74473e-09	0.899639
4.74776e-09	0.918656
4.75079e-09	0.935754
4.75382e-09	0.950897
4.75684e-09	0.964053
4.75987e-09	0.975192
4.7629e-09	0.984293
4.76593e-09	0.991336
4.76896e-09	0.996305
4.77198e-09	0.99919
4.77501e-09	0.999985
4.77804e-09	0.998689
4.78107e-09	0.995303
4.78409e-09	0.989836
4.78712e-09	0.982299
4.79015e-09	0.972708
4.79318e-09	0.961083
4.79621e-09	0.947448
4.79923e-09	0.931834
4.80226e-09	0.914272
4.80529e-09	0.8948
4.80832e-09	0.87346
4.81135e-09	0.850296
4.81437e-09	0.825358
4.8174e-09	0.798699
4.82043e-09	0.770374
4.82346e-09	0.740444
4.82649e-09	0.708973
4.82951e-09	0.676027
4.83254e-09	0.641676
4.83557e-09	0.605992
4.8386e-09	0.569051
4.84163e-09	0.530931
4.84465e-09	0.491713
4.84768e-09	0.45148
4.85071e-09	0.410317
4.85374e-09	0.368311
4.85676e-09	0.32555
4.85979e-09	0.282125
4.86282e-09	0.238128
4.86585e-09	0.193651
4.86888e-09	0.148789
4.8719e-09	0.103636
4.87493e-09	0.0582871
4.87796e-09	0.0128381
4.88099e-09	-0.0326154
4.88402e-09	-0.0779775
4.88704e-09	-0.123153
4.89007e-09	-0.168046
4.8931e-09	-0.212564
4.89613e-09	-0.256611
4.89916e-09	-0.300097
4.90218e-09	-0.342929
4.90521e-09	-0.385017
4.90824e-09	-0.426275
4.91127e-09	-0.466615
4.91429e-09	-0.505952
4.91732e-09	-0.544205
4.92035e-09	-0.581295
4.92338e-09	-0.617142
4.92641e-09	-0.651674
4.92943e-09	-0.684819
4.93246e-09	-0.716506
4.93549e-09	-0.746672
4.93852e-09	-0.775253
4.94155e-09	-0.80219
4.94457e-09	-0.827429
4.9476e-09	-0.850917
4.95063e-09	-0.872606
4.95366e-09	-0.892453
4.95669e-09	-0.910416
4.95971e-09	-0.926461
4.96274e-09	-0.940553
4.96577e-09	-0.952667
4.9688e-09	-0.962777
4.97183e-09	-0.970865
4.97485e-09	-0.976916
4.97788e-09	-0.980917
4.98091e-09	-0.982864
4.98394e-09	-0.982754
4.98696e-09	-0.98059
4.98999e-09	-0.976377
4.99302e-09	-0.970127
4.99605e-09	-0.961855
4.99908e-09	-0.951581
5.0021e-09	-0.939328
5.00513e-09	-0.925125
5.00816e-09	-0.909003
5.01119e-09	-0.890998
5.01422e-09	-0.871151
5.01724e-09	-0.849505
5.02027e-09	-0.826108
5.0233e-09	-0.801011
5.02633e-09	-0.77427
5.02936e-09	-0.745941
5.03238e-09	-0.716088
5.03541e-09	-0.684774
5.03844e-09	-0.652067
5.04147e-09	-0.618039
5.04449e-09	-0.582761
5.04752e-09	-0.546311
5.05055e-09	-0.508766
5.05358e-09	-0.470207
5.05661e-09	-0.430716
5.05963e-09	-0.390377
5.06266e-09	-0.349278
5.06569e-09	-0.307505
5.06872e-09	-0.265147
5.07175e-09	-0.222294
5.07477e-09	-0.179037
5.0778e-09	-0.135468
5.08083e-09	-0.0916794
5.08386e-09	-0.0477627
5.08689e-09	-0.00381099
5.08991e-09	0.0400831
5.09294e-09	0.0838273
5.09597e-09	0.12733
5.099e-09	0.170499
5.10203e-09	0.213245
5.10505e-09	0.255478
5.10808e-09	0.297111
5.11111e-09	0.338056
5.11414e-09	0.378229
5.11716e-09	0.417545
5.12019e-09	0.455925
5.12322e-09	0.493287
5.12625e-09	0.529557
5.12928e-09	0.564658
5.1323e-09	0.598519
5.13533e-09	0.631071
5.13836e-09	0.662248
5.14139e-09	0.691986
5.14442e-09	0.720226
5.14744e-09	0.746909
5.15047e-09	0.771984
5.1535e-09	0.7954
5.15653e-09	0.81711
5.15956e-09	0.837073
5.16258e-09	0.855249
5.16561e-09	0.871603
5.16864e-09	0.886104
5.17167e-09	0.898726
5.17469e-09	0.909445
5.17772e-09	0.918242
5.18075e-09	0.925103
5.18378e-09	0.930016
5.18681e-09	0.932975
5.18983e-09	0.933978
5.19286e-09	0.933027
5.19589e-09	0.930127
5.19892e-09	0.925288
5.20195e-09	0.918524
5.20497e-09	0.909854
5.208e-09	0.8993
5.21103e-09	0.886888
5.21406e-09	0.872647
5.21709e-09	0.856612
5.22011e-09	0.83882
5.22314e-09	0.819312
5.22617e-09	0.798133
5.2292e-09	0.775331
5.23223e-09	0.750958
5.23525e-09	0.725068
5.23828e-09	0.697719
5.24131e-09	0.668972
5.24434e-09	0.638891
5.24736e-09	0.607541
5.25039e-09	0.574992
5.25342e-09	0.541315
5.25645e-09	0.506584
5.25948e-09	0.470873
5.2625e-09	0.43426
5.26553e-09	0.396825
5.26856e-09	0.358648
5.27159e-09	0.319812
5.27462e-09	0.280399
5.27764e-09	0.240494
5.28067e-09	0.200181
5.2837e-09	0.159548
5.28673e-09	0.11868
5.28976e-09	0.0776641
5.29278e-09	0.0365864
5.29581e-09	-0.00446603
5.29884e-09	-0.045407
5.30187e-09	-0.0861505
5.3049e-09	-0.126611
5.30792e-09	-0.166705
5.31095e-09	-0.206348
5.31398e-09	-0.245458
5.31701e-09	-0.283955
5.32003e-09	-0.321757
5.32306e-09	-0.358789
5.32609e-09	-0.394974
5.32912e-09	-0.430238
5.33215e-09	-0.464508
5.33517e-09	-0.497717
5.3382e-09	-0.529796
5.34123e-09	-0.560681
5.34426e-09	-0.59031
5.34729e-09	-0.618624
5.35031e-09	-0.645568
5.35334e-09	-0.671088
5.35637e-09	-0.695135
5.3594e-09	-0.717661
5.36243e-09	-0.738624
5.36545e-09	-0.757984
5.36848e-09	-0.775704
5.37151e-09	-0.791753
5.37454e-09	-0.8061
5.37756e-09	-0.818721
5.38059e-09	-0.829594
5.38362e-09	-0.838701
5.38665e-09	-0.846028
5.38968e-09	-0.851565
5.3927e-09	-0.855305
5.39573e-09	-0.857246
5.39876e-09	-0.857388
5.40179e-09	-0.855738
5.40482e-09	-0.852303
5.40784e-09	-0.847097
5.41087e-09	-0.840136
5.4139e-09	-0.831438
5.41693e-09	-0.82103
5.41996e-09	-0.808936
5.42298e-09	-0.795188
5.42601e-09	-0.779821
5.42904e-09	-0.76287
5.43207e-09	-0.744377
5.4351e-09	-0.724387
5.43812e-09	-0.702944
5.44115e-09	-0.6801
5.44418e-09	-0.655906
5.44721e-09	-0.630418
5.45023e-09	-0.603694
5.45326e-09	-0.575794
5.45629e-09	-0.54678
5.45932e-09	-0.516718
5.46235e-09	-0.485673
5.46537e-09	-0.453714
5.4684e-09	-0.420913
5.47143e-09	-0.38734
5.47446e-09	-0.353068
5.47749e-09	-0.318173
5.48051e-09	-0.282729
5.48354e-09	-0.246814
5.48657e-09	-0.210505
5.4896e-09	-0.173878
5.49263e-09	-0.137013
5.49565e-09	-0.0999876
5.49868e-09	-0.0628806
5.50171e-09	-0.0257704
5.50474e-09	0.0112648
5.50776e-09	0.0481475
5.51079e-09	0.0848004
5.51382e-09	0.121147
5.51685e-09	0.157113
5.51988e-09	0.192622
5.5229e-09	0.227602
5.52593e-09	0.261981
5.52896e-09	0.29569
5.53199e-09	0.328658
5.53502e-09	0.36082
5.53804e-09	0.392111
5.54107e-09	0.422468
5.5441e-09	0.45183
5.54713e-09	0.48014
5.55016e-09	0.507341
5.55318e-09	0.53338
5.55621e-09	0.558208
5.55924e-09	0.581775
5.56227e-09	0.604037
5.5653e-09	0.624953
5.56832e-09	0.644483
5.57135e-09	0.66259
5.57438e-09	0.679244
5.57741e-09	0.694413
5.58043e-09	0.708072
5.58346e-09	0.720197
5.58649e-09	0.73077
5.58952e-09	0.739773
5.59255e-09	0.747194
5.59557e-09	0.753024
5.5986e-09	0.757255
5.60163e-09	0.759886
5.60466e-09	0.760918
5.60769e-09	0.760354
5.61071e-09	0.758202
5.61374e-09	0.754473
5.61677e-09	0.749181
5.6198e-09	0.742343
5.62283e-09	0.73398
5.62585e-09	0.724116
5.62888e-09	0.712777
5.63191e-09	0.699994
5.63494e-09	0.685799
5.63796e-09	0.670228
5.64099e-09	0.653319
5.64402e-09	0.635113
5.64705e-09	0.615654
5.65008e-09	0.594989
5.6531e-09	0.573166
5.65613e-09	0.550235
5.65916e-09	0.52625
5.66219e-09	0.501265
5.66522e-09	0.475337
5.66824e-09	0.448525
5.67127e-09	0.42089
5.6743e-09	0.392492
5.67733e-09	0.363395
5.68036e-09	0.333663
5.68338e-09	0.303362
5.68641e-09	0.272557
5.68944e-09	0.241317
5.69247e-09	0.209708
5.6955e-09	0.177798
5.69852e-09	0.145657
5.70155e-09	0.113353
5.70458e-09	0.0809545
5.70761e-09	0.0485304
5.71063e-09	0.0161492
5.71366e-09	-0.0161213
5.71669e-09	-0.0482134
5.71972e-09	-0.0800605
5.72275e-09	-0.111596
5.72577e-09	-0.142756
5.7288e-09	-0.173476
5.73183e-09	-0.203693
5.73486e-09	-0.233346
5.73789e-09	-0.262375
5.74091e-09	-0.290722
5.74394e-09	-0.318329
5.74697e-09	-0.345143
5.75e-09	-0.371111
5.75303e-09	-0.396181
5.75605e-09	-0.420305
5.75908e-09	-0.443437
5.76211e-09	-0.465533
5.76514e-09	-0.48655
5.76816e-09	-0.506451
5.77119e-09	-0.525197
5.77422e-09	-0.542755
5.77725e-09	-0.559094
5.78028e-09	-0.574184
5.7833e-09	-0.588001
5.78633e-09	-0.600521
5.78936e-09	-0.611724
5.79239e-09	-0.621593
5.79542e-09	-0.630114
5.79844e-09	-0.637274
5.80147e-09	-0.643066
5.8045e-09	-0.647483
5.80753e-09	-0.650524
5.81056e-09	-0.652189
5.81358e-09	-0.652481
5.81661e-09	-0.651406
5.81964e-09	-0.648973
5.82267e-09	-0.645194
5.8257e-09	-0.640084
5.82872e-09	-0.63366
5.83175e-09	-0.625942
5.83478e-09	-0.616953
5.83781e-09	-0.606719
5.84083e-09	-0.595266
5.84386e-09	-0.582626
5.84689e-09	-0.568831
5.84992e-09	-0.553916
5.85295e-09	-0.537919
5.85597e-09	-0.520877
5.859e-09	-0.502834
5.86203e-09	-0.483831
5.86506e-09	-0.463914
5.86809e-09	-0.44313
5.87111e-09	-0.421527
5.87414e-09	-0.399154
5.87717e-09	-0.376063
5.8802e-09	-0.352307
5.88323e-09	-0.327938
5.88625e-09	-0.303012
5.88928e-09	-0.277584
5.89231e-09	-0.251709
5.89534e-09	-0.225446
5.89837e-09	-0.198851
5.90139e-09	-0.171983
5.90442e-09	-0.144899
5.90745e-09	-0.117657
5.91048e-09	-0.0903162
5.9135e-09	-0.0629345
5.91653e-09	-0.0355698
5.91956e-09	-0.00827953
5.92259e-09	0.018879
5.92562e-09	0.0458494
5.92864e-09	0.0725758
5.93167e-09	0.0990032
5.9347e-09	0.125077
5.93773e-09	0.150746
5.94076e-09	0.175956
5.94378e-09	0.200658
5.94681e-09	0.224802
5.94984e-09	0.24834
5.95287e-09	0.271226
5.9559e-09	0.293416
5.95892e-09	0.314867
5.96195e-09	0.335537
5.96498e-09	0.355388
5.96801e-09	0.374382
5.97103e-09	0.392484
5.97406e-09	0.409661
5.97709e-09	0.425882
5.98012e-09	0.441118
5.98315e-09	0.455343
5.98617e-09	0.468533
5.9892e-09	0.480665
5.99223e-09	0.49172
5.99526e-09	0.501682
5.99829e-09	0.510535
6.00131e-09	0.518267
6.00434e-09	0.524869
6.00737e-09	0.530333
6.0104e-09	0.534654
6.01343e-09	0.53783
6.01645e-09	0.539861
6.01948e-09	0.540749
6.02251e-09	0.5405
6.02554e-09	0.53912
6.02857e-09	0.536619
6.03159e-09	0.533009
6.03462e-09	0.528304
6.03765e-09	0.522522
6.04068e-09	0.515679
6.0437e-09	0.507798
6.04673e-09	0.498901
6.04976e-09	0.489013
6.05279e-09	0.478161
6.05582e-09	0.466373
6.05884e-09	0.45368
6.06187e-09	0.440115
6.0649e-09	0.425711
6.06793e-09	0.410504
6.07096e-09	0.394531
6.07398e-09	0.37783
6.07701e-09	0.360441
6.08004e-09	0.342405
6.08307e-09	0.323764
6.0861e-09	0.304561
6.08912e-09	0.284839
6.09215e-09	0.264645
6.09518e-09	0.244023
6.09821e-09	0.22302
6.10123e-09	0.201681
6.10426e-09	0.180056
6.10729e-09	0.15819
6.11032e-09	0.136131
6.11335e-09	0.113928
6.11637e-09	0.0916276
6.1194e-09	0.0692779
6.12243e-09	0.0469263
6.12546e-09	0.0246199
6.12849e-09	0.00240557
6.13151e-09	-0.0196705
6.13454e-09	-0.0415625
6.13757e-09	-0.0632256
6.1406e-09	-0.0846155
6.14363e-09	-0.105689
6.14665e-09	-0.126403
6.14968e-09	-0.146717
6.15271e-09	-0.166591
6.15574e-09	-0.185984
6.15877e-09	-0.204861
6.16179e-09	-0.223183
6.16482e-09	-0.240917
6.16785e-09	-0.258028
6.17088e-09	-0.274485
6.1739e-09	-0.290258
6.17693e-09	-0.305316
6.17996e-09	-0.319634
6.18299e-09	-0.333187
6.18602e-09	-0.34595
6.18904e-09	-0.357902
6.19207e-09	-0.369023
6.1951e-09	-0.379296
6.19813e-09	-0.388704
6.20116e-09	-0.397234
6.20418e-09	-0.404872
6.20721e-09	-0.411611
6.21024e-09	-0.41744
6.21327e-09	-0.422354
6.2163e-09	-0.42635
6.21932e-09	-0.429424
6.22235e-09	-0.431577
6.22538e-09	-0.43281
6.22841e-09	-0.433127
6.23143e-09	-0.432534
6.23446e-09	-0.431039
6.23749e-09	-0.42865
6.24052e-09	-0.425379
6.24355e-09	-0.421239
6.24657e-09	-0.416245
6.2496e-09	-0.410413
6.25263e-09	-0.403761
6.25566e-09	-0.39631
6.25869e-09	-0.38808
6.26171e-09	-0.379095
6.26474e-09	-0.369379
6.26777e-09	-0.358957
6.2708e-09	-0.347857
6.27383e-09	-0.336106
6.27685e-09	-0.323734
6.27988e-09	-0.310772
6.28291e-09	-0.297251
6.28594e-09	-0.283204
6.28897e-09	-0.268664
6.29199e-09	-0.253666
6.29502e-09	-0.238244
6.29805e-09	-0.222434
6.30108e-09	-0.206273
6.3041e-09	-0.189796
6.30713e-09	-0.173041
6.31016e-09	-0.156046
6.31319e-09	-0.138848
6.31622e-09	-0.121484
6.31924e-09	-0.103993
6.32227e-09	-0.0864131
6.3253e-09	-0.0687812
6.32833e-09	-0.0511353
6.33136e-09	-0.0335127
6.33438e-09	-0.0159505
6.33741e-09	0.00151462
6.34044e-09	0.0188466
6.34347e-09	0.0360097
6.3465e-09	0.0529691
6.34952e-09	0.0696903
6.35255e-09	0.0861399
6.35558e-09	0.102285
6.35861e-09	0.118094
6.36163e-09	0.133536
6.36466e-09	0.148581
6.36769e-09	0.163201
6.37072e-09	0.177367
6.37375e-09	0.191053
6.37677e-09	0.204234
6.3798e-09	0.216886
6.38283e-09	0.228986
6.38586e-09	0.240513
6.38889e-09	0.251447
6.39191e-09	0.261769
6.39494e-09	0.271462
6.39797e-09	0.28051
6.401e-09	0.288901
6.40403e-09	0.296619
6.40705e-09	0.303656
6.41008e-09	0.31
6.41311e-09	0.315644
6.41614e-09	0.320582
6.41917e-09	0.324809
6.42219e-09	0.32832
6.42522e-09	0.331115
6.42825e-09	0.333193
6.43128e-09	0.334555
6.4343e-09	0.335204
6.43733e-09	0.335145
6.44036e-09	0.334382
6.44339e-09	0.332924
6.44642e-09	0.330778
6.44944e-09	0.327955
6.45247e-09	0.324466
6.4555e-09	0.320323
6.45853e-09	0.315542
6.46156e-09	0.310136
6.46458e-09	0.304123
6.46761e-09	0.297519
6.47064e-09	0.290344
6.47367e-09	0.282618
6.4767e-09	0.27436
6.47972e-09	0.265593
6.48275e-09	0.25634
6.48578e-09	0.246624
6.48881e-09	0.236469
6.49184e-09	0.225901
6.49486e-09	0.214944
6.49789e-09	0.203626
6.50092e-09	0.191974
6.50395e-09	0.180013
6.50697e-09	0.167774
6.51e-09	0.155283
6.51303e-09	0.142569
6.51606e-09	0.12966
6.51909e-09	0.116587
6.52211e-09	0.103377
6.52514e-09	0.0900603
6.52817e-09	0.0766651
6.5312e-09	0.0632208
6.53423e-09	0.0497562
6.53725e-09	0.0362998
6.54028e-09	0.0228801
6.54331e-09	0.00952522
6.54634e-09	-0.00373725
6.54937e-09	-0.01688
6.55239e-09	-0.0298762
6.55542e-09	-0.0426997
6.55845e-09	-0.0553247
6.56148e-09	-0.0677263
6.5645e-09	-0.0798801
6.56753e-09	-0.0917625
6.57056e-09	-0.103351
6.57359e-09	-0.114623
6.57662e-09	-0.125557
6.57964e-09	-0.136134
6.58267e-09	-0.146334
6.5857e-09	-0.156139
6.58873e-09	-0.165531
6.59176e-09	-0.174494
6.59478e-09	-0.183013
6.59781e-09	-0.191073
6.60084e-09	-0.198662
6.60387e-09	-0.205768
6.6069e-09	-0.212379
6.60992e-09	-0.218486
6.61295e-09	-0.224081
6.61598e-09	-0.229155
6.61901e-09	-0.233704
6.62204e-09	-0.237722
6.62506e-09	-0.241204
6.62809e-09	-0.244149
6.63112e-09	-0.246554
6.63415e-09	-0.24842
6.63717e-09	-0.249748
6.6402e-09	-0.250538
6.64323e-09	-0.250795
6.64626e-09	-0.250523
6.64929e-09	-0.249726
6.65231e-09	-0.248411
6.65534e-09	-0.246586
6.65837e-09	-0.244258
6.6614e-09	-0.241438
6.66443e-09	-0.238136
6.66745e-09	-0.234363
6.67048e-09	-0.230131
6.67351e-09	-0.225453
6.67654e-09	-0.220343
6.67957e-09	-0.214816
6.68259e-09	-0.208888
6.68562e-09	-0.202574
6.68865e-09	-0.195892
6.69168e-09	-0.188859
6.6947e-09	-0.181492
6.69773e-09	-0.173812
6.70076e-09	-0.165836
6.70379e-09	-0.157584
6.70682e-09	-0.149077
6.70984e-09	-0.140334
6.71287e-09	-0.131377
6.7159e-09	-0.122226
6.71893e-09	-0.112902
6.72196e-09	-0.103427
6.72498e-09	-0.093823
6.72801e-09	-0.0841103
6.73104e-09	-0.0743109
6.73407e-09	-0.0644464
6.7371e-09	-0.0545384
6.74012e-09	-0.0446081
6.74315e-09	-0.0346769
6.74618e-09	-0.0247658
6.74921e-09	-0.0148956
6.75224e-09	-0.00508672
6.75526e-09	0.00464051
6.75829e-09	0.0142663
6.76132e-09	0.0237712
6.76435e-09	0.0331362
6.76737e-09	0.0423428
6.7704e-09	0.051373
6.77343e-09	0.0602093
6.77646e-09	0.0688349
6.77949e-09	0.0772335
6.78251e-09	0.0853893
6.78554e-09	0.0932876
6.78857e-09	0.100914
6.7916e-09	0.108255
6.79463e-09	0.115297
6.79765e-09	0.122029
6.80068e-09	0.12844
6.80371e-09	0.134518
6.80674e-09	0.140255
6.80977e-09	0.145641
6.81279e-09	0.150668
6.81582e-09	0.155329
6.81885e-09	0.159618
6.82188e-09	0.163529
6.8249e-09	0.167057
6.82793e-09	0.1702
6.83096e-09	0.172954
6.83399e-09	0.175316
6.83702e-09	0.177286
6.84004e-09	0.178864
6.84307e-09	0.180049
6.8461e-09	0.180844
6.84913e-09	0.18125
6.85216e-09	0.18127
6.85518e-09	0.180908
6.85821e-09	0.180169
6.86124e-09	0.179058
6.86427e-09	0.177581
6.8673e-09	0.175744
6.87032e-09	0.173556
6.87335e-09	0.171024
6.87638e-09	0.168157
6.87941e-09	0.164964
6.88244e-09	0.161456
6.88546e-09	0.157643
6.88849e-09	0.153536
6.89152e-09	0.149147
6.89455e-09	0.144489
6.89757e-09	0.139572
6.9006e-09	0.134412
6.90363e-09	0.12902
6.90666e-09	0.123411
6.90969e-09	0.117599
6.91271e-09	0.111598
6.91574e-09	0.105423
6.91877e-09	0.099089
6.9218e-09	0.0926107
6.92483e-09	0.0860034
6.92785e-09	0.0792825
6.93088e-09	0.0724633
6.93391e-09	0.0655614
6.93694e-09	0.0585922
6.93997e-09	0.0515711
6.94299e-09	0.0445138
6.94602e-09	0.0374353
6.94905e-09	0.0303511
6.95208e-09	0.0232762
6.9551e-09	0.0162256
6.95813e-09	0.00921379
6.96116e-09	0.00225543
6.96419e-09	-0.00463531
6.96722e-09	-0.0114445
6.97024e-09	-0.0181586
6.97327e-09	-0.0247643
6.9763e-09	-0.0312486
6.97933e-09	-0.0375992
6.98236e-09	-0.043804
6.98538e-09	-0.0498512
6.98841e-09	-0.0557297
6.99144e-09	-0.0614288
6.99447e-09	-0.0669384
6.9975e-09	-0.0722485
7.00052e-09	-0.0773502
7.00355e-09	-0.0822348
7.00658e-09	-0.0868942
7.00961e-09	-0.0913209
7.01264e-09	-0.0955079
7.01566e-09	-0.0994489
7.01869e-09	-0.103138
7.02172e-09	-0.106571
7.02475e-09	-0.109742
7.02777e-09	-0.112647
7.0308e-09	-0.115284
7.03383e-09	-0.117649
7.03686e-09	-0.119741
7.03989e-09	-0.121558
7.04291e-09	-0.123098
7.04594e-09	-0.124362
7.04897e-09	-0.125351
7.052e-09	-0.126064
7.05503e-09	-0.126503
7.05805e-09	-0.126671
7.06108e-09	-0.12657
7.06411e-09	-0.126203
7.06714e-09	-0.125573
7.07017e-09	-0.124685
7.07319e-09	-0.123544
7.07622e-09	-0.122155
7.07925e-09	-0.120523
7.08228e-09	-0.118655
7.08531e-09	-0.116556
7.08833e-09	-0.114235
7.09136e-09	-0.111698
7.09439e-09	-0.108954
7.09742e-09	-0.106009
7.10044e-09	-0.102874
7.10347e-09	-0.0995558
7.1065e-09	-0.0960644
7.10953e-09	-0.0924089
7.11256e-09	-0.0885989
7.11558e-09	-0.0846443
7.11861e-09	-0.0805549
7.12164e-09	-0.076341
7.12467e-09	-0.072013
7.1277e-09	-0.0675813
7.13072e-09	-0.0630565
7.13375e-09	-0.0584493
7.13678e-09	-0.0537703
7.13981e-09	-0.0490303
7.14284e-09	-0.0442401
7.14586e-09	-0.0394104
7.14889e-09	-0.0345519
7.15192e-09	-0.0296753
7.15495e-09	-0.0247911
7.15797e-09	-0.0199098
7.161e-09	-0.0150418
7.16403e-09	-0.0101973
7.16706e-09	-0.00538625
7.17009e-09	-0.000618545
7.17311e-09	0.00409617
7.17614e-09	0.00874846
7.17917e-09	0.0133292
7.1822e-09	0.0178293
7.18523e-09	0.0222403
7.18825e-09	0.0265538
7.19128e-09	0.0307617
7.19431e-09	0.0348562
7.19734e-09	0.03883
7.20037e-09	0.042676
7.20339e-09	0.0463874
7.20642e-09	0.049958
7.20945e-09	0.0533817
7.21248e-09	0.056653
7.21551e-09	0.0597667
7.21853e-09	0.0627179
7.22156e-09	0.0655023
7.22459e-09	0.0681159
7.22762e-09	0.070555
7.23064e-09	0.0728166
7.23367e-09	0.0748979
7.2367e-09	0.0767965
7.23973e-09	0.0785106
7.24276e-09	0.0800386
7.24578e-09	0.0813795
7.24881e-09	0.0825326
7.25184e-09	0.0834976
7.25487e-09	0.0842748
7.2579e-09	0.0848646
7.26092e-09	0.085268
7.26395e-09	0.0854864
7.26698e-09	0.0855214
7.27001e-09	0.0853752
7.27304e-09	0.0850502
7.27606e-09	0.0845491
7.27909e-09	0.0838753
7.28212e-09	0.083032
7.28515e-09	0.0820232
7.28817e-09	0.080853
7.2912e-09	0.0795257
7.29423e-09	0.0780461
7.29726e-09	0.0764192
7.30029e-09	0.0746501
7.30331e-09	0.0727443
7.30634e-09	0.0707076
7.30937e-09	0.0685458
7.3124e-09	0.066265
7.31543e-09	0.0638715
7.31845e-09	0.0613718
7.32148e-09	0.0587724
7.32451e-09	0.0560802
7.32754e-09	0.053302
7.33057e-09	0.0504446
7.33359e-09	0.0475152
7.33662e-09	0.0445209
7.33965e-09	0.0414689
7.34268e-09	0.0383663
7.34571e-09	0.0352203
7.34873e-09	0.0320383
7.35176e-09	0.0288273
7.35479e-09	0.0255947
7.35782e-09	0.0223475
7.36084e-09	0.0190929
7.36387e-09	0.0158379
7.3669e-09	0.0125894
7.36993e-09	0.00935427
7.37296e-09	0.00613923
7.37598e-09	0.00295088
7.37901e-09	-0.000204296
7.38204e-09	-0.00332
7.38507e-09	-0.00639006
7.3881e-09	-0.00940852
7.39112e-09	-0.0123696
7.39415e-09	-0.0152676
7.39718e-09	-0.0180973
7.40021e-09	-0.0208533
7.40324e-09	-0.0235308
7.40626e-09	-0.0261251
7.40929e-09	-0.0286315
7.41232e-09	-0.031046
7.41535e-09	-0.0333644
7.41837e-09	-0.0355831
7.4214e-09	-0.0376985
7.42443e-09	-0.0397075
7.42746e-09	-0.041607
7.43049e-09	-0.0433945
7.43351e-09	-0.0450675
7.43654e-09	-0.0466239
7.43957e-09	-0.0480618
7.4426e-09	-0.0493797
7.44563e-09	-0.0505762
7.44865e-09	-0.0516504
7.45168e-09	-0.0526015
7.45471e-09	-0.0534291
7.45774e-09	-0.0541328
7.46077e-09	-0.0547129
7.46379e-09	-0.0551697
7.46682e-09	-0.0555037
7.46985e-09	-0.0557157
7.47288e-09	-0.055807
7.47591e-09	-0.0557788
7.47893e-09	-0.0556328
7.48196e-09	-0.0553706
7.48499e-09	-0.0549945
7.48802e-09	-0.0545067
7.49104e-09	-0.0539096
7.49407e-09	-0.0532059
7.4971e-09	-0.0523984
7.50013e-09	-0.0514904
7.50316e-09	-0.0504849
7.50618e-09	-0.0493854
7.50921e-09	-0.0481954
7.51224e-09	-0.0469188
7.51527e-09	-0.0455592
7.5183e-09	-0.0441207
7.52132e-09	-0.0426073
7.52435e-09	-0.0410234
7.52738e-09	-0.0393732
7.53041e-09	-0.037661
7.53344e-09	-0.0358913
7.53646e-09	-0.0340687
7.53949e-09	-0.0321977
7.54252e-09	-0.0302831
7.54555e-09	-0.0283293
7.54857e-09	-0.0263412
7.5516e-09	-0.0243233
7.55463e-09	-0.0222805
7.55766e-09	-0.0202174
7.56069e-09	-0.0181387
7.56371e-09	-0.0160489
7.56674e-09	-0.0139528
7.56977e-09	-0.0118549
7.5728e-09	-0.00975973
7.57583e-09	-0.00767165
7.57885e-09	-0.00559508
7.58188e-09	-0.00353428
7.58491e-09	-0.00149346
7.58794e-09	0.000523285
7.59097e-09	0.00251198
7.59399e-09	0.00446874
7.59702e-09	0.00638981
7.60005e-09	0.00827156
7.60308e-09	0.0101105
7.60611e-09	0.0119033
7.60913e-09	0.0136467
7.61216e-09	0.0153376
7.61519e-09	0.0169732
7.61822e-09	0.0185507
7.62124e-09	0.0200675
7.62427e-09	0.0215212
7.6273e-09	0.0229095
7.63033e-09	0.0242304
7.63336e-09	0.0254819
7.63638e-09	0.0266622
7.63941e-09	0.0277699
7.64244e-09	0.0288036
7.64547e-09	0.029762
7.6485e-09	0.0306441
7.65152e-09	0.031449
7.65455e-09	0.0321762
7.65758e-09	0.0328251
7.66061e-09	0.0333953
7.66364e-09	0.0338868
7.66666e-09	0.0342995
7.66969e-09	0.0346337
7.67272e-09	0.0348897
7.67575e-09	0.0350681
7.67878e-09	0.0351695
7.6818e-09	0.0351947
7.68483e-09	0.0351448
7.68786e-09	0.0350209
7.69089e-09	0.0348242
7.69391e-09	0.0345563
7.69694e-09	0.0342187
7.69997e-09	0.033813
7.703e-09	0.033341
7.70603e-09	0.0328047
7.70905e-09	0.0322062
7.71208e-09	0.0315476
7.71511e-09	0.030831
7.71814e-09	0.0300589
7.72117e-09	0.0292337
7.72419e-09	0.0283579
7.72722e-09	0.027434
7.73025e-09	0.0264648
7.73328e-09	0.0254528
7.73631e-09	0.024401
7.73933e-09	0.0233121
7.74236e-09	0.0221889
7.74539e-09	0.0210343
7.74842e-09	0.0198513
7.75144e-09	0.0186427
7.75447e-09	0.0174116
7.7575e-09	0.0161609
7.76053e-09	0.0148935
7.76356e-09	0.0136124
7.76658e-09	0.0123205
7.76961e-09	0.0110207
7.77264e-09	0.00971595
7.77567e-09	0.00840911
7.7787e-09	0.007103
7.78172e-09	0.0058004
7.78475e-09	0.00450405
7.78778e-09	0.00321664
7.79081e-09	0.0019408
7.79384e-09	0.000679095
7.79686e-09	-0.00056597
7.79989e-09	-0.00179197
7.80292e-09	-0.00299654
7.80595e-09	-0.00417743
7.80898e-09	-0.00533242
7.812e-09	-0.00645943
7.81503e-09	-0.00755644
7.81806e-09	-0.00862153
7.82109e-09	-0.00965288
7.82411e-09	-0.0106488
7.82714e-09	-0.0116075
7.83017e-09	-0.0125277
7.8332e-09	-0.0134079
7.83623e-09	-0.0142467
7.83925e-09	-0.015043
7.84228e-09	-0.0157957
7.84531e-09	-0.0165038
7.84834e-09	-0.0171664
7.85137e-09	-0.0177827
7.85439e-09	-0.0183522
7.85742e-09	-0.0188743
7.86045e-09	-0.0193485
7.86348e-09	-0.0197746
7.86651e-09	-0.0201523
7.86953e-09	-0.0204815
7.87256e-09	-0.0207622
7.87559e-09	-0.0209946
7.87862e-09	-0.0211788
7.88164e-09	-0.0213152
7.88467e-09	-0.0214041
7.8877e-09	-0.0214462
7.89073e-09	-0.0214419
7.89376e-09	-0.0213919
7.89678e-09	-0.0212971
7.89981e-09	-0.0211583
7.90284e-09	-0.0209765
7.90587e-09	-0.0207527
7.9089e-09	-0.0204879
7.91192e-09	-0.0201834
7.91495e-09	-0.0198404
7.91798e-09	-0.0194602
7.92101e-09	-0.0190442
7.92404e-09	-0.0185939
7.92706e-09	-0.0181105
7.93009e-09	-0.0175959
7.93312e-09	-0.0170513
7.93615e-09	-0.0164786
7.93918e-09	-0.0158794
7.9422e-09	-0.0152553
7.94523e-09	-0.014608
7.94826e-09	-0.0139393
7.95129e-09	-0.0132509
7.95431e-09	-0.0125447
7.95734e-09	-0.0118223
7.96037e-09	-0.0110856
7.9634e-09	-0.0103365
7.96643e-09	-0.00957656
7.96945e-09	-0.00880774
7.97248e-09	-0.00803178
7.97551e-09	-0.00725046
7.97854e-09	-0.00646553
7.98157e-09	-0.00567875
7.98459e-09	-0.00489181
7.98762e-09	-0.00410642
7.99065e-09	-0.00332424
7.99368e-09	-0.0025469
7.99671e-09	-0.001776
7.99973e-09	-0.00101309
8.00276e-09	-0.000259696
8.00579e-09	0.000482714
8.00882e-09	0.00121271
8.01184e-09	0.00192892
8.01487e-09	0.00263001
8.0179e-09	0.0033147
8.02093e-09	0.00398178
8.02396e-09	0.00463009
8.02698e-09	0.00525851
8.03001e-09	0.00586601
8.03304e-09	0.0064516
8.03607e-09	0.00701435
8.0391e-09	0.00755342
8.04212e-09	0.008068
8.04515e-09	0.00855738
8.04818e-09	0.00902088
8.05121e-09	0.00945792
8.05424e-09	0.00986795
8.05726e-09	0.0102505
8.06029e-09	0.0106052
8.06332e-09	0.0109318
8.06635e-09	0.0112299
8.06938e-09	0.0114993
8.0724e-09	0.0117399
8.07543e-09	0.0119517
8.07846e-09	0.0121347
8.08149e-09	0.0122888
8.08451e-09	0.0124142
8.08754e-09	0.0125112
8.09057e-09	0.0125799
8.0936e-09	0.0126206
8.09663e-09	0.0126337
8.09965e-09	0.0126196
8.10268e-09	0.0125787
8.10571e-09	0.0125116
8.10874e-09	0.0124188
8.11177e-09	0.0123009
8.11479e-09	0.0121585
8.11782e-09	0.0119925
8.12085e-09	0.0118034
8.12388e-09	0.0115921
8.12691e-09	0.0113593
8.12993e-09	0.0111059
8.13296e-09	0.0108329
8.13599e-09	0.010541
8.13902e-09	0.0102312
8.14204e-09	0.00990446
8.14507e-09	0.00956176
8.1481e-09	0.00920409
8.15113e-09	0.00883244
8.15416e-09	0.00844785
8.15718e-09	0.00805136
8.16021e-09	0.00764399
8.16324e-09	0.00722681
8.16627e-09	0.00680087
8.1693e-09	0.00636723
8.17232e-09	0.00592694
8.17535e-09	0.00548106
8.17838e-09	0.00503064
8.18141e-09	0.00457673
8.18444e-09	0.00412035
8.18746e-09	0.00366254
8.19049e-09	0.00320429
8.19352e-09	0.00274661
8.19655e-09	0.00229047
8.19958e-09	0.00183683
8.2026e-09	0.00138662
8.20563e-09	0.00094076
8.20866e-09	0.000500143
8.21169e-09	6.56308e-05
8.21471e-09	-0.00036194
8.21774e-09	-0.00078176
8.22077e-09	-0.00119305
8.2238e-09	-0.00159506
8.22683e-09	-0.00198709
8.22985e-09	-0.00236843
8.23288e-09	-0.00273846
8.23591e-09	-0.00309655
8.23894e-09	-0.00344213
8.24197e-09	-0.00377466
8.24499e-09	-0.00409363
8.24802e-09	-0.00439858
8.25105e-09	-0.00468908
8.25408e-09	-0.00496475
8.25711e-09	-0.00522523
8.26013e-09	-0.00547021
8.26316e-09	-0.00569942
8.26619e-09	-0.00591262
8.26922e-09	-0.00610961
8.27224e-09	-0.00629025
8.27527e-09	-0.00645441
8.2783e-09	-0.006602
8.28133e-09	-0.00673299
8.28436e-09	-0.00684737
8.28738e-09	-0.00694517
8.29041e-09	-0.00702644
8.29344e-09	-0.00709129
8.29647e-09	-0.00713985
8.2995e-09	-0.0071723
8.30252e-09	-0.00718881
8.30555e-09	-0.00718964
8.30858e-09	-0.00717503
8.31161e-09	-0.00714527
8.31464e-09	-0.00710069
8.31766e-09	-0.00704163
8.32069e-09	-0.00696845
8.32372e-09	-0.00688155
8.32675e-09	-0.00678135
8.32978e-09	-0.00666829
8.3328e-09	-0.00654283
8.33583e-09	-0.00640544
8.33886e-09	-0.00625663
8.34189e-09	-0.00609691
8.34491e-09	-0.00592681
8.34794e-09	-0.00574686
8.35097e-09	-0.00555763
8.354e-09	-0.00535968
8.35703e-09	-0.00515358
8.36005e-09	-0.00493992
8.36308e-09	-0.00471929
8.36611e-09	-0.00449228
8.36914e-09	-0.00425949
8.37217e-09	-0.00402152
8.37519e-09	-0.00377897
8.37822e-09	-0.00353245
8.38125e-09	-0.00328256
8.38428e-09	-0.00302989
8.38731e-09	-0.00277504
8.39033e-09	-0.00251859
8.39336e-09	-0.00226113
8.39639e-09	-0.00200323
8.39942e-09	-0.00174545
8.40245e-09	-0.00148835
8.40547e-09	-0.00123248
8.4085e-09	-0.00097836
8.41153e-09	-0.000726518
8.41456e-09	-0.000477456
8.41758e-09	-0.000231666
8.42061e-09	1.03779e-05
8.42364e-09	0.000248216
8.42667e-09	0.000481408
8.4297e-09	0.000709528
8.43272e-09	0.000932171
8.43575e-09	0.00114895
8.43878e-09	0.0013595
8.44181e-09	0.00156347
8.44484e-09	0.00176053
8.44786e-09	0.00195038
8.45089e-09	0.00213273
8.45392e-09	0.00230732
8.45695e-09	0.0024739
8.45998e-09	0.00263226
8.463e-09	0.00278219
8.46603e-09	0.00292352
8.46906e-09	0.00305609
8.47209e-09	0.00317976
8.47511e-09	0.00329443
8.47814e-09	0.0034
8.48117e-09	0.0034964
8.4842e-09	0.00358359
8.48723e-09	0.00366154
8.49025e-09	0.00373024
8.49328e-09	0.00378971
8.49631e-09	0.00383997
8.49934e-09	0.00388108
8.50237e-09	0.00391312
8.50539e-09	0.00393617
8.50842e-09	0.00395035
8.51145e-09	0.00395577
8.51448e-09	0.00395258
8.51751e-09	0.00394094
8.52053e-09	0.00392103
8.52356e-09	0.00389302
8.52659e-09	0.00385714
8.52962e-09	0.00381359
8.53265e-09	0.0037626
8.53567e-09	0.00370443
8.5387e-09	0.00363931
8.54173e-09	0.00356752
8.54476e-09	0.00348933
8.54778e-09	0.00340502
8.55081e-09	0.00331488
8.55384e-09	0.00321922
8.55687e-09	0.00311834
8.5599e-09	0.00301255
8.56292e-09	0.00290217
8.56595e-09	0.00278752
8.56898e-09	0.00266892
8.57201e-09	0.00254671
8.57504e-09	0.0024212
8.57806e-09	0.00229274
8.58109e-09	0.00216166
8.58412e-09	0.00202828
8.58715e-09	0.00189294
8.59018e-09	0.00175597
8.5932e-09	0.00161768
8.59623e-09	0.00147841
8.59926e-09	0.00133848
8.60229e-09	0.0011982
8.60531e-09	0.00105788
8.60834e-09	0.000917823
8.61137e-09	0.000778334
8.6144e-09	0.000639702
8.61743e-09	0.000502212
8.62045e-09	0.000366143
8.62348e-09	0.000231764
8.62651e-09	9.93356e-05
8.62954e-09	-3.08905e-05
8.63257e-09	-0.000158672
8.63559e-09	-0.000283775
8.63862e-09	-0.000405978
8.64165e-09	-0.000525068
8.64468e-09	-0.000640844
8.64771e-09	-0.000753115
8.65073e-09	-0.000861701
8.65376e-09	-0.000966434
8.65679e-09	-0.00106716
8.65982e-09	-0.00116373
8.66285e-09	-0.001256
8.66587e-09	-0.00134387
8.6689e-09	-0.00142722
8.67193e-09	-0.00150596
8.67496e-09	-0.00157998
8.67798e-09	-0.00164923
8.68101e-09	-0.00171364
8.68404e-09	-0.00177316
8.68707e-09	-0.00182775
8.6901e-09	-0.00187738
8.69312e-09	-0.00192204
8.69615e-09	-0.00196172
8.69918e-09	-0.00199642
8.70221e-09	-0.00202617
8.70524e-09	-0.00205099
8.70826e-09	-0.00207092
8.71129e-09	-0.002086
8.71432e-09	-0.0020963
8.71735e-09	-0.00210188
8.72038e-09	-0.00210281
8.7234e-09	-0.00209919
8.72643e-09	-0.00209109
8.72946e-09	-0.00207863
8.73249e-09	-0.00206192
8.73551e-09	-0.00204106
8.73854e-09	-0.00201618
8.74157e-09	-0.00198741
8.7446e-09	-0.00195489
8.74763e-09	-0.00191875
8.75065e-09	-0.00187915
8.75368e-09	-0.00183623
8.75671e-09	-0.00179016
8.75974e-09	-0.00174108
8.76277e-09	-0.00168916
8.76579e-09	-0.00163457
8.76882e-09	-0.00157748
8.77185e-09	-0.00151806
8.77488e-09	-0.00145648
8.77791e-09	-0.00139292
8.78093e-09	-0.00132756
8.78396e-09	-0.00126056
8.78699e-09	-0.0011921
8.79002e-09	-0.00112237
8.79305e-09	-0.00105154
8.79607e-09	-0.000979783
8.7991e-09	-0.000907271
8.80213e-09	-0.000834179
8.80516e-09	-0.000760676
8.80818e-09	-0.000686931
8.81121e-09	-0.000613107
8.81424e-09	-0.000539369
8.81727e-09	-0.000465873
8.8203e-09	-0.000392777
8.82332e-09	-0.00032023
8.82635e-09	-0.000248382
8.82938e-09	-0.000177375
8.83241e-09	-0.000107347
8.83544e-09	-3.84318e-05
8.83846e-09	2.9241e-05
8.84149e-09	9.55482e-05
8.84452e-09	0.000160372
8.84755e-09	0.000223599
8.85058e-09	0.000285122
8.8536e-09	0.00034484
8.85663e-09	0.000402659
8.85966e-09	0.000458488
8.86269e-09	0.000512243
8.86571e-09	0.000563849
8.86874e-09	0.000613234
8.87177e-09	0.000660333
8.8748e-09	0.000705088
8.87783e-09	0.000747447
8.88085e-09	0.000787363
8.88388e-09	0.000824797
8.88691e-09	0.000859716
8.88994e-09	0.000892091
8.89297e-09	0.000921903
8.89599e-09	0.000949136
8.89902e-09	0.00097378
8.90205e-09	0.000995832
8.90508e-09	0.00101529
8.90811e-09	0.00103218
8.91113e-09	0.00104649
8.91416e-09	0.00105825
8.91719e-09	0.00106749
8.92022e-09	0.00107424
8.92325e-09	0.00107852
8.92627e-09	0.00108038
8.9293e-09	0.00107986
8.93233e-09	0.00107701
8.93536e-09	0.00107187
8.93838e-09	0.00106452
8.94141e-09	0.001055
8.94444e-09	0.00104338
8.94747e-09	0.00102973
8.9505e-09	0.00101411
8.95352e-09	0.000996598
8.95655e-09	0.000977272
8.95958e-09	0.000956208
8.96261e-09	0.000933487
8.96564e-09	0.00090919
8.96866e-09	0.000883403
8.97169e-09	0.00085621
8.97472e-09	0.000827699
8.97775e-09	0.000797958
8.98078e-09	0.000767077
8.9838e-09	0.000735145
8.98683e-09	0.000702254
8.98986e-09	0.000668493
8.99289e-09	0.000633955
8.99592e-09	0.00059873
8.99894e-09	0.000562909
9.00197e-09	0.000526581
9.005e-09	0.000489837
9.00803e-09	0.000452765
9.01105e-09	0.000415452
9.01408e-09	0.000377985
9.01711e-09	0.000340449
9.02014e-09	0.000302927
9.02317e-09	0.000265501
9.02619e-09	0.00022825
9.02922e-09	0.000191253
9.03225e-09	0.000154586
9.03528e-09	0.000118322
9.03831e-09	8.25315e-05
9.04133e-09	4.72842e-05
9.04436e-09	1.26459e-05
9.04739e-09	-2.13198e-05
9.05042e-09	-5.45524e-05
9.05345e-09	-8.69938e-05
9.05647e-09	-0.000118589
9.0595e-09	-0.000149286
9.06253e-09	-0.000179036
9.06556e-09	-0.000207794
9.06858e-09	-0.000235515
9.07161e-09	-0.00026216
9.07464e-09	-0.000287694
9.07767e-09	-0.000312083
9.0807e-09	-0.000335296
9.08372e-09	-0.000357306
9.08675e-09	-0.000378091
9.08978e-09	-0.000397628
9.09281e-09	-0.000415902
9.09584e-09	-0.000432898
9.09886e-09	-0.000448604
9.10189e-09	-0.000463012
9.10492e-09	-0.000476118
9.10795e-09	-0.000487919
9.11098e-09	-0.000498416
9.114e-09	-0.000507613
9.11703e-09	-0.000515517
9.12006e-09	-0.000522135
9.12309e-09	-0.000527481
9.12612e-09	-0.000531569
9.12914e-09	-0.000534415
9.13217e-09	-0.000536039
9.1352e-09	-0.000536463
9.13823e-09	-0.000535709
9.14125e-09	-0.000533805
9.14428e-09	-0.000530777
9.14731e-09	-0.000526656
9.15034e-09	-0.000521473
9.15337e-09	-0.000515261
9.15639e-09	-0.000508056
9.15942e-09	-0.000499893
9.16245e-09	-0.000490811
9.16548e-09	-0.000480847
9.16851e-09	-0.000470043
9.17153e-09	-0.00045844
9.17456e-09	-0.000446079
9.17759e-09	-0.000433003
9.18062e-09	-0.000419256
9.18365e-09	-0.000404881
9.18667e-09	-0.000389924
9.1897e-09	-0.000374429
9.19273e-09	-0.000358442
9.19576e-09	-0.000342007
9.19878e-09	-0.00032517
9.20181e-09	-0.000307977
9.20484e-09	-0.000290473
9.20787e-09	-0.000272702
9.2109e-09	-0.000254709
9.21392e-09	-0.000236538
9.21695e-09	-0.000218233
9.21998e-09	-0.000199836
9.22301e-09	-0.000181391
9.22604e-09	-0.000162938
9.22906e-09	-0.000144518
9.23209e-09	-0.000126171
9.23512e-09	-0.000107936
9.23815e-09	-8.98496e-05
9.24118e-09	-7.19494e-05
9.2442e-09	-5.42704e-05
9.24723e-09	-3.68468e-05
9.25026e-09	-1.97114e-05
9.25329e-09	-2.89577e-06
9.25632e-09	1.35699e-05
9.25934e-09	2.96569e-05
9.26237e-09	4.53378e-05
9.2654e-09	6.05868e-05
9.26843e-09	7.53796e-05
9.27145e-09	8.96934e-05
9.27448e-09	0.000103507
9.27751e-09	0.0001168
9.28054e-09	0.000129555
9.28357e-09	0.000141756
9.28659e-09	0.000153386
9.28962e-09	0.000164433
9.29265e-09	0.000174885
9.29568e-09	0.000184732
9.29871e-09	0.000193964
9.30173e-09	0.000202575
9.30476e-09	0.000210559
9.30779e-09	0.000217912
9.31082e-09	0.000224631
9.31385e-09	0.000230715
9.31687e-09	0.000236164
9.3199e-09	0.00024098
9.32293e-09	0.000245165
9.32596e-09	0.000248725
9.32898e-09	0.000251664
9.33201e-09	0.00025399
9.33504e-09	0.00025571
9.33807e-09	0.000256834
9.3411e-09	0.000257372
9.34412e-09	0.000257335
9.34715e-09	0.000256737
9.35018e-09	0.00025559
9.35321e-09	0.000253908
9.35624e-09	0.000251708
9.35926e-09	0.000249005
9.36229e-09	0.000245816
9.36532e-09	0.000242158
9.36835e-09	0.000238049
9.37138e-09	0.000233509
9.3744e-09	0.000228557
9.37743e-09	0.000223212
9.38046e-09	0.000217495
9.38349e-09	0.000211427
9.38652e-09	0.000205028
9.38954e-09	0.00019832
9.39257e-09	0.000191324
9.3956e-09	0.000184062
9.39863e-09	0.000176556
9.40165e-09	0.000168827
9.40468e-09	0.000160898
9.40771e-09	0.00015279
9.41074e-09	0.000144525
9.41377e-09	0.000136124
9.41679e-09	0.00012761
9.41982e-09	0.000119003
9.42285e-09	0.000110325
9.42588e-09	0.000101596
9.42891e-09	9.28356e-05
9.43193e-09	8.4065e-05
9.43496e-09	7.53034e-05
9.43799e-09	6.65699e-05
9.44102e-09	5.7883e-05
9.44405e-09	4.9261e-05
9.44707e-09	4.07214e-05
9.4501e-09	3.22812e-05
9.45313e-09	2.39569e-05
9.45616e-09	1.57641e-05
9.45918e-09	7.7182e-06
9.46221e-09	-1.66439e-07
9.46524e-09	-7.87596e-06
9.46827e-09	-1.53972e-05
9.4713e-09	-2.27178e-05
9.47432e-09	-2.9826e-05
9.47735e-09	-3.67108e-05
9.48038e-09	-4.33621e-05
9.48341e-09	-4.97702e-05
9.48644e-09	-5.59265e-05
9.48946e-09	-6.1823e-05
9.49249e-09	-6.74524e-05
9.49552e-09	-7.28082e-05
9.49855e-09	-7.78847e-05
9.50158e-09	-8.2677e-05
9.5046e-09	-8.71807e-05
9.50763e-09	-9.13924e-05
9.51066e-09	-9.53093e-05
9.51369e-09	-9.89292e-05
9.51672e-09	-0.000102251
9.51974e-09	-0.000105274
9.52277e-09	-0.000107998
9.5258e-09	-0.000110423
9.52883e-09	-0.000112552
9.53185e-09	-0.000114386
9.53488e-09	-0.000115927
9.53791e-09	-0.000117179
9.54094e-09	-0.000118145
9.54397e-09	-0.00011883
9.54699e-09	-0.000119239
