1.51395e-12	-0.000119301
4.54186e-12	-0.000118963
7.56977e-12	-0.000118351
1.05977e-11	-0.000117458
1.36256e-11	-0.00011628
1.66535e-11	-0.000114815
1.96814e-11	-0.000113058
2.27093e-11	-0.000111006
2.57372e-11	-0.000108658
2.87651e-11	-0.000106012
3.1793e-11	-0.000103067
3.48209e-11	-9.98228e-05
3.78489e-11	-9.62804e-05
4.08768e-11	-9.24406e-05
4.39047e-11	-8.83055e-05
4.69326e-11	-8.38775e-05
4.99605e-11	-7.91599e-05
5.29884e-11	-7.4157e-05
5.60163e-11	-6.88733e-05
5.90442e-11	-6.33146e-05
6.20721e-11	-5.7487e-05
6.51e-11	-5.13976e-05
6.81279e-11	-4.50542e-05
7.11558e-11	-3.84654e-05
7.41837e-11	-3.16404e-05
7.72117e-11	-2.45893e-05
8.02396e-11	-1.73229e-05
8.32675e-11	-9.85275e-06
8.62954e-11	-2.191e-06
8.93233e-11	5.64935e-06
9.23512e-11	1.36547e-05
9.53791e-11	2.18106e-05
9.8407e-11	3.01022e-05
1.01435e-10	3.85138e-05
1.04463e-10	4.70291e-05
1.07491e-10	5.56314e-05
1.10519e-10	6.4303e-05
1.13547e-10	7.30262e-05
1.16574e-10	8.17823e-05
1.19602e-10	9.05524e-05
1.2263e-10	9.9317e-05
1.25658e-10	0.000108056
1.28686e-10	0.00011675
1.31714e-10	0.000125377
1.34742e-10	0.000133918
1.3777e-10	0.00014235
1.40798e-10	0.000150652
1.43826e-10	0.000158803
1.46854e-10	0.000166781
1.49881e-10	0.000174564
1.52909e-10	0.00018213
1.55937e-10	0.000189458
1.58965e-10	0.000196525
1.61993e-10	0.00020331
1.65021e-10	0.000209792
1.68049e-10	0.000215948
1.71077e-10	0.000221759
1.74105e-10	0.000227202
1.77133e-10	0.000232259
1.80161e-10	0.000236908
1.83188e-10	0.000241131
1.86216e-10	0.000244908
1.89244e-10	0.000248221
1.92272e-10	0.000251052
1.953e-10	0.000253385
1.98328e-10	0.000255203
2.01356e-10	0.00025649
2.04384e-10	0.000257233
2.07412e-10	0.000257417
2.1044e-10	0.00025703
2.13468e-10	0.000256059
2.16495e-10	0.000254495
2.19523e-10	0.000252328
2.22551e-10	0.00024955
2.25579e-10	0.000246152
2.28607e-10	0.00024213
2.31635e-10	0.000237479
2.34663e-10	0.000232195
2.37691e-10	0.000226276
2.40719e-10	0.000219723
2.43747e-10	0.000212535
2.46775e-10	0.000204715
2.49802e-10	0.000196266
2.5283e-10	0.000187195
2.55858e-10	0.000177507
2.58886e-10	0.000167212
2.61914e-10	0.000156319
2.64942e-10	0.000144839
2.6797e-10	0.000132786
2.70998e-10	0.000120173
2.74026e-10	0.000107019
2.77054e-10	9.33387e-05
2.80082e-10	7.91532e-05
2.83109e-10	6.4483e-05
2.86137e-10	4.93504e-05
2.89165e-10	3.37795e-05
2.92193e-10	1.77957e-05
2.95221e-10	1.42592e-06
2.98249e-10	-1.53014e-05
3.01277e-10	-3.23566e-05
3.04305e-10	-4.97083e-05
3.07333e-10	-6.7324e-05
3.10361e-10	-8.517e-05
3.13388e-10	-0.000103211
3.16416e-10	-0.000121411
3.19444e-10	-0.000139733
3.22472e-10	-0.000158137
3.255e-10	-0.000176586
3.28528e-10	-0.000195037
3.31556e-10	-0.00021345
3.34584e-10	-0.000231783
3.37612e-10	-0.000249993
3.4064e-10	-0.000268037
3.43668e-10	-0.00028587
3.46695e-10	-0.000303448
3.49723e-10	-0.000320727
3.52751e-10	-0.000337661
3.55779e-10	-0.000354204
3.58807e-10	-0.000370312
3.61835e-10	-0.00038594
3.64863e-10	-0.000401041
3.67891e-10	-0.000415572
3.70919e-10	-0.000429487
3.73947e-10	-0.000442741
3.76975e-10	-0.000455293
3.80002e-10	-0.000467098
3.8303e-10	-0.000478114
3.86058e-10	-0.0004883
3.89086e-10	-0.000497615
3.92114e-10	-0.000506021
3.95142e-10	-0.000513479
3.9817e-10	-0.000519953
4.01198e-10	-0.000525407
4.04226e-10	-0.000529808
4.07254e-10	-0.000533123
4.10282e-10	-0.000535323
4.13309e-10	-0.000536379
4.16337e-10	-0.000536264
4.19365e-10	-0.000534955
4.22393e-10	-0.000532429
4.25421e-10	-0.000528666
4.28449e-10	-0.000523649
4.31477e-10	-0.000517363
4.34505e-10	-0.000509795
4.37533e-10	-0.000500936
4.40561e-10	-0.000490777
4.43589e-10	-0.000479316
4.46616e-10	-0.00046655
4.49644e-10	-0.00045248
4.52672e-10	-0.000437111
4.557e-10	-0.00042045
4.58728e-10	-0.000402508
4.61756e-10	-0.000383298
4.64784e-10	-0.000362836
4.67812e-10	-0.000341143
4.7084e-10	-0.00031824
4.73868e-10	-0.000294155
4.76896e-10	-0.000268917
4.79923e-10	-0.000242557
4.82951e-10	-0.000215112
4.85979e-10	-0.000186621
4.89007e-10	-0.000157125
4.92035e-10	-0.00012667
4.95063e-10	-9.53032e-05
4.98091e-10	-6.30769e-05
5.01119e-10	-3.00448e-05
5.04147e-10	3.73576e-06
5.07175e-10	3.82049e-05
5.10203e-10	7.32999e-05
5.1323e-10	0.000108955
5.16258e-10	0.000145103
5.19286e-10	0.000181672
5.22314e-10	0.000218591
5.25342e-10	0.000255782
5.2837e-10	0.00029317
5.31398e-10	0.000330675
5.34426e-10	0.000368216
5.37454e-10	0.000405709
5.40482e-10	0.00044307
5.4351e-10	0.000480214
5.46537e-10	0.000517052
5.49565e-10	0.000553496
5.52593e-10	0.000589458
5.55621e-10	0.000624847
5.58649e-10	0.000659573
5.61677e-10	0.000693544
5.64705e-10	0.00072667
5.67733e-10	0.000758861
5.70761e-10	0.000790024
5.73789e-10	0.000820071
5.76816e-10	0.00084891
5.79844e-10	0.000876455
5.82872e-10	0.000902617
5.859e-10	0.00092731
5.88928e-10	0.000950449
5.91956e-10	0.000971952
5.94984e-10	0.000991738
5.98012e-10	0.00100973
6.0104e-10	0.00102585
6.04068e-10	0.00104002
6.07096e-10	0.00105217
6.10123e-10	0.00106225
6.13151e-10	0.00107017
6.16179e-10	0.00107589
6.19207e-10	0.00107934
6.22235e-10	0.00108047
6.25263e-10	0.00107923
6.28291e-10	0.00107559
6.31319e-10	0.00106949
6.34347e-10	0.0010609
6.37375e-10	0.0010498
6.40403e-10	0.00103615
6.4343e-10	0.00101994
6.46458e-10	0.00100115
6.49486e-10	0.000979771
6.52514e-10	0.000955801
6.55542e-10	0.000929242
6.5857e-10	0.0009001
6.61598e-10	0.00086839
6.64626e-10	0.000834131
6.67654e-10	0.000797349
6.70682e-10	0.000758076
6.7371e-10	0.000716349
6.76737e-10	0.000672213
6.79765e-10	0.000625719
6.82793e-10	0.000576923
6.85821e-10	0.000525889
6.88849e-10	0.000472686
6.91877e-10	0.000417389
6.94905e-10	0.00036008
6.97933e-10	0.000300847
7.00961e-10	0.000239784
7.03989e-10	0.000176991
7.07017e-10	0.000112572
7.10044e-10	4.66403e-05
7.13072e-10	-2.06886e-05
7.161e-10	-8.92923e-05
7.19128e-10	-0.000159043
7.22156e-10	-0.000229809
7.25184e-10	-0.000301452
7.28212e-10	-0.00037383
7.3124e-10	-0.000446798
7.34268e-10	-0.000520204
7.37296e-10	-0.000593895
7.40324e-10	-0.000667712
7.43351e-10	-0.000741493
7.46379e-10	-0.000815076
7.49407e-10	-0.000888291
7.52435e-10	-0.00096097
7.55463e-10	-0.00103294
7.58491e-10	-0.00110403
7.61519e-10	-0.00117407
7.64547e-10	-0.00124287
7.67575e-10	-0.00131026
7.70603e-10	-0.00137607
7.73631e-10	-0.00144012
7.76658e-10	-0.00150223
7.79686e-10	-0.00156223
7.82714e-10	-0.00161994
7.85742e-10	-0.0016752
7.8877e-10	-0.00172783
7.91798e-10	-0.00177766
7.94826e-10	-0.00182454
7.97854e-10	-0.00186829
8.00882e-10	-0.00190877
8.0391e-10	-0.00194582
8.06938e-10	-0.0019793
8.09965e-10	-0.00200906
8.12993e-10	-0.00203496
8.16021e-10	-0.00205688
8.19049e-10	-0.00207469
8.22077e-10	-0.00208827
8.25105e-10	-0.00209751
8.28133e-10	-0.0021023
8.31161e-10	-0.00210257
8.34189e-10	-0.00209821
8.37217e-10	-0.00208914
8.40245e-10	-0.00207531
8.43272e-10	-0.00205665
8.463e-10	-0.0020331
8.49328e-10	-0.00200464
8.52356e-10	-0.00197123
8.55384e-10	-0.00193285
8.58412e-10	-0.00188949
8.6144e-10	-0.00184115
8.64468e-10	-0.00178785
8.67496e-10	-0.00172961
8.70524e-10	-0.00166647
8.73551e-10	-0.00159848
8.76579e-10	-0.00152568
8.79607e-10	-0.00144817
8.82635e-10	-0.00136601
8.85663e-10	-0.00127931
8.88691e-10	-0.00118817
8.91719e-10	-0.0010927
8.94747e-10	-0.000993049
8.97775e-10	-0.000889346
9.00803e-10	-0.000781747
9.03831e-10	-0.000670419
9.06858e-10	-0.000555537
9.09886e-10	-0.000437291
9.12914e-10	-0.000315878
9.15942e-10	-0.000191509
9.1897e-10	-6.44031e-05
9.21998e-10	6.52094e-05
9.25026e-10	0.000197089
9.28054e-10	0.000330985
9.31082e-10	0.000466639
9.3411e-10	0.000603785
9.37138e-10	0.000742147
9.40165e-10	0.000881441
9.43193e-10	0.00102138
9.46221e-10	0.00116166
9.49249e-10	0.00130198
9.52277e-10	0.00144203
9.55305e-10	0.00158151
9.58333e-10	0.00172008
9.61361e-10	0.00185742
9.64389e-10	0.00199322
9.67417e-10	0.00212714
9.70445e-10	0.00225886
9.73472e-10	0.00238803
9.765e-10	0.00251433
9.79528e-10	0.00263744
9.82556e-10	0.00275701
9.85584e-10	0.00287272
9.88612e-10	0.00298424
9.9164e-10	0.00309126
9.94668e-10	0.00319345
9.97696e-10	0.0032905
1.00072e-09	0.0033821
1.00375e-09	0.00346795
1.00678e-09	0.00354777
1.00981e-09	0.00362125
1.01284e-09	0.00368813
1.01586e-09	0.00374814
1.01889e-09	0.00380102
1.02192e-09	0.00384653
1.02495e-09	0.00388443
1.02797e-09	0.00391451
1.031e-09	0.00393655
1.03403e-09	0.00395036
1.03706e-09	0.00395576
1.04009e-09	0.0039526
1.04311e-09	0.00394071
1.04614e-09	0.00391999
1.04917e-09	0.0038903
1.0522e-09	0.00385155
1.05523e-09	0.00380368
1.05825e-09	0.00374661
1.06128e-09	0.00368032
1.06431e-09	0.00360478
1.06734e-09	0.00351999
1.07037e-09	0.00342598
1.07339e-09	0.00332279
1.07642e-09	0.00321049
1.07945e-09	0.00308915
1.08248e-09	0.00295888
1.08551e-09	0.00281982
1.08853e-09	0.00267211
1.09156e-09	0.00251593
1.09459e-09	0.00235147
1.09762e-09	0.00217894
1.10064e-09	0.00199859
1.10367e-09	0.00181066
1.1067e-09	0.00161545
1.10973e-09	0.00141325
1.11276e-09	0.00120438
1.11578e-09	0.000989189
1.11881e-09	0.000768036
1.12184e-09	0.000541303
1.12487e-09	0.000309392
1.1279e-09	7.27218e-05
1.13092e-09	-0.000168271
1.13395e-09	-0.000413131
1.13698e-09	-0.000661387
1.14001e-09	-0.000912554
1.14304e-09	-0.00116613
1.14606e-09	-0.0014216
1.14909e-09	-0.00167843
1.15212e-09	-0.00193608
1.15515e-09	-0.002194
1.15817e-09	-0.00245163
1.1612e-09	-0.0027084
1.16423e-09	-0.00296373
1.16726e-09	-0.00321702
1.17029e-09	-0.0034677
1.17331e-09	-0.00371515
1.17634e-09	-0.00395879
1.17937e-09	-0.00419801
1.1824e-09	-0.0044322
1.18543e-09	-0.00466077
1.18845e-09	-0.00488312
1.19148e-09	-0.00509866
1.19451e-09	-0.00530678
1.19754e-09	-0.00550691
1.20057e-09	-0.00569847
1.20359e-09	-0.00588088
1.20662e-09	-0.0060536
1.20965e-09	-0.00621608
1.21268e-09	-0.00636778
1.21571e-09	-0.00650819
1.21873e-09	-0.0066368
1.22176e-09	-0.00675314
1.22479e-09	-0.00685673
1.22782e-09	-0.00694713
1.23084e-09	-0.00702392
1.23387e-09	-0.0070867
1.2369e-09	-0.00713508
1.23993e-09	-0.00716873
1.24296e-09	-0.00718731
1.24598e-09	-0.00719053
1.24901e-09	-0.00717812
1.25204e-09	-0.00714984
1.25507e-09	-0.0071055
1.2581e-09	-0.0070449
1.26112e-09	-0.00696791
1.26415e-09	-0.00687443
1.26718e-09	-0.00676437
1.27021e-09	-0.00663771
1.27324e-09	-0.00649443
1.27626e-09	-0.00633458
1.27929e-09	-0.00615822
1.28232e-09	-0.00596547
1.28535e-09	-0.00575647
1.28837e-09	-0.00553141
1.2914e-09	-0.00529051
1.29443e-09	-0.00503404
1.29746e-09	-0.0047623
1.30049e-09	-0.00447562
1.30351e-09	-0.00417439
1.30654e-09	-0.00385902
1.30957e-09	-0.00352998
1.3126e-09	-0.00318775
1.31563e-09	-0.00283286
1.31865e-09	-0.00246588
1.32168e-09	-0.00208742
1.32471e-09	-0.00169812
1.32774e-09	-0.00129864
1.33077e-09	-0.00088969
1.33379e-09	-0.000472017
1.33682e-09	-4.6388e-05
1.33985e-09	0.000386397
1.34288e-09	0.000825507
1.34591e-09	0.00127008
1.34893e-09	0.00171925
1.35196e-09	0.00217208
1.35499e-09	0.00262767
1.35802e-09	0.00308504
1.36104e-09	0.00354324
1.36407e-09	0.00400126
1.3671e-09	0.00445811
1.37013e-09	0.00491276
1.37316e-09	0.00536419
1.37618e-09	0.00581135
1.37921e-09	0.00625319
1.38224e-09	0.00668867
1.38527e-09	0.00711672
1.3883e-09	0.00753628
1.39132e-09	0.0079463
1.39435e-09	0.00834573
1.39738e-09	0.00873352
1.40041e-09	0.00910863
1.40344e-09	0.00947004
1.40646e-09	0.00981674
1.40949e-09	0.0101477
1.41252e-09	0.010462
1.41555e-09	0.0107587
1.41857e-09	0.0110367
1.4216e-09	0.0112953
1.42463e-09	0.0115335
1.42766e-09	0.0117505
1.43069e-09	0.0119454
1.43371e-09	0.0121176
1.43674e-09	0.0122661
1.43977e-09	0.0123905
1.4428e-09	0.0124899
1.44583e-09	0.0125637
1.44885e-09	0.0126115
1.45188e-09	0.0126326
1.45491e-09	0.0126266
1.45794e-09	0.0125932
1.46097e-09	0.0125318
1.46399e-09	0.0124422
1.46702e-09	0.0123242
1.47005e-09	0.0121776
1.47308e-09	0.0120021
1.47611e-09	0.0117978
1.47913e-09	0.0115647
1.48216e-09	0.0113028
1.48519e-09	0.0110121
1.48822e-09	0.010693
1.49124e-09	0.0103456
1.49427e-09	0.00997022
1.4973e-09	0.00956729
1.50033e-09	0.00913723
1.50336e-09	0.00868057
1.50638e-09	0.00819787
1.50941e-09	0.00768978
1.51244e-09	0.00715701
1.51547e-09	0.00660034
1.5185e-09	0.00602061
1.52152e-09	0.00541873
1.52455e-09	0.00479566
1.52758e-09	0.00415242
1.53061e-09	0.00349012
1.53364e-09	0.0028099
1.53666e-09	0.00211296
1.53969e-09	0.00140056
1.54272e-09	0.00067402
1.54575e-09	-6.52947e-05
1.54878e-09	-0.000815971
1.5518e-09	-0.00157655
1.55483e-09	-0.00234552
1.55786e-09	-0.00312133
1.56089e-09	-0.00390241
1.56391e-09	-0.00468712
1.56694e-09	-0.00547381
1.56997e-09	-0.00626081
1.573e-09	-0.00704638
1.57603e-09	-0.00782881
1.57905e-09	-0.00860633
1.58208e-09	-0.00937718
1.58511e-09	-0.0101396
1.58814e-09	-0.0108917
1.59117e-09	-0.0116318
1.59419e-09	-0.0123581
1.59722e-09	-0.0130687
1.60025e-09	-0.0137619
1.60328e-09	-0.0144359
1.60631e-09	-0.0150889
1.60933e-09	-0.0157192
1.61236e-09	-0.0163251
1.61539e-09	-0.0169049
1.61842e-09	-0.0174569
1.62144e-09	-0.0179795
1.62447e-09	-0.0184711
1.6275e-09	-0.0189302
1.63053e-09	-0.0193553
1.63356e-09	-0.019745
1.63658e-09	-0.0200978
1.63961e-09	-0.0204124
1.64264e-09	-0.0206876
1.64567e-09	-0.0209222
1.6487e-09	-0.0211151
1.65172e-09	-0.0212652
1.65475e-09	-0.0213715
1.65778e-09	-0.0214332
1.66081e-09	-0.0214495
1.66384e-09	-0.0214196
1.66686e-09	-0.0213429
1.66989e-09	-0.0212189
1.67292e-09	-0.0210472
1.67595e-09	-0.0208274
1.67898e-09	-0.0205593
1.682e-09	-0.0202427
1.68503e-09	-0.0198776
1.68806e-09	-0.0194641
1.69109e-09	-0.0190024
1.69411e-09	-0.0184927
1.69714e-09	-0.0179355
1.70017e-09	-0.0173313
1.7032e-09	-0.0166807
1.70623e-09	-0.0159844
1.70925e-09	-0.0152432
1.71228e-09	-0.0144582
1.71531e-09	-0.0136303
1.71834e-09	-0.0127608
1.72137e-09	-0.0118509
1.72439e-09	-0.010902
1.72742e-09	-0.00991563
1.73045e-09	-0.00889336
1.73348e-09	-0.00783688
1.73651e-09	-0.00674801
1.73953e-09	-0.00562862
1.74256e-09	-0.00448071
1.74559e-09	-0.00330636
1.74862e-09	-0.00210773
1.75164e-09	-0.000887089
1.75467e-09	0.000353243
1.7577e-09	0.00161085
1.76073e-09	0.00288326
1.76376e-09	0.00416791
1.76678e-09	0.00546218
1.76981e-09	0.00676342
1.77284e-09	0.00806888
1.77587e-09	0.0093758
1.7789e-09	0.0106814
1.78192e-09	0.0119827
1.78495e-09	0.0132769
1.78798e-09	0.0145611
1.79101e-09	0.0158324
1.79404e-09	0.0170878
1.79706e-09	0.0183243
1.80009e-09	0.019539
1.80312e-09	0.0207289
1.80615e-09	0.0218912
1.80918e-09	0.0230228
1.8122e-09	0.0241209
1.81523e-09	0.0251827
1.81826e-09	0.0262053
1.82129e-09	0.0271859
1.82431e-09	0.0281219
1.82734e-09	0.0290104
1.83037e-09	0.0298491
1.8334e-09	0.0306352
1.83643e-09	0.0313665
1.83945e-09	0.0320404
1.84248e-09	0.0326548
1.84551e-09	0.0332075
1.84854e-09	0.0336964
1.85157e-09	0.0341195
1.85459e-09	0.0344751
1.85762e-09	0.0347613
1.86065e-09	0.0349766
1.86368e-09	0.0351196
1.86671e-09	0.0351889
1.86973e-09	0.0351833
1.87276e-09	0.0351019
1.87579e-09	0.0349436
1.87882e-09	0.0347079
1.88184e-09	0.0343941
1.88487e-09	0.0340018
1.8879e-09	0.0335309
1.89093e-09	0.0329811
1.89396e-09	0.0323527
1.89698e-09	0.0316459
1.90001e-09	0.0308611
1.90304e-09	0.029999
1.90607e-09	0.0290604
1.9091e-09	0.0280462
1.91212e-09	0.0269577
1.91515e-09	0.0257961
1.91818e-09	0.024563
1.92121e-09	0.02326
1.92424e-09	0.0218891
1.92726e-09	0.0204522
1.93029e-09	0.0189516
1.93332e-09	0.0173896
1.93635e-09	0.0157689
1.93938e-09	0.0140921
1.9424e-09	0.0123621
1.94543e-09	0.0105818
1.94846e-09	0.00875459
1.95149e-09	0.00688365
1.95451e-09	0.00497247
1.95754e-09	0.00302464
1.96057e-09	0.0010439
1.9636e-09	-0.000965926
1.96663e-09	-0.00300087
1.96965e-09	-0.00505686
1.97268e-09	-0.00712974
1.97571e-09	-0.00921524
1.97874e-09	-0.011309
1.98177e-09	-0.0134067
1.98479e-09	-0.0155037
1.98782e-09	-0.0175955
1.99085e-09	-0.0196775
1.99388e-09	-0.0217452
1.99691e-09	-0.0237937
1.99993e-09	-0.0258185
2.00296e-09	-0.0278148
2.00599e-09	-0.029778
2.00902e-09	-0.0317033
2.01204e-09	-0.0335861
2.01507e-09	-0.0354217
2.0181e-09	-0.0372056
2.02113e-09	-0.0389332
2.02416e-09	-0.0406
2.02718e-09	-0.0422016
2.03021e-09	-0.0437337
2.03324e-09	-0.0451921
2.03627e-09	-0.0465726
2.0393e-09	-0.0478713
2.04232e-09	-0.0490842
2.04535e-09	-0.0502076
2.04838e-09	-0.0512378
2.05141e-09	-0.0521716
2.05444e-09	-0.0530055
2.05746e-09	-0.0537365
2.06049e-09	-0.0543616
2.06352e-09	-0.0548782
2.06655e-09	-0.0552836
2.06958e-09	-0.0555756
2.0726e-09	-0.0557521
2.07563e-09	-0.0558111
2.07866e-09	-0.0557511
2.08169e-09	-0.0555706
2.08471e-09	-0.0552684
2.08774e-09	-0.0548437
2.09077e-09	-0.0542958
2.0938e-09	-0.0536242
2.09683e-09	-0.0528289
2.09985e-09	-0.0519099
2.10288e-09	-0.0508677
2.10591e-09	-0.0497029
2.10894e-09	-0.0484165
2.11197e-09	-0.0470097
2.11499e-09	-0.045484
2.11802e-09	-0.0438412
2.12105e-09	-0.0420833
2.12408e-09	-0.0402127
2.12711e-09	-0.0382319
2.13013e-09	-0.0361439
2.13316e-09	-0.0339518
2.13619e-09	-0.031659
2.13922e-09	-0.0292691
2.14224e-09	-0.0267862
2.14527e-09	-0.0242144
2.1483e-09	-0.0215582
2.15133e-09	-0.0188221
2.15436e-09	-0.0160111
2.15738e-09	-0.0131304
2.16041e-09	-0.0101852
2.16344e-09	-0.00718112
2.16647e-09	-0.00412392
2.1695e-09	-0.00101952
2.17252e-09	0.00212599
2.17555e-09	0.00530631
2.17858e-09	0.00851504
2.18161e-09	0.0117456
2.18464e-09	0.0149913
2.18766e-09	0.0182453
2.19069e-09	0.0215006
2.19372e-09	0.0247504
2.19675e-09	0.0279875
2.19978e-09	0.0312048
2.2028e-09	0.0343951
2.20583e-09	0.0375511
2.20886e-09	0.0406657
2.21189e-09	0.0437316
2.21491e-09	0.0467416
2.21794e-09	0.0496886
2.22097e-09	0.0525654
2.224e-09	0.0553649
2.22703e-09	0.0580802
2.23005e-09	0.0607044
2.23308e-09	0.0632307
2.23611e-09	0.0656524
2.23914e-09	0.0679632
2.24217e-09	0.0701566
2.24519e-09	0.0722264
2.24822e-09	0.0741669
2.25125e-09	0.0759721
2.25428e-09	0.0776366
2.25731e-09	0.079155
2.26033e-09	0.0805224
2.26336e-09	0.0817339
2.26639e-09	0.0827852
2.26942e-09	0.0836719
2.27245e-09	0.0843902
2.27547e-09	0.0849365
2.2785e-09	0.0853077
2.28153e-09	0.0855007
2.28456e-09	0.0855131
2.28758e-09	0.0853427
2.29061e-09	0.0849876
2.29364e-09	0.0844464
2.29667e-09	0.0837181
2.2997e-09	0.082802
2.30272e-09	0.0816978
2.30575e-09	0.0804058
2.30878e-09	0.0789264
2.31181e-09	0.0772606
2.31484e-09	0.0754099
2.31786e-09	0.0733759
2.32089e-09	0.0711611
2.32392e-09	0.0687678
2.32695e-09	0.0661994
2.32998e-09	0.0634591
2.333e-09	0.0605509
2.33603e-09	0.0574791
2.33906e-09	0.0542483
2.34209e-09	0.0508638
2.34511e-09	0.0473308
2.34814e-09	0.0436555
2.35117e-09	0.0398439
2.3542e-09	0.0359027
2.35723e-09	0.0318389
2.36025e-09	0.0276598
2.36328e-09	0.0233731
2.36631e-09	0.0189867
2.36934e-09	0.0145089
2.37237e-09	0.0099483
2.37539e-09	0.00531377
2.37842e-09	0.000614408
2.38145e-09	-0.00414042
2.38448e-09	-0.00894112
2.38751e-09	-0.0137779
2.39053e-09	-0.0186408
2.39356e-09	-0.0235196
2.39659e-09	-0.028404
2.39962e-09	-0.0332836
2.40265e-09	-0.0381478
2.40567e-09	-0.042986
2.4087e-09	-0.0477876
2.41173e-09	-0.0525417
2.41476e-09	-0.0572376
2.41778e-09	-0.0618646
2.42081e-09	-0.0664119
2.42384e-09	-0.0708688
2.42687e-09	-0.0752248
2.4299e-09	-0.0794694
2.43292e-09	-0.0835922
2.43595e-09	-0.0875829
2.43898e-09	-0.0914315
2.44201e-09	-0.0951281
2.44504e-09	-0.0986632
2.44806e-09	-0.102027
2.45109e-09	-0.105211
2.45412e-09	-0.108206
2.45715e-09	-0.111003
2.46018e-09	-0.113595
2.4632e-09	-0.115973
2.46623e-09	-0.11813
2.46926e-09	-0.120059
2.47229e-09	-0.121753
2.47531e-09	-0.123206
2.47834e-09	-0.124412
2.48137e-09	-0.125367
2.4844e-09	-0.126064
2.48743e-09	-0.1265
2.49045e-09	-0.126671
2.49348e-09	-0.126573
2.49651e-09	-0.126205
2.49954e-09	-0.125563
2.50257e-09	-0.124646
2.50559e-09	-0.123454
2.50862e-09	-0.121985
2.51165e-09	-0.12024
2.51468e-09	-0.11822
2.51771e-09	-0.115926
2.52073e-09	-0.11336
2.52376e-09	-0.110524
2.52679e-09	-0.107422
2.52982e-09	-0.104057
2.53285e-09	-0.100434
2.53587e-09	-0.0965579
2.5389e-09	-0.0924343
2.54193e-09	-0.0880694
2.54496e-09	-0.0834699
2.54798e-09	-0.0786432
2.55101e-09	-0.0735972
2.55404e-09	-0.0683404
2.55707e-09	-0.0628819
2.5601e-09	-0.0572312
2.56312e-09	-0.0513983
2.56615e-09	-0.045394
2.56918e-09	-0.0392291
2.57221e-09	-0.0329154
2.57524e-09	-0.0264646
2.57826e-09	-0.0198893
2.58129e-09	-0.0132022
2.58432e-09	-0.00641648
2.58735e-09	0.000454364
2.59038e-09	0.00739647
2.5934e-09	0.0143957
2.59643e-09	0.0214377
2.59946e-09	0.0285077
2.60249e-09	0.0355909
2.60551e-09	0.0426723
2.60854e-09	0.0497366
2.61157e-09	0.0567686
2.6146e-09	0.0637528
2.61763e-09	0.0706737
2.62065e-09	0.077516
2.62368e-09	0.084264
2.62671e-09	0.0909023
2.62974e-09	0.0974157
2.63277e-09	0.103789
2.63579e-09	0.110007
2.63882e-09	0.116054
2.64185e-09	0.121917
2.64488e-09	0.12758
2.64791e-09	0.133029
2.65093e-09	0.138252
2.65396e-09	0.143233
2.65699e-09	0.14796
2.66002e-09	0.15242
2.66305e-09	0.156602
2.66607e-09	0.160492
2.6691e-09	0.164081
2.67213e-09	0.167357
2.67516e-09	0.170309
2.67818e-09	0.17293
2.68121e-09	0.175208
2.68424e-09	0.177137
2.68727e-09	0.178709
2.6903e-09	0.179916
2.69332e-09	0.180752
2.69635e-09	0.181213
2.69938e-09	0.181292
2.70241e-09	0.180987
2.70544e-09	0.180294
2.70846e-09	0.17921
2.71149e-09	0.177735
2.71452e-09	0.175867
2.71755e-09	0.173606
2.72058e-09	0.170954
2.7236e-09	0.167913
2.72663e-09	0.164484
2.72966e-09	0.160672
2.73269e-09	0.156481
2.73571e-09	0.151917
2.73874e-09	0.146984
2.74177e-09	0.141691
2.7448e-09	0.136045
2.74783e-09	0.130055
2.75085e-09	0.12373
2.75388e-09	0.11708
2.75691e-09	0.110117
2.75994e-09	0.102853
2.76297e-09	0.0952998
2.76599e-09	0.087471
2.76902e-09	0.0793808
2.77205e-09	0.071044
2.77508e-09	0.0624759
2.77811e-09	0.0536929
2.78113e-09	0.0447115
2.78416e-09	0.0355491
2.78719e-09	0.0262236
2.79022e-09	0.0167533
2.79325e-09	0.00715713
2.79627e-09	-0.00254558
2.7993e-09	-0.0123351
2.80233e-09	-0.0221913
2.80536e-09	-0.0320938
2.80838e-09	-0.0420218
2.81141e-09	-0.0519543
2.81444e-09	-0.0618702
2.81747e-09	-0.0717481
2.8205e-09	-0.0815665
2.82352e-09	-0.0913038
2.82655e-09	-0.100939
2.82958e-09	-0.110449
2.83261e-09	-0.119814
2.83564e-09	-0.129012
2.83866e-09	-0.138022
2.84169e-09	-0.146822
2.84472e-09	-0.155393
2.84775e-09	-0.163713
2.85078e-09	-0.171763
2.8538e-09	-0.179522
2.85683e-09	-0.186972
2.85986e-09	-0.194094
2.86289e-09	-0.20087
2.86592e-09	-0.207281
2.86894e-09	-0.213311
2.87197e-09	-0.218944
2.875e-09	-0.224163
2.87803e-09	-0.228955
2.88105e-09	-0.233304
2.88408e-09	-0.237198
2.88711e-09	-0.240625
2.89014e-09	-0.243571
2.89317e-09	-0.246028
2.89619e-09	-0.247985
2.89922e-09	-0.249433
2.90225e-09	-0.250365
2.90528e-09	-0.250775
2.90831e-09	-0.250656
2.91133e-09	-0.250005
2.91436e-09	-0.248818
2.91739e-09	-0.247092
2.92042e-09	-0.244827
2.92345e-09	-0.242022
2.92647e-09	-0.23868
2.9295e-09	-0.234801
2.93253e-09	-0.230391
2.93556e-09	-0.225452
2.93858e-09	-0.219992
2.94161e-09	-0.214018
2.94464e-09	-0.207537
2.94767e-09	-0.200559
2.9507e-09	-0.193095
2.95372e-09	-0.185156
2.95675e-09	-0.176755
2.95978e-09	-0.167906
2.96281e-09	-0.158624
2.96584e-09	-0.148925
2.96886e-09	-0.138827
2.97189e-09	-0.128346
2.97492e-09	-0.117503
2.97795e-09	-0.106317
2.98098e-09	-0.0948087
2.984e-09	-0.0830007
2.98703e-09	-0.0709153
2.99006e-09	-0.058576
2.99309e-09	-0.0460067
2.99612e-09	-0.0332325
2.99914e-09	-0.0202787
3.00217e-09	-0.00717156
3.0052e-09	0.00606234
3.00823e-09	0.0193959
3.01125e-09	0.0328014
3.01428e-09	0.0462509
3.01731e-09	0.0597161
3.02034e-09	0.0731685
3.02337e-09	0.0865792
3.02639e-09	0.0999193
3.02942e-09	0.11316
3.03245e-09	0.126272
3.03548e-09	0.139225
3.03851e-09	0.151993
3.04153e-09	0.164545
3.04456e-09	0.176853
3.04759e-09	0.188888
3.05062e-09	0.200624
3.05365e-09	0.212031
3.05667e-09	0.223085
3.0597e-09	0.233757
3.06273e-09	0.244022
3.06576e-09	0.253854
3.06878e-09	0.26323
3.07181e-09	0.272126
3.07484e-09	0.280518
3.07787e-09	0.288385
3.0809e-09	0.295705
3.08392e-09	0.30246
3.08695e-09	0.308628
3.08998e-09	0.314194
3.09301e-09	0.31914
3.09604e-09	0.32345
3.09906e-09	0.32711
3.10209e-09	0.330108
3.10512e-09	0.332431
3.10815e-09	0.334069
3.11118e-09	0.335014
3.1142e-09	0.335257
3.11723e-09	0.334793
3.12026e-09	0.333616
3.12329e-09	0.331725
3.12632e-09	0.329117
3.12934e-09	0.325792
3.13237e-09	0.321751
3.1354e-09	0.316998
3.13843e-09	0.311537
3.14145e-09	0.305374
3.14448e-09	0.298517
3.14751e-09	0.290975
3.15054e-09	0.282759
3.15357e-09	0.27388
3.15659e-09	0.264353
3.15962e-09	0.254193
3.16265e-09	0.243417
3.16568e-09	0.232043
3.16871e-09	0.22009
3.17173e-09	0.20758
3.17476e-09	0.194534
3.17779e-09	0.180977
3.18082e-09	0.166933
3.18385e-09	0.152429
3.18687e-09	0.137492
3.1899e-09	0.122151
3.19293e-09	0.106435
3.19596e-09	0.0903739
3.19898e-09	0.0740004
3.20201e-09	0.0573467
3.20504e-09	0.0404461
3.20807e-09	0.0233327
3.2111e-09	0.00604124
3.21412e-09	-0.0113927
3.21715e-09	-0.0289331
3.22018e-09	-0.0465435
3.22321e-09	-0.064187
3.22624e-09	-0.0818261
3.22926e-09	-0.0994234
3.23229e-09	-0.116941
3.23532e-09	-0.134341
3.23835e-09	-0.151586
3.24138e-09	-0.168638
3.2444e-09	-0.185459
3.24743e-09	-0.202012
3.25046e-09	-0.218259
3.25349e-09	-0.234164
3.25652e-09	-0.24969
3.25954e-09	-0.264802
3.26257e-09	-0.279465
3.2656e-09	-0.293643
3.26863e-09	-0.307304
3.27165e-09	-0.320415
3.27468e-09	-0.332943
3.27771e-09	-0.344859
3.28074e-09	-0.356131
3.28377e-09	-0.366732
3.28679e-09	-0.376635
3.28982e-09	-0.385813
3.29285e-09	-0.394242
3.29588e-09	-0.401897
3.29891e-09	-0.408759
3.30193e-09	-0.414806
3.30496e-09	-0.42002
3.30799e-09	-0.424384
3.31102e-09	-0.427882
3.31405e-09	-0.430502
3.31707e-09	-0.432231
3.3201e-09	-0.43306
3.32313e-09	-0.432981
3.32616e-09	-0.431986
3.32918e-09	-0.430073
3.33221e-09	-0.427239
3.33524e-09	-0.423483
3.33827e-09	-0.418808
3.3413e-09	-0.413216
3.34432e-09	-0.406714
3.34735e-09	-0.399309
3.35038e-09	-0.39101
3.35341e-09	-0.381829
3.35644e-09	-0.37178
3.35946e-09	-0.360878
3.36249e-09	-0.34914
3.36552e-09	-0.336586
3.36855e-09	-0.323237
3.37158e-09	-0.309116
3.3746e-09	-0.294248
3.37763e-09	-0.278659
3.38066e-09	-0.262377
3.38369e-09	-0.245433
3.38672e-09	-0.227858
3.38974e-09	-0.209686
3.39277e-09	-0.19095
3.3958e-09	-0.171688
3.39883e-09	-0.151935
3.40185e-09	-0.131732
3.40488e-09	-0.111118
3.40791e-09	-0.0901341
3.41094e-09	-0.0688225
3.41397e-09	-0.0472263
3.41699e-09	-0.0253896
3.42002e-09	-0.00335706
3.42305e-09	0.0188257
3.42608e-09	0.0411126
3.42911e-09	0.0634569
3.43213e-09	0.0858117
3.43516e-09	0.108129
3.43819e-09	0.130363
3.44122e-09	0.152463
3.44425e-09	0.174384
3.44727e-09	0.196077
3.4503e-09	0.217495
3.45333e-09	0.23859
3.45636e-09	0.259315
3.45939e-09	0.279626
3.46241e-09	0.299474
3.46544e-09	0.318817
3.46847e-09	0.337608
3.4715e-09	0.355806
3.47452e-09	0.373368
3.47755e-09	0.390251
3.48058e-09	0.406418
3.48361e-09	0.421828
3.48664e-09	0.436445
3.48966e-09	0.450231
3.49269e-09	0.463154
3.49572e-09	0.475181
3.49875e-09	0.486279
3.50178e-09	0.496421
3.5048e-09	0.505579
3.50783e-09	0.513727
3.51086e-09	0.520841
3.51389e-09	0.526902
3.51692e-09	0.531889
3.51994e-09	0.535785
3.52297e-09	0.538576
3.526e-09	0.540249
3.52903e-09	0.540794
3.53205e-09	0.540202
3.53508e-09	0.538469
3.53811e-09	0.535591
3.54114e-09	0.531568
3.54417e-09	0.526401
3.54719e-09	0.520095
3.55022e-09	0.512656
3.55325e-09	0.504094
3.55628e-09	0.49442
3.55931e-09	0.483648
3.56233e-09	0.471794
3.56536e-09	0.458878
3.56839e-09	0.44492
3.57142e-09	0.429945
3.57445e-09	0.413978
3.57747e-09	0.397047
3.5805e-09	0.379182
3.58353e-09	0.360417
3.58656e-09	0.340786
3.58959e-09	0.320325
3.59261e-09	0.299074
3.59564e-09	0.277072
3.59867e-09	0.254363
3.6017e-09	0.23099
3.60472e-09	0.206999
3.60775e-09	0.182438
3.61078e-09	0.157355
3.61381e-09	0.131801
3.61684e-09	0.105828
3.61986e-09	0.0794871
3.62289e-09	0.0528333
3.62592e-09	0.0259211
3.62895e-09	-0.00119387
3.63198e-09	-0.0284553
3.635e-09	-0.0558062
3.63803e-09	-0.083189
3.64106e-09	-0.110546
3.64409e-09	-0.137819
3.64712e-09	-0.16495
3.65014e-09	-0.19188
3.65317e-09	-0.218552
3.6562e-09	-0.244907
3.65923e-09	-0.270888
3.66225e-09	-0.296438
3.66528e-09	-0.3215
3.66831e-09	-0.346019
3.67134e-09	-0.36994
3.67437e-09	-0.39321
3.67739e-09	-0.415774
3.68042e-09	-0.437583
3.68345e-09	-0.458585
3.68648e-09	-0.478732
3.68951e-09	-0.497977
3.69253e-09	-0.516274
3.69556e-09	-0.533581
3.69859e-09	-0.549854
3.70162e-09	-0.565054
3.70465e-09	-0.579144
3.70767e-09	-0.592088
3.7107e-09	-0.603853
3.71373e-09	-0.614407
3.71676e-09	-0.623723
3.71979e-09	-0.631774
3.72281e-09	-0.638537
3.72584e-09	-0.643991
3.72887e-09	-0.648118
3.7319e-09	-0.650903
3.73492e-09	-0.652332
3.73795e-09	-0.652397
3.74098e-09	-0.65109
3.74401e-09	-0.648408
3.74704e-09	-0.644348
3.75006e-09	-0.638914
3.75309e-09	-0.632109
3.75612e-09	-0.623942
3.75915e-09	-0.614423
3.76218e-09	-0.603566
3.7652e-09	-0.591387
3.76823e-09	-0.577905
3.77126e-09	-0.563144
3.77429e-09	-0.547127
3.77732e-09	-0.529884
3.78034e-09	-0.511444
3.78337e-09	-0.491841
3.7864e-09	-0.47111
3.78943e-09	-0.449291
3.79245e-09	-0.426425
3.79548e-09	-0.402555
3.79851e-09	-0.377726
3.80154e-09	-0.351988
3.80457e-09	-0.325389
3.80759e-09	-0.297983
3.81062e-09	-0.269823
3.81365e-09	-0.240966
3.81668e-09	-0.21147
3.81971e-09	-0.181394
3.82273e-09	-0.150799
3.82576e-09	-0.119748
3.82879e-09	-0.0883034
3.83182e-09	-0.056531
3.83485e-09	-0.0244963
3.83787e-09	0.00773422
3.8409e-09	0.0400932
3.84393e-09	0.0725126
3.84696e-09	0.104924
3.84999e-09	0.13726
3.85301e-09	0.16945
3.85604e-09	0.201426
3.85907e-09	0.23312
3.8621e-09	0.264463
3.86512e-09	0.295388
3.86815e-09	0.325826
3.87118e-09	0.355713
3.87421e-09	0.384981
3.87724e-09	0.413567
3.88026e-09	0.441407
3.88329e-09	0.468439
3.88632e-09	0.494603
3.88935e-09	0.519839
3.89238e-09	0.54409
3.8954e-09	0.5673
3.89843e-09	0.589417
3.90146e-09	0.610389
3.90449e-09	0.630166
3.90752e-09	0.648702
3.91054e-09	0.665952
3.91357e-09	0.681876
3.9166e-09	0.696433
3.91963e-09	0.709587
3.92265e-09	0.721305
3.92568e-09	0.731555
3.92871e-09	0.740312
3.93174e-09	0.747549
3.93477e-09	0.753245
3.93779e-09	0.757383
3.94082e-09	0.759946
3.94385e-09	0.760925
3.94688e-09	0.760309
3.94991e-09	0.758094
3.95293e-09	0.754279
3.95596e-09	0.748865
3.95899e-09	0.741858
3.96202e-09	0.733266
3.96505e-09	0.7231
3.96807e-09	0.711377
3.9711e-09	0.698115
3.97413e-09	0.683337
3.97716e-09	0.667067
3.98019e-09	0.649335
3.98321e-09	0.630172
3.98624e-09	0.609614
3.98927e-09	0.587698
3.9923e-09	0.564466
3.99532e-09	0.539963
3.99835e-09	0.514234
4.00138e-09	0.48733
4.00441e-09	0.459304
4.00744e-09	0.43021
4.01046e-09	0.400107
4.01349e-09	0.369053
4.01652e-09	0.337112
4.01955e-09	0.304347
4.02258e-09	0.270825
4.0256e-09	0.236613
4.02863e-09	0.201783
4.03166e-09	0.166404
4.03469e-09	0.130551
4.03772e-09	0.0942958
4.04074e-09	0.0577153
4.04377e-09	0.020885
4.0468e-09	-0.016118
4.04983e-09	-0.0532162
4.05286e-09	-0.0903315
4.05588e-09	-0.127386
4.05891e-09	-0.1643
4.06194e-09	-0.200996
4.06497e-09	-0.237396
4.06799e-09	-0.273421
4.07102e-09	-0.308995
4.07405e-09	-0.34404
4.07708e-09	-0.378481
4.08011e-09	-0.412243
4.08313e-09	-0.445253
4.08616e-09	-0.477438
4.08919e-09	-0.508727
4.09222e-09	-0.539052
4.09525e-09	-0.568345
4.09827e-09	-0.596541
4.1013e-09	-0.623577
4.10433e-09	-0.649393
4.10736e-09	-0.673929
4.11039e-09	-0.697129
4.11341e-09	-0.718942
4.11644e-09	-0.739315
4.11947e-09	-0.758202
4.1225e-09	-0.775558
4.12552e-09	-0.791342
4.12855e-09	-0.805515
4.13158e-09	-0.818042
4.13461e-09	-0.828892
4.13764e-09	-0.838037
4.14066e-09	-0.845453
4.14369e-09	-0.851118
4.14672e-09	-0.855015
4.14975e-09	-0.857131
4.15278e-09	-0.857456
4.1558e-09	-0.855983
4.15883e-09	-0.852712
4.16186e-09	-0.847642
4.16489e-09	-0.840781
4.16792e-09	-0.832136
4.17094e-09	-0.821721
4.17397e-09	-0.809553
4.177e-09	-0.795653
4.18003e-09	-0.780045
4.18306e-09	-0.762757
4.18608e-09	-0.74382
4.18911e-09	-0.723271
4.19214e-09	-0.701147
4.19517e-09	-0.677492
4.19819e-09	-0.652351
4.20122e-09	-0.625773
4.20425e-09	-0.597811
4.20728e-09	-0.568518
4.21031e-09	-0.537954
4.21333e-09	-0.50618
4.21636e-09	-0.473259
4.21939e-09	-0.439258
4.22242e-09	-0.404246
4.22545e-09	-0.368294
4.22847e-09	-0.331476
4.2315e-09	-0.293866
4.23453e-09	-0.255543
4.23756e-09	-0.216585
4.24059e-09	-0.177073
4.24361e-09	-0.137088
4.24664e-09	-0.0967151
4.24967e-09	-0.056037
4.2527e-09	-0.0151392
4.25572e-09	0.0258926
4.25875e-09	0.066972
4.26178e-09	0.108012
4.26481e-09	0.148927
4.26784e-09	0.18963
4.27086e-09	0.230034
4.27389e-09	0.270053
4.27692e-09	0.309603
4.27995e-09	0.348598
4.28298e-09	0.386954
4.286e-09	0.42459
4.28903e-09	0.461425
4.29206e-09	0.497378
4.29509e-09	0.532372
4.29812e-09	0.56633
4.30114e-09	0.59918
4.30417e-09	0.630848
4.3072e-09	0.661266
4.31023e-09	0.690367
4.31326e-09	0.718086
4.31628e-09	0.744361
4.31931e-09	0.769135
4.32234e-09	0.792351
4.32537e-09	0.813957
4.32839e-09	0.833904
4.33142e-09	0.852147
4.33445e-09	0.868644
4.33748e-09	0.883355
4.34051e-09	0.896246
4.34353e-09	0.907287
4.34656e-09	0.91645
4.34959e-09	0.923712
4.35262e-09	0.929053
4.35565e-09	0.932459
4.35867e-09	0.933919
4.3617e-09	0.933425
4.36473e-09	0.930975
4.36776e-09	0.92657
4.37079e-09	0.920215
4.37381e-09	0.911921
4.37684e-09	0.901701
4.37987e-09	0.889573
4.3829e-09	0.875558
4.38592e-09	0.859683
4.38895e-09	0.841978
4.39198e-09	0.822477
4.39501e-09	0.801218
4.39804e-09	0.778242
4.40106e-09	0.753594
4.40409e-09	0.727325
4.40712e-09	0.699485
4.41015e-09	0.670132
4.41318e-09	0.639323
4.4162e-09	0.607123
4.41923e-09	0.573596
4.42226e-09	0.538811
4.42529e-09	0.502838
4.42832e-09	0.465753
4.43134e-09	0.427631
4.43437e-09	0.38855
4.4374e-09	0.348593
4.44043e-09	0.307841
4.44346e-09	0.266379
4.44648e-09	0.224293
4.44951e-09	0.181672
4.45254e-09	0.138604
4.45557e-09	0.09518
4.45859e-09	0.05149
4.46162e-09	0.00762604
4.46465e-09	-0.0363196
4.46768e-09	-0.0802543
4.47071e-09	-0.124086
4.47373e-09	-0.167721
4.47676e-09	-0.211068
4.47979e-09	-0.254034
4.48282e-09	-0.29653
4.48585e-09	-0.338464
4.48887e-09	-0.379747
4.4919e-09	-0.420292
4.49493e-09	-0.460012
4.49796e-09	-0.498821
4.50099e-09	-0.536638
4.50401e-09	-0.573381
4.50704e-09	-0.608971
4.51007e-09	-0.643332
4.5131e-09	-0.67639
4.51612e-09	-0.708073
4.51915e-09	-0.738313
4.52218e-09	-0.767045
4.52521e-09	-0.794205
4.52824e-09	-0.819736
4.53126e-09	-0.84358
4.53429e-09	-0.865687
4.53732e-09	-0.886007
4.54035e-09	-0.904495
4.54338e-09	-0.921111
4.5464e-09	-0.935817
4.54943e-09	-0.948581
4.55246e-09	-0.959372
4.55549e-09	-0.968167
4.55852e-09	-0.974945
4.56154e-09	-0.97969
4.56457e-09	-0.982389
4.5676e-09	-0.983034
4.57063e-09	-0.981622
4.57366e-09	-0.978155
4.57668e-09	-0.972637
4.57971e-09	-0.965078
4.58274e-09	-0.955493
4.58577e-09	-0.943899
4.58879e-09	-0.930319
4.59182e-09	-0.91478
4.59485e-09	-0.897313
4.59788e-09	-0.877953
4.60091e-09	-0.856739
4.60393e-09	-0.833715
4.60696e-09	-0.808927
4.60999e-09	-0.782426
4.61302e-09	-0.754268
4.61605e-09	-0.724509
4.61907e-09	-0.693211
4.6221e-09	-0.66044
4.62513e-09	-0.626262
4.62816e-09	-0.59075
4.63119e-09	-0.553977
4.63421e-09	-0.516019
4.63724e-09	-0.476956
4.64027e-09	-0.436869
4.6433e-09	-0.395842
4.64633e-09	-0.353962
4.64935e-09	-0.311314
4.65238e-09	-0.26799
4.65541e-09	-0.22408
4.65844e-09	-0.179676
4.66146e-09	-0.134872
4.66449e-09	-0.0897606
4.66752e-09	-0.044438
4.67055e-09	0.00100089
4.67358e-09	0.0464603
4.6766e-09	0.0918444
4.67963e-09	0.137058
4.68266e-09	0.182005
4.68569e-09	0.226591
4.68872e-09	0.270722
4.69174e-09	0.314304
4.69477e-09	0.357247
4.6978e-09	0.399458
4.70083e-09	0.44085
4.70386e-09	0.481333
4.70688e-09	0.520823
4.70991e-09	0.559237
4.71294e-09	0.596492
4.71597e-09	0.632511
4.71899e-09	0.667216
4.72202e-09	0.700535
4.72505e-09	0.732397
4.72808e-09	0.762734
4.73111e-09	0.791482
4.73413e-09	0.818581
4.73716e-09	0.843972
4.74019e-09	0.867603
4.74322e-09	0.889423
4.74625e-09	0.909385
4.74927e-09	0.927448
4.7523e-09	0.943572
4.75533e-09	0.957725
4.75836e-09	0.969876
4.76139e-09	0.979999
4.76441e-09	0.988073
4.76744e-09	0.99408
4.77047e-09	0.998008
4.7735e-09	0.999849
4.77653e-09	0.999598
4.77955e-09	0.997257
4.78258e-09	0.992829
4.78561e-09	0.986326
4.78864e-09	0.977759
4.79166e-09	0.967148
4.79469e-09	0.954515
4.79772e-09	0.939887
4.80075e-09	0.923294
4.80378e-09	0.904772
4.8068e-09	0.884361
4.80983e-09	0.862103
4.81286e-09	0.838046
4.81589e-09	0.81224
4.81892e-09	0.784741
4.82194e-09	0.755606
4.82497e-09	0.724898
4.828e-09	0.69268
4.83103e-09	0.659023
4.83406e-09	0.623996
4.83708e-09	0.587674
4.84011e-09	0.550133
4.84314e-09	0.511454
4.84617e-09	0.471718
4.84919e-09	0.431009
4.85222e-09	0.389414
4.85525e-09	0.347019
4.85828e-09	0.303915
4.86131e-09	0.260192
4.86433e-09	0.215944
4.86736e-09	0.171262
4.87039e-09	0.126243
4.87342e-09	0.08098
4.87645e-09	0.0355691
4.87947e-09	-0.00989409
4.8825e-09	-0.0553138
4.88553e-09	-0.100594
4.88856e-09	-0.145641
4.89159e-09	-0.190358
4.89461e-09	-0.234652
4.89764e-09	-0.27843
4.90067e-09	-0.3216
4.9037e-09	-0.364072
4.90673e-09	-0.405756
4.90975e-09	-0.446565
4.91278e-09	-0.486414
4.91581e-09	-0.525219
4.91884e-09	-0.5629
4.92186e-09	-0.599378
4.92489e-09	-0.634578
4.92792e-09	-0.668424
4.93095e-09	-0.700849
4.93398e-09	-0.731783
4.937e-09	-0.761164
4.94003e-09	-0.788931
4.94306e-09	-0.815025
4.94609e-09	-0.839395
4.94912e-09	-0.861989
4.95214e-09	-0.882763
4.95517e-09	-0.901672
4.9582e-09	-0.91868
4.96123e-09	-0.933753
4.96426e-09	-0.946859
4.96728e-09	-0.957974
4.97031e-09	-0.967075
4.97334e-09	-0.974146
4.97637e-09	-0.979173
4.97939e-09	-0.982148
4.98242e-09	-0.983067
4.98545e-09	-0.981929
4.98848e-09	-0.978739
4.99151e-09	-0.973506
4.99453e-09	-0.966243
4.99756e-09	-0.956967
5.00059e-09	-0.9457
5.00362e-09	-0.932468
5.00665e-09	-0.917301
5.00967e-09	-0.900233
5.0127e-09	-0.881302
5.01573e-09	-0.86055
5.01876e-09	-0.838022
5.02179e-09	-0.813769
5.02481e-09	-0.787842
5.02784e-09	-0.7603
5.03087e-09	-0.731201
5.0339e-09	-0.700609
5.03693e-09	-0.66859
5.03995e-09	-0.635214
5.04298e-09	-0.600551
5.04601e-09	-0.564678
5.04904e-09	-0.52767
5.05206e-09	-0.489608
5.05509e-09	-0.450572
5.05812e-09	-0.410647
5.06115e-09	-0.369917
5.06418e-09	-0.32847
5.0672e-09	-0.286393
5.07023e-09	-0.243777
5.07326e-09	-0.200711
5.07629e-09	-0.157286
5.07932e-09	-0.113596
5.08234e-09	-0.0697312
5.08537e-09	-0.0257854
5.0884e-09	0.018149
5.09143e-09	0.0619797
5.09446e-09	0.105614
5.09748e-09	0.148962
5.10051e-09	0.191931
5.10354e-09	0.234431
5.10657e-09	0.276375
5.10959e-09	0.317675
5.11262e-09	0.358244
5.11565e-09	0.397999
5.11868e-09	0.436857
5.12171e-09	0.474738
5.12473e-09	0.511563
5.12776e-09	0.547258
5.13079e-09	0.581748
5.13382e-09	0.614963
5.13685e-09	0.646836
5.13987e-09	0.677301
5.1429e-09	0.706297
5.14593e-09	0.733765
5.14896e-09	0.759651
5.15199e-09	0.783902
5.15501e-09	0.806471
5.15804e-09	0.827312
5.16107e-09	0.846386
5.1641e-09	0.863656
5.16713e-09	0.879087
5.17015e-09	0.892652
5.17318e-09	0.904325
5.17621e-09	0.914085
5.17924e-09	0.921915
5.18226e-09	0.927803
5.18529e-09	0.93174
5.18832e-09	0.933721
5.19135e-09	0.933747
5.19438e-09	0.93182
5.1974e-09	0.927949
5.20043e-09	0.922146
5.20346e-09	0.914426
5.20649e-09	0.904811
5.20952e-09	0.893324
5.21254e-09	0.879994
5.21557e-09	0.864851
5.2186e-09	0.847933
5.22163e-09	0.829278
5.22466e-09	0.808928
5.22768e-09	0.786932
5.23071e-09	0.763337
5.23374e-09	0.738199
5.23677e-09	0.711572
5.2398e-09	0.683517
5.24282e-09	0.654094
5.24585e-09	0.62337
5.24888e-09	0.591412
5.25191e-09	0.55829
5.25493e-09	0.524077
5.25796e-09	0.488846
5.26099e-09	0.452675
5.26402e-09	0.415641
5.26705e-09	0.377825
5.27007e-09	0.339307
5.2731e-09	0.300172
5.27613e-09	0.260502
5.27916e-09	0.220383
5.28219e-09	0.1799
5.28521e-09	0.139138
5.28824e-09	0.0981852
5.29127e-09	0.0571275
5.2943e-09	0.0160517
5.29733e-09	-0.0249558
5.30035e-09	-0.0658088
5.30338e-09	-0.106422
5.30641e-09	-0.146709
5.30944e-09	-0.186588
5.31246e-09	-0.225975
5.31549e-09	-0.264788
5.31852e-09	-0.302948
5.32155e-09	-0.340375
5.32458e-09	-0.376992
5.3276e-09	-0.412725
5.33063e-09	-0.447501
5.33366e-09	-0.48125
5.33669e-09	-0.513901
5.33972e-09	-0.545391
5.34274e-09	-0.575656
5.34577e-09	-0.604635
5.3488e-09	-0.632271
5.35183e-09	-0.658509
5.35486e-09	-0.683299
5.35788e-09	-0.706591
5.36091e-09	-0.72834
5.36394e-09	-0.748507
5.36697e-09	-0.767051
5.37e-09	-0.783939
5.37302e-09	-0.799141
5.37605e-09	-0.812628
5.37908e-09	-0.824377
5.38211e-09	-0.834369
5.38513e-09	-0.842588
5.38816e-09	-0.849021
5.39119e-09	-0.85366
5.39422e-09	-0.8565
5.39725e-09	-0.857542
5.40027e-09	-0.856787
5.4033e-09	-0.854243
5.40633e-09	-0.849921
5.40936e-09	-0.843835
5.41239e-09	-0.836003
5.41541e-09	-0.826446
5.41844e-09	-0.815192
5.42147e-09	-0.802267
5.4245e-09	-0.787705
5.42753e-09	-0.771541
5.43055e-09	-0.753814
5.43358e-09	-0.734566
5.43661e-09	-0.713844
5.43964e-09	-0.691694
5.44266e-09	-0.668168
5.44569e-09	-0.64332
5.44872e-09	-0.617207
5.45175e-09	-0.589887
5.45478e-09	-0.561422
5.4578e-09	-0.531876
5.46083e-09	-0.501314
5.46386e-09	-0.469803
5.46689e-09	-0.437415
5.46992e-09	-0.404218
5.47294e-09	-0.370286
5.47597e-09	-0.335694
5.479e-09	-0.300515
5.48203e-09	-0.264826
5.48506e-09	-0.228704
5.48808e-09	-0.192226
5.49111e-09	-0.15547
5.49414e-09	-0.118515
5.49717e-09	-0.0814394
5.5002e-09	-0.0443211
5.50322e-09	-0.00723857
5.50625e-09	0.0297301
5.50928e-09	0.0665075
5.51231e-09	0.103017
5.51533e-09	0.139182
5.51836e-09	0.174929
5.52139e-09	0.210183
5.52442e-09	0.244871
5.52745e-09	0.278924
5.53047e-09	0.31227
5.5335e-09	0.344844
5.53653e-09	0.376578
5.53956e-09	0.40741
5.54259e-09	0.437277
5.54561e-09	0.46612
5.54864e-09	0.493882
5.55167e-09	0.520509
5.5547e-09	0.545948
5.55773e-09	0.570152
5.56075e-09	0.593072
5.56378e-09	0.614666
5.56681e-09	0.634893
5.56984e-09	0.653716
5.57286e-09	0.671101
5.57589e-09	0.687016
5.57892e-09	0.701433
5.58195e-09	0.714328
5.58498e-09	0.725679
5.588e-09	0.735469
5.59103e-09	0.743682
5.59406e-09	0.750308
5.59709e-09	0.755339
5.60012e-09	0.758771
5.60314e-09	0.760602
5.60617e-09	0.760835
5.6092e-09	0.759476
5.61223e-09	0.756534
5.61526e-09	0.752021
5.61828e-09	0.745954
5.62131e-09	0.738351
5.62434e-09	0.729234
5.62737e-09	0.718629
5.6304e-09	0.706564
5.63342e-09	0.693071
5.63645e-09	0.678183
5.63948e-09	0.661938
5.64251e-09	0.644375
5.64553e-09	0.625537
5.64856e-09	0.60547
5.65159e-09	0.584219
5.65462e-09	0.561835
5.65765e-09	0.538371
5.66067e-09	0.513878
5.6637e-09	0.488415
5.66673e-09	0.462038
5.66976e-09	0.434807
5.67279e-09	0.406782
5.67581e-09	0.378027
5.67884e-09	0.348604
5.68187e-09	0.318579
5.6849e-09	0.288018
5.68793e-09	0.256987
5.69095e-09	0.225554
5.69398e-09	0.193786
5.69701e-09	0.161752
5.70004e-09	0.129521
5.70306e-09	0.0971612
5.70609e-09	0.0647414
5.70912e-09	0.0323302
5.71215e-09	-4.1224e-06
5.71518e-09	-0.0321938
5.7182e-09	-0.0641717
5.72123e-09	-0.0958714
5.72426e-09	-0.127227
5.72729e-09	-0.158175
5.73032e-09	-0.188651
5.73334e-09	-0.218594
5.73637e-09	-0.247942
5.7394e-09	-0.276637
5.74243e-09	-0.304621
5.74546e-09	-0.331839
5.74848e-09	-0.358236
5.75151e-09	-0.383761
5.75454e-09	-0.408364
5.75757e-09	-0.431998
5.7606e-09	-0.454617
5.76362e-09	-0.476179
5.76665e-09	-0.496643
5.76968e-09	-0.51597
5.77271e-09	-0.534126
5.77573e-09	-0.551078
5.77876e-09	-0.566797
5.78179e-09	-0.581254
5.78482e-09	-0.594425
5.78785e-09	-0.606289
5.79087e-09	-0.616827
5.7939e-09	-0.626023
5.79693e-09	-0.633864
5.79996e-09	-0.640341
5.80299e-09	-0.645446
5.80601e-09	-0.649176
5.80904e-09	-0.651529
5.81207e-09	-0.652506
5.8151e-09	-0.652114
5.81813e-09	-0.650359
5.82115e-09	-0.647251
5.82418e-09	-0.642805
5.82721e-09	-0.637035
5.83024e-09	-0.629961
5.83327e-09	-0.621605
5.83629e-09	-0.61199
5.83932e-09	-0.601143
5.84235e-09	-0.589093
5.84538e-09	-0.575871
5.8484e-09	-0.561511
5.85143e-09	-0.54605
5.85446e-09	-0.529526
5.85749e-09	-0.511978
5.86052e-09	-0.493449
5.86354e-09	-0.473984
5.86657e-09	-0.453628
5.8696e-09	-0.432428
5.87263e-09	-0.410433
5.87566e-09	-0.387695
5.87868e-09	-0.364265
5.88171e-09	-0.340196
5.88474e-09	-0.315541
5.88777e-09	-0.290357
5.8908e-09	-0.264699
5.89382e-09	-0.238623
5.89685e-09	-0.212187
5.89988e-09	-0.185448
5.90291e-09	-0.158464
5.90593e-09	-0.131294
5.90896e-09	-0.103995
5.91199e-09	-0.0766269
5.91502e-09	-0.0492464
5.91805e-09	-0.0219117
5.92107e-09	0.00531976
5.9241e-09	0.0323913
5.92713e-09	0.0592466
5.93016e-09	0.0858303
5.93319e-09	0.112088
5.93621e-09	0.137966
5.93924e-09	0.163411
5.94227e-09	0.188374
5.9453e-09	0.212802
5.94833e-09	0.236649
5.95135e-09	0.259867
5.95438e-09	0.282411
5.95741e-09	0.304237
5.96044e-09	0.325302
5.96347e-09	0.345568
5.96649e-09	0.364995
5.96952e-09	0.383547
5.97255e-09	0.40119
5.97558e-09	0.417893
5.9786e-09	0.433625
5.98163e-09	0.448359
5.98466e-09	0.462069
5.98769e-09	0.474732
5.99072e-09	0.486328
5.99374e-09	0.496839
5.99677e-09	0.506248
5.9998e-09	0.514542
6.00283e-09	0.52171
6.00586e-09	0.527744
6.00888e-09	0.532636
6.01191e-09	0.536385
6.01494e-09	0.538988
6.01797e-09	0.540448
6.021e-09	0.540766
6.02402e-09	0.53995
6.02705e-09	0.538009
6.03008e-09	0.534952
6.03311e-09	0.530793
6.03613e-09	0.525547
6.03916e-09	0.519232
6.04219e-09	0.511867
6.04522e-09	0.503475
6.04825e-09	0.494079
6.05127e-09	0.483706
6.0543e-09	0.472382
6.05733e-09	0.460138
6.06036e-09	0.447005
6.06339e-09	0.433016
6.06641e-09	0.418206
6.06944e-09	0.402611
6.07247e-09	0.386269
6.0755e-09	0.369219
6.07853e-09	0.351501
6.08155e-09	0.333157
6.08458e-09	0.31423
6.08761e-09	0.294762
6.09064e-09	0.274798
6.09367e-09	0.254385
6.09669e-09	0.233566
6.09972e-09	0.212389
6.10275e-09	0.190902
6.10578e-09	0.16915
6.1088e-09	0.147182
6.11183e-09	0.125045
6.11486e-09	0.102787
6.11789e-09	0.0804559
6.12092e-09	0.0580994
6.12394e-09	0.0357645
6.12697e-09	0.0134983
6.13e-09	-0.00865261
6.13303e-09	-0.0306423
6.13606e-09	-0.0524255
6.13908e-09	-0.0739574
6.14211e-09	-0.0951944
6.14514e-09	-0.116093
6.14817e-09	-0.136613
6.1512e-09	-0.156711
6.15422e-09	-0.17635
6.15725e-09	-0.19549
6.16028e-09	-0.214094
6.16331e-09	-0.232126
6.16633e-09	-0.249553
6.16936e-09	-0.266341
6.17239e-09	-0.282459
6.17542e-09	-0.297878
6.17845e-09	-0.312569
6.18147e-09	-0.326508
6.1845e-09	-0.339668
6.18753e-09	-0.352028
6.19056e-09	-0.363567
6.19359e-09	-0.374267
6.19661e-09	-0.384109
6.19964e-09	-0.393079
6.20267e-09	-0.401165
6.2057e-09	-0.408355
6.20873e-09	-0.414639
6.21175e-09	-0.420012
6.21478e-09	-0.424467
6.21781e-09	-0.428002
6.22084e-09	-0.430615
6.22387e-09	-0.432308
6.22689e-09	-0.433083
6.22992e-09	-0.432944
6.23295e-09	-0.431899
6.23598e-09	-0.429955
6.239e-09	-0.427124
6.24203e-09	-0.423416
6.24506e-09	-0.418847
6.24809e-09	-0.413432
6.25112e-09	-0.407188
6.25414e-09	-0.400134
6.25717e-09	-0.392291
6.2602e-09	-0.383681
6.26323e-09	-0.374327
6.26626e-09	-0.364255
6.26928e-09	-0.35349
6.27231e-09	-0.342061
6.27534e-09	-0.329996
6.27837e-09	-0.317325
6.2814e-09	-0.304079
6.28442e-09	-0.290291
6.28745e-09	-0.275994
6.29048e-09	-0.26122
6.29351e-09	-0.246006
6.29653e-09	-0.230386
6.29956e-09	-0.214395
6.30259e-09	-0.198071
6.30562e-09	-0.181451
6.30865e-09	-0.164571
6.31167e-09	-0.14747
6.3147e-09	-0.130184
6.31773e-09	-0.112752
6.32076e-09	-0.095212
6.32379e-09	-0.0776012
6.32681e-09	-0.0599577
6.32984e-09	-0.0423188
6.33287e-09	-0.0247218
6.3359e-09	-0.00720356
6.33893e-09	0.0101995
6.34195e-09	0.0274515
6.34498e-09	0.044517
6.34801e-09	0.0613616
6.35104e-09	0.0779511
6.35407e-09	0.0942525
6.35709e-09	0.110234
6.36012e-09	0.125863
6.36315e-09	0.14111
6.36618e-09	0.155946
6.3692e-09	0.170342
6.37223e-09	0.184271
6.37526e-09	0.197708
6.37829e-09	0.210627
6.38132e-09	0.223006
6.38434e-09	0.234822
6.38737e-09	0.246055
6.3904e-09	0.256685
6.39343e-09	0.266695
6.39646e-09	0.276068
6.39948e-09	0.284789
6.40251e-09	0.292845
6.40554e-09	0.300223
6.40857e-09	0.306915
6.4116e-09	0.31291
6.41462e-09	0.318202
6.41765e-09	0.322785
6.42068e-09	0.326654
6.42371e-09	0.329807
6.42673e-09	0.332244
6.42976e-09	0.333963
6.43279e-09	0.334969
6.43582e-09	0.335263
6.43885e-09	0.334851
6.44187e-09	0.333739
6.4449e-09	0.331936
6.44793e-09	0.32945
6.45096e-09	0.326293
6.45399e-09	0.322475
6.45701e-09	0.318012
6.46004e-09	0.312916
6.46307e-09	0.307204
6.4661e-09	0.300894
6.46913e-09	0.294002
6.47215e-09	0.286549
6.47518e-09	0.278554
6.47821e-09	0.270039
6.48124e-09	0.261026
6.48427e-09	0.251539
6.48729e-09	0.2416
6.49032e-09	0.231235
6.49335e-09	0.220469
6.49638e-09	0.209329
6.4994e-09	0.19784
6.50243e-09	0.18603
6.50546e-09	0.173927
6.50849e-09	0.161558
6.51152e-09	0.148952
6.51454e-09	0.136137
6.51757e-09	0.123143
6.5206e-09	0.109997
6.52363e-09	0.0967303
6.52666e-09	0.0833707
6.52968e-09	0.0699473
6.53271e-09	0.0564893
6.53574e-09	0.0430252
6.53877e-09	0.0295836
6.5418e-09	0.0161928
6.54482e-09	0.00288071
6.54785e-09	-0.0103253
6.55088e-09	-0.0233981
6.55391e-09	-0.0363112
6.55694e-09	-0.0490386
6.55996e-09	-0.061555
6.56299e-09	-0.0738357
6.56602e-09	-0.0858566
6.56905e-09	-0.0975947
6.57207e-09	-0.109027
6.5751e-09	-0.120133
6.57813e-09	-0.130892
6.58116e-09	-0.141282
6.58419e-09	-0.151287
6.58721e-09	-0.160887
6.59024e-09	-0.170067
6.59327e-09	-0.17881
6.5963e-09	-0.187101
6.59933e-09	-0.194928
6.60235e-09	-0.202276
6.60538e-09	-0.209136
6.60841e-09	-0.215496
6.61144e-09	-0.221348
6.61447e-09	-0.226684
6.61749e-09	-0.231496
6.62052e-09	-0.235779
6.62355e-09	-0.23953
6.62658e-09	-0.242744
6.6296e-09	-0.245419
6.63263e-09	-0.247555
6.63566e-09	-0.249151
6.63869e-09	-0.25021
6.64172e-09	-0.250733
6.64474e-09	-0.250725
6.64777e-09	-0.250189
6.6508e-09	-0.249133
6.65383e-09	-0.247562
6.65686e-09	-0.245484
6.65988e-09	-0.242909
6.66291e-09	-0.239847
6.66594e-09	-0.236307
6.66897e-09	-0.232303
6.672e-09	-0.227846
6.67502e-09	-0.222951
6.67805e-09	-0.217631
6.68108e-09	-0.211902
6.68411e-09	-0.205778
6.68714e-09	-0.199278
6.69016e-09	-0.192418
6.69319e-09	-0.185216
6.69622e-09	-0.17769
6.69925e-09	-0.169859
6.70227e-09	-0.161743
6.7053e-09	-0.153361
6.70833e-09	-0.144734
6.71136e-09	-0.135881
6.71439e-09	-0.126824
6.71741e-09	-0.117584
6.72044e-09	-0.108182
6.72347e-09	-0.0986401
6.7265e-09	-0.0889788
6.72953e-09	-0.0792201
6.73255e-09	-0.0693855
6.73558e-09	-0.0594965
6.73861e-09	-0.0495747
6.74164e-09	-0.0396413
6.74467e-09	-0.0297175
6.74769e-09	-0.0198243
6.75072e-09	-0.00998219
6.75375e-09	-0.000211652
6.75678e-09	0.00946731
6.7598e-09	0.019035
6.76283e-09	0.0284723
6.76586e-09	0.0377604
6.76889e-09	0.0468811
6.77192e-09	0.0558165
6.77494e-09	0.0645495
6.77797e-09	0.0730636
6.781e-09	0.0813427
6.78403e-09	0.0893716
6.78706e-09	0.0971356
6.79008e-09	0.104621
6.79311e-09	0.111814
6.79614e-09	0.118703
6.79917e-09	0.125276
6.8022e-09	0.131521
6.80522e-09	0.13743
6.80825e-09	0.142992
6.81128e-09	0.148199
6.81431e-09	0.153044
6.81734e-09	0.15752
6.82036e-09	0.161621
6.82339e-09	0.165341
6.82642e-09	0.168677
6.82945e-09	0.171626
6.83247e-09	0.174184
6.8355e-09	0.17635
6.83853e-09	0.178124
6.84156e-09	0.179505
6.84459e-09	0.180495
6.84761e-09	0.181095
6.85064e-09	0.181308
6.85367e-09	0.181137
6.8567e-09	0.180586
6.85973e-09	0.17966
6.86275e-09	0.178365
6.86578e-09	0.176707
6.86881e-09	0.174694
6.87184e-09	0.172332
6.87487e-09	0.169632
6.87789e-09	0.166601
6.88092e-09	0.163249
6.88395e-09	0.159587
6.88698e-09	0.155626
6.89e-09	0.151376
6.89303e-09	0.146851
6.89606e-09	0.142062
6.89909e-09	0.137022
6.90212e-09	0.131744
6.90514e-09	0.126242
6.90817e-09	0.120529
6.9112e-09	0.114621
6.91423e-09	0.108531
6.91726e-09	0.102275
6.92028e-09	0.095867
6.92331e-09	0.0893222
6.92634e-09	0.0826562
6.92937e-09	0.0758842
6.9324e-09	0.0690217
6.93542e-09	0.0620842
6.93845e-09	0.0550872
6.94148e-09	0.048046
6.94451e-09	0.0409762
6.94754e-09	0.033893
6.95056e-09	0.0268116
6.95359e-09	0.0197469
6.95662e-09	0.0127139
6.95965e-09	0.00572704
6.96267e-09	-0.00119927
6.9657e-09	-0.00805096
6.96873e-09	-0.0148143
6.97176e-09	-0.0214758
6.97479e-09	-0.0280224
6.97781e-09	-0.0344414
6.98084e-09	-0.0407206
6.98387e-09	-0.046848
6.9869e-09	-0.0528122
6.98993e-09	-0.0586024
6.99295e-09	-0.0642079
6.99598e-09	-0.0696189
6.99901e-09	-0.074826
7.00204e-09	-0.0798202
7.00507e-09	-0.0845932
7.00809e-09	-0.0891371
7.01112e-09	-0.0934448
7.01415e-09	-0.0975096
7.01718e-09	-0.101325
7.0202e-09	-0.104887
7.02323e-09	-0.108189
7.02626e-09	-0.111228
7.02929e-09	-0.113999
7.03232e-09	-0.116501
7.03534e-09	-0.118729
7.03837e-09	-0.120684
7.0414e-09	-0.122362
7.04443e-09	-0.123765
7.04746e-09	-0.124891
7.05048e-09	-0.125742
7.05351e-09	-0.126318
7.05654e-09	-0.126621
7.05957e-09	-0.126654
7.0626e-09	-0.126419
7.06562e-09	-0.12592
7.06865e-09	-0.125161
7.07168e-09	-0.124146
7.07471e-09	-0.12288
7.07774e-09	-0.121369
7.08076e-09	-0.119618
7.08379e-09	-0.117634
7.08682e-09	-0.115423
7.08985e-09	-0.112993
7.09287e-09	-0.110351
7.0959e-09	-0.107506
7.09893e-09	-0.104465
7.10196e-09	-0.101237
7.10499e-09	-0.0978312
7.10801e-09	-0.0942566
7.11104e-09	-0.0905226
7.11407e-09	-0.0866391
7.1171e-09	-0.0826158
7.12013e-09	-0.0784629
7.12315e-09	-0.0741907
7.12618e-09	-0.0698095
7.12921e-09	-0.0653299
7.13224e-09	-0.0607626
7.13527e-09	-0.0561181
7.13829e-09	-0.0514072
7.14132e-09	-0.0466408
7.14435e-09	-0.0418295
7.14738e-09	-0.036984
7.15041e-09	-0.0321152
7.15343e-09	-0.0272335
7.15646e-09	-0.0223494
7.15949e-09	-0.0174735
7.16252e-09	-0.012616
7.16554e-09	-0.00778696
7.16857e-09	-0.00299637
7.1716e-09	0.00174603
7.17463e-09	0.0064307
7.17766e-09	0.0110483
7.18068e-09	0.0155899
7.18371e-09	0.0200465
7.18674e-09	0.0244098
7.18977e-09	0.0286714
7.1928e-09	0.0328236
7.19582e-09	0.0368587
7.19885e-09	0.0407694
7.20188e-09	0.0445489
7.20491e-09	0.0481907
7.20794e-09	0.0516886
7.21096e-09	0.0550368
7.21399e-09	0.0582299
7.21702e-09	0.0612629
7.22005e-09	0.0641312
7.22307e-09	0.0668307
7.2261e-09	0.0693575
7.22913e-09	0.0717082
7.23216e-09	0.07388
7.23519e-09	0.0758702
7.23821e-09	0.0776767
7.24124e-09	0.0792979
7.24427e-09	0.0807325
7.2473e-09	0.0819795
7.25033e-09	0.0830386
7.25335e-09	0.0839097
7.25638e-09	0.0845931
7.25941e-09	0.0850896
7.26244e-09	0.0854003
7.26547e-09	0.0855267
7.26849e-09	0.0854708
7.27152e-09	0.0852349
7.27455e-09	0.0848215
7.27758e-09	0.0842336
7.28061e-09	0.0834746
7.28363e-09	0.0825481
7.28666e-09	0.081458
7.28969e-09	0.0802087
7.29272e-09	0.0788047
7.29574e-09	0.0772508
7.29877e-09	0.0755521
7.3018e-09	0.0737139
7.30483e-09	0.071742
7.30786e-09	0.0696419
7.31088e-09	0.0674198
7.31391e-09	0.0650819
7.31694e-09	0.0626345
7.31997e-09	0.0600841
7.323e-09	0.0574375
7.32602e-09	0.0547014
7.32905e-09	0.0518827
7.33208e-09	0.0489885
7.33511e-09	0.0460258
7.33814e-09	0.0430017
7.34116e-09	0.0399234
7.34419e-09	0.0367983
7.34722e-09	0.0336334
7.35025e-09	0.030436
7.35327e-09	0.0272133
7.3563e-09	0.0239725
7.35933e-09	0.0207207
7.36236e-09	0.017465
7.36539e-09	0.0142124
7.36841e-09	0.0109697
7.37144e-09	0.00774382
7.37447e-09	0.00454131
7.3775e-09	0.00136875
7.38053e-09	-0.00176747
7.38355e-09	-0.00486111
7.38658e-09	-0.00790611
7.38961e-09	-0.0108966
7.39264e-09	-0.0138268
7.39567e-09	-0.0166913
7.39869e-09	-0.0194848
7.40172e-09	-0.0222022
7.40475e-09	-0.0248386
7.40778e-09	-0.0273895
7.41081e-09	-0.0298505
7.41383e-09	-0.0322174
7.41686e-09	-0.0344864
7.41989e-09	-0.0366539
7.42292e-09	-0.0387165
7.42594e-09	-0.0406711
7.42897e-09	-0.0425149
7.432e-09	-0.0442455
7.43503e-09	-0.0458604
7.43806e-09	-0.0473577
7.44108e-09	-0.0487358
7.44411e-09	-0.0499932
7.44714e-09	-0.0511287
7.45017e-09	-0.0521414
7.4532e-09	-0.0530308
7.45622e-09	-0.0537964
7.45925e-09	-0.0544383
7.46228e-09	-0.0549567
7.46531e-09	-0.055352
7.46834e-09	-0.0556249
7.47136e-09	-0.0557764
7.47439e-09	-0.0558078
7.47742e-09	-0.0557204
7.48045e-09	-0.0555161
7.48347e-09	-0.0551967
7.4865e-09	-0.0547644
7.48953e-09	-0.0542216
7.49256e-09	-0.0535709
7.49559e-09	-0.0528149
7.49861e-09	-0.0519568
7.50164e-09	-0.0509996
7.50467e-09	-0.0499467
7.5077e-09	-0.0488015
7.51073e-09	-0.0475677
7.51375e-09	-0.0462491
7.51678e-09	-0.0448495
7.51981e-09	-0.0433731
7.52284e-09	-0.0418239
7.52587e-09	-0.0402063
7.52889e-09	-0.0385245
7.53192e-09	-0.036783
7.53495e-09	-0.0349863
7.53798e-09	-0.033139
7.54101e-09	-0.0312456
7.54403e-09	-0.0293108
7.54706e-09	-0.0273392
7.55009e-09	-0.0253357
7.55312e-09	-0.0233048
7.55614e-09	-0.0212512
7.55917e-09	-0.0191797
7.5622e-09	-0.0170949
7.56523e-09	-0.0150014
7.56826e-09	-0.0129038
7.57128e-09	-0.0108067
7.57431e-09	-0.00871453
7.57734e-09	-0.00663166
7.58037e-09	-0.00456244
7.5834e-09	-0.00251112
7.58642e-09	-0.000481829
7.58945e-09	0.00152138
7.59248e-09	0.00349459
7.59551e-09	0.00543396
7.59854e-09	0.00733582
7.60156e-09	0.0091966
7.60459e-09	0.0110129
7.60762e-09	0.0127814
7.61065e-09	0.0144989
7.61367e-09	0.0161625
7.6167e-09	0.0177694
7.61973e-09	0.0193169
7.62276e-09	0.0208024
7.62579e-09	0.0222237
7.62881e-09	0.0235785
7.63184e-09	0.0248649
7.63487e-09	0.026081
7.6379e-09	0.0272253
7.64093e-09	0.0282961
7.64395e-09	0.0292923
7.64698e-09	0.0302126
7.65001e-09	0.0310562
7.65304e-09	0.0318224
7.65607e-09	0.0325105
7.65909e-09	0.03312
7.66212e-09	0.0336509
7.66515e-09	0.034103
7.66818e-09	0.0344764
7.67121e-09	0.0347715
7.67423e-09	0.0349886
7.67726e-09	0.0351283
7.68029e-09	0.0351915
7.68332e-09	0.0351791
7.68634e-09	0.035092
7.68937e-09	0.0349316
7.6924e-09	0.0346991
7.69543e-09	0.0343961
7.69846e-09	0.0340242
7.70148e-09	0.0335851
7.70451e-09	0.0330808
7.70754e-09	0.0325131
7.71057e-09	0.0318843
7.7136e-09	0.0311964
7.71662e-09	0.0304517
7.71965e-09	0.0296528
7.72268e-09	0.0288019
7.72571e-09	0.0279018
7.72874e-09	0.0269549
7.73176e-09	0.025964
7.73479e-09	0.0249317
7.73782e-09	0.023861
7.74085e-09	0.0227546
7.74388e-09	0.0216153
7.7469e-09	0.0204462
7.74993e-09	0.01925
7.75296e-09	0.0180298
7.75599e-09	0.0167885
7.75901e-09	0.0155291
7.76204e-09	0.0142544
7.76507e-09	0.0129676
7.7681e-09	0.0116714
7.77113e-09	0.0103688
7.77415e-09	0.00906262
7.77718e-09	0.00775579
7.78021e-09	0.00645109
7.78324e-09	0.00515127
7.78627e-09	0.00385906
7.78929e-09	0.00257711
7.79232e-09	0.00130802
7.79535e-09	5.43294e-05
7.79838e-09	-0.0011815
7.80141e-09	-0.00239708
7.80443e-09	-0.00359009
7.80746e-09	-0.0047583
7.81049e-09	-0.00589956
7.81352e-09	-0.00701181
7.81654e-09	-0.00809309
7.81957e-09	-0.00914153
7.8226e-09	-0.0101554
7.82563e-09	-0.0111329
7.82866e-09	-0.0120726
7.83168e-09	-0.0129729
7.83471e-09	-0.0138325
7.83774e-09	-0.0146502
7.84077e-09	-0.0154249
7.8438e-09	-0.0161554
7.84682e-09	-0.0168408
7.84985e-09	-0.0174804
7.85288e-09	-0.0180734
7.85591e-09	-0.0186192
7.85894e-09	-0.0191174
7.86196e-09	-0.0195676
7.86499e-09	-0.0199695
7.86802e-09	-0.020323
7.87105e-09	-0.0206279
7.87408e-09	-0.0208845
7.8771e-09	-0.0210927
7.88013e-09	-0.021253
7.88316e-09	-0.0213656
7.88619e-09	-0.021431
7.88921e-09	-0.0214498
7.89224e-09	-0.0214225
7.89527e-09	-0.0213501
7.8983e-09	-0.0212332
7.90133e-09	-0.0210727
7.90435e-09	-0.0208698
7.90738e-09	-0.0206253
7.91041e-09	-0.0203405
7.91344e-09	-0.0200166
7.91647e-09	-0.0196549
7.91949e-09	-0.0192566
7.92252e-09	-0.0188233
7.92555e-09	-0.0183562
7.92858e-09	-0.017857
7.93161e-09	-0.0173272
7.93463e-09	-0.0167684
7.93766e-09	-0.0161822
7.94069e-09	-0.0155703
7.94372e-09	-0.0149344
7.94674e-09	-0.0142762
7.94977e-09	-0.0135974
7.9528e-09	-0.0128999
7.95583e-09	-0.0121854
7.95886e-09	-0.0114556
7.96188e-09	-0.0107125
7.96491e-09	-0.00995773
7.96794e-09	-0.00919315
7.97097e-09	-0.00842054
7.974e-09	-0.00764168
7.97702e-09	-0.00685834
7.98005e-09	-0.00607227
7.98308e-09	-0.00528519
7.98611e-09	-0.00449882
7.98914e-09	-0.00371483
7.99216e-09	-0.00293487
7.99519e-09	-0.00216055
7.99822e-09	-0.00139345
8.00125e-09	-0.000635112
8.00428e-09	0.000112973
8.0073e-09	0.000849352
8.01033e-09	0.00157262
8.01336e-09	0.00228144
8.01639e-09	0.00297448
8.01941e-09	0.00365052
8.02244e-09	0.00430836
8.02547e-09	0.00494685
8.0285e-09	0.00556494
8.03153e-09	0.0061616
8.03455e-09	0.00673588
8.03758e-09	0.0072869
8.04061e-09	0.00781382
8.04364e-09	0.00831589
8.04667e-09	0.0087924
8.04969e-09	0.00924274
8.05272e-09	0.00966634
8.05575e-09	0.0100627
8.05878e-09	0.0104314
8.06181e-09	0.0107721
8.06483e-09	0.0110844
8.06786e-09	0.0113682
8.07089e-09	0.0116232
8.07392e-09	0.0118494
8.07694e-09	0.0120468
8.07997e-09	0.0122153
8.083e-09	0.0123551
8.08603e-09	0.0124663
8.08906e-09	0.0125491
8.09208e-09	0.0126037
8.09511e-09	0.0126306
8.09814e-09	0.01263
8.10117e-09	0.0126024
8.1042e-09	0.0125484
8.10722e-09	0.0124683
8.11025e-09	0.0123629
8.11328e-09	0.0122327
8.11631e-09	0.0120784
8.11934e-09	0.0119008
8.12236e-09	0.0117004
8.12539e-09	0.0114783
8.12842e-09	0.0112351
8.13145e-09	0.0109718
8.13448e-09	0.0106892
8.1375e-09	0.0103883
8.14053e-09	0.0100699
8.14356e-09	0.00973505
8.14659e-09	0.00938473
8.14961e-09	0.00901995
8.15264e-09	0.0086417
8.15567e-09	0.00825103
8.1587e-09	0.00784897
8.16173e-09	0.00743656
8.16475e-09	0.00701487
8.16778e-09	0.00658494
8.17081e-09	0.00614785
8.17384e-09	0.00570463
8.17687e-09	0.00525635
8.17989e-09	0.00480406
8.18292e-09	0.00434879
8.18595e-09	0.00389156
8.18898e-09	0.00343341
8.19201e-09	0.00297532
8.19503e-09	0.00251829
8.19806e-09	0.00206328
8.20109e-09	0.00161123
8.20412e-09	0.00116309
8.20714e-09	0.000719742
8.21017e-09	0.000282071
8.2132e-09	-0.000149073
8.21623e-09	-0.000572868
8.21926e-09	-0.000988519
8.22228e-09	-0.00139526
8.22531e-09	-0.00179237
8.22834e-09	-0.00217913
8.23137e-09	-0.0025549
8.2344e-09	-0.00291903
8.23742e-09	-0.00327094
8.24045e-09	-0.00361006
8.24348e-09	-0.00393587
8.24651e-09	-0.00424788
8.24954e-09	-0.00454566
8.25256e-09	-0.00482879
8.25559e-09	-0.00509691
8.25862e-09	-0.00534968
8.26165e-09	-0.0055868
8.26468e-09	-0.00580803
8.2677e-09	-0.00601315
8.27073e-09	-0.00620199
8.27376e-09	-0.0063744
8.27679e-09	-0.00653028
8.27981e-09	-0.00666958
8.28284e-09	-0.00679226
8.28587e-09	-0.00689834
8.2889e-09	-0.00698786
8.29193e-09	-0.00706091
8.29495e-09	-0.0071176
8.29798e-09	-0.00715808
8.30101e-09	-0.00718253
8.30404e-09	-0.00719117
8.30707e-09	-0.00718425
8.31009e-09	-0.00716203
8.31312e-09	-0.00712482
8.31615e-09	-0.00707295
8.31918e-09	-0.00700678
8.32221e-09	-0.00692669
8.32523e-09	-0.00683309
8.32826e-09	-0.0067264
8.33129e-09	-0.00660708
8.33432e-09	-0.0064756
8.33735e-09	-0.00633244
8.34037e-09	-0.0061781
8.3434e-09	-0.00601312
8.34643e-09	-0.00583803
8.34946e-09	-0.00565337
8.35248e-09	-0.00545971
8.35551e-09	-0.00525761
8.35854e-09	-0.00504766
8.36157e-09	-0.00483044
8.3646e-09	-0.00460654
8.36762e-09	-0.00437657
8.37065e-09	-0.00414111
8.37368e-09	-0.00390078
8.37671e-09	-0.00365617
8.37974e-09	-0.00340789
8.38276e-09	-0.00315654
8.38579e-09	-0.0029027
8.38882e-09	-0.00264698
8.39185e-09	-0.00238995
8.39488e-09	-0.0021322
8.3979e-09	-0.00187429
8.40093e-09	-0.00161678
8.40396e-09	-0.00136023
8.40699e-09	-0.00110517
8.41001e-09	-0.000852123
8.41304e-09	-0.000601608
8.41607e-09	-0.000354122
8.4191e-09	-0.000110147
8.42213e-09	0.000129851
8.42515e-09	0.00036542
8.42818e-09	0.000596128
8.43121e-09	0.000821559
8.43424e-09	0.00104132
8.43727e-09	0.00125503
8.44029e-09	0.00146233
8.44332e-09	0.00166288
8.44635e-09	0.00185637
8.44938e-09	0.00204251
8.45241e-09	0.00222101
8.45543e-09	0.00239163
8.45846e-09	0.00255412
8.46149e-09	0.00270829
8.46452e-09	0.00285394
8.46755e-09	0.00299091
8.47057e-09	0.00311904
8.4736e-09	0.00323823
8.47663e-09	0.00334836
8.47966e-09	0.00344935
8.48268e-09	0.00354115
8.48571e-09	0.00362372
8.48874e-09	0.00369705
8.49177e-09	0.00376113
8.4948e-09	0.00381599
8.49782e-09	0.00386167
8.50085e-09	0.00389823
8.50388e-09	0.00392576
8.50691e-09	0.00394436
8.50994e-09	0.00395414
8.51296e-09	0.00395524
8.51599e-09	0.00394781
8.51902e-09	0.00393201
8.52205e-09	0.00390802
8.52508e-09	0.00387605
8.5281e-09	0.00383631
8.53113e-09	0.00378901
8.53416e-09	0.0037344
8.53719e-09	0.00367272
8.54021e-09	0.00360423
8.54324e-09	0.0035292
8.54627e-09	0.00344792
8.5493e-09	0.00336066
8.55233e-09	0.00326772
8.55535e-09	0.00316941
8.55838e-09	0.00306604
8.56141e-09	0.00295791
8.56444e-09	0.00284536
8.56747e-09	0.00272869
8.57049e-09	0.00260824
8.57352e-09	0.00248434
8.57655e-09	0.00235732
8.57958e-09	0.00222751
8.58261e-09	0.00209524
8.58563e-09	0.00196084
8.58866e-09	0.00182464
8.59169e-09	0.00168697
8.59472e-09	0.00154815
8.59775e-09	0.00140851
8.60077e-09	0.00126836
8.6038e-09	0.00112802
8.60683e-09	0.000987799
8.60986e-09	0.000847989
8.61288e-09	0.000708892
8.61591e-09	0.000570797
8.61894e-09	0.000433983
8.62197e-09	0.000298726
8.625e-09	0.00016529
8.62802e-09	3.39319e-05
8.63105e-09	-9.51015e-05
8.63408e-09	-0.000221572
8.63711e-09	-0.000345253
8.64014e-09	-0.000465925
8.64316e-09	-0.000583383
8.64619e-09	-0.000697429
8.64922e-09	-0.000807879
8.65225e-09	-0.000914559
8.65528e-09	-0.00101731
8.6583e-09	-0.00111597
8.66133e-09	-0.00121041
8.66436e-09	-0.0013005
8.66739e-09	-0.00138612
8.67041e-09	-0.00146717
8.67344e-09	-0.00154356
8.67647e-09	-0.00161521
8.6795e-09	-0.00168205
8.68253e-09	-0.00174402
8.68555e-09	-0.00180107
8.68858e-09	-0.00185319
8.69161e-09	-0.00190033
8.69464e-09	-0.0019425
8.69767e-09	-0.00197969
8.70069e-09	-0.00201191
8.70372e-09	-0.00203919
8.70675e-09	-0.00206156
8.70978e-09	-0.00207906
8.71281e-09	-0.00209175
8.71583e-09	-0.00209968
8.71886e-09	-0.00210292
8.72189e-09	-0.00210156
8.72492e-09	-0.00209569
8.72795e-09	-0.0020854
8.73097e-09	-0.0020708
8.734e-09	-0.002052
8.73703e-09	-0.00202911
8.74006e-09	-0.00200227
8.74308e-09	-0.00197161
8.74611e-09	-0.00193726
8.74914e-09	-0.00189938
8.75217e-09	-0.0018581
8.7552e-09	-0.00181358
8.75822e-09	-0.00176598
8.76125e-09	-0.00171546
8.76428e-09	-0.00166219
8.76731e-09	-0.00160633
8.77034e-09	-0.00154805
8.77336e-09	-0.00148753
8.77639e-09	-0.00142494
8.77942e-09	-0.00136045
8.78245e-09	-0.00129425
8.78548e-09	-0.0012265
8.7885e-09	-0.00115739
8.79153e-09	-0.00108708
8.79456e-09	-0.00101577
8.79759e-09	-0.000943611
8.80061e-09	-0.000870787
8.80364e-09	-0.000797469
8.80667e-09	-0.000723823
8.8097e-09	-0.000650019
8.81273e-09	-0.000576217
8.81575e-09	-0.000502581
8.81878e-09	-0.000429265
8.82181e-09	-0.000356425
8.82484e-09	-0.00028421
8.82787e-09	-0.000212764
8.83089e-09	-0.00014223
8.83392e-09	-7.27419e-05
8.83695e-09	-4.43232e-06
8.83998e-09	6.25728e-05
8.84301e-09	0.000128153
8.84603e-09	0.000192191
8.84906e-09	0.00025458
8.85209e-09	0.000315213
8.85512e-09	0.000373993
8.85815e-09	0.000430827
8.86117e-09	0.00048563
8.8642e-09	0.00053832
8.86723e-09	0.000588823
8.87026e-09	0.000637073
8.87328e-09	0.000683007
8.87631e-09	0.00072657
8.87934e-09	0.000767713
8.88237e-09	0.000806392
8.8854e-09	0.000842572
8.88842e-09	0.000876223
8.89145e-09	0.000907319
8.89448e-09	0.000935843
8.89751e-09	0.000961782
8.90054e-09	0.00098513
8.90356e-09	0.00100589
8.90659e-09	0.00102406
8.90962e-09	0.00103965
8.91265e-09	0.00105269
8.91568e-09	0.00106319
8.9187e-09	0.00107117
8.92173e-09	0.00107668
8.92476e-09	0.00107975
8.92779e-09	0.00108041
8.93082e-09	0.00107872
8.93384e-09	0.00107472
8.93687e-09	0.00106847
8.9399e-09	0.00106003
8.94293e-09	0.00104945
8.94595e-09	0.0010368
8.94898e-09	0.00102216
8.95201e-09	0.00100558
8.95504e-09	0.000987157
8.95807e-09	0.000966952
8.96109e-09	0.00094505
8.96412e-09	0.00092153
8.96715e-09	0.000896478
8.97018e-09	0.000869977
8.97321e-09	0.000842114
8.97623e-09	0.000812976
8.97926e-09	0.000782654
8.98229e-09	0.000751236
8.98532e-09	0.000718814
8.98835e-09	0.000685476
8.99137e-09	0.000651316
8.9944e-09	0.000616423
8.99743e-09	0.000580888
9.00046e-09	0.000544803
9.00348e-09	0.000508256
9.00651e-09	0.000471337
9.00954e-09	0.000434133
9.01257e-09	0.000396733
9.0156e-09	0.00035922
9.01862e-09	0.000321681
9.02165e-09	0.000284197
9.02468e-09	0.000246849
9.02771e-09	0.000209715
9.03074e-09	0.000172874
9.03376e-09	0.000136399
9.03679e-09	0.000100363
9.03982e-09	6.48358e-05
9.04285e-09	2.98849e-05
9.04588e-09	-4.42486e-06
9.0489e-09	-3.80314e-05
9.05193e-09	-7.08755e-05
9.05496e-09	-0.000102901
9.05799e-09	-0.000134053
9.06102e-09	-0.000164283
9.06404e-09	-0.000193542
9.06707e-09	-0.000221786
9.0701e-09	-0.000248974
9.07313e-09	-0.000275068
9.07615e-09	-0.000300034
9.07918e-09	-0.000323838
9.08221e-09	-0.000346453
9.08524e-09	-0.000367853
9.08827e-09	-0.000388016
9.09129e-09	-0.000406924
9.09432e-09	-0.00042456
9.09735e-09	-0.000440912
9.10038e-09	-0.00045597
9.10341e-09	-0.000469728
9.10643e-09	-0.000482182
9.10946e-09	-0.00049333
9.11249e-09	-0.000503177
9.11552e-09	-0.000511726
9.11855e-09	-0.000518986
9.12157e-09	-0.000524967
9.1246e-09	-0.000529682
9.12763e-09	-0.000533146
9.13066e-09	-0.000535379
9.13368e-09	-0.0005364
9.13671e-09	-0.000536231
9.13974e-09	-0.000534899
9.14277e-09	-0.000532429
9.1458e-09	-0.000528851
9.14882e-09	-0.000524195
9.15185e-09	-0.000518493
9.15488e-09	-0.00051178
9.15791e-09	-0.000504092
9.16094e-09	-0.000495464
9.16396e-09	-0.000485937
9.16699e-09	-0.000475548
9.17002e-09	-0.000464339
9.17305e-09	-0.000452351
9.17608e-09	-0.000439627
9.1791e-09	-0.00042621
9.18213e-09	-0.000412144
9.18516e-09	-0.000397473
9.18819e-09	-0.000382241
9.19122e-09	-0.000366494
9.19424e-09	-0.000350277
9.19727e-09	-0.000333636
9.2003e-09	-0.000316616
9.20333e-09	-0.000299261
9.20635e-09	-0.000281618
9.20938e-09	-0.00026373
9.21241e-09	-0.000245643
9.21544e-09	-0.000227399
9.21847e-09	-0.000209043
9.22149e-09	-0.000190617
9.22452e-09	-0.000172163
9.22755e-09	-0.000153721
9.23058e-09	-0.000135333
9.23361e-09	-0.000117037
9.23663e-09	-9.88717e-05
9.23966e-09	-8.08741e-05
9.24269e-09	-6.30801e-05
9.24572e-09	-4.55246e-05
9.24875e-09	-2.82411e-05
9.25177e-09	-1.12617e-05
9.2548e-09	5.38264e-06
9.25783e-09	2.16625e-05
9.26086e-09	3.75497e-05
9.26388e-09	5.30178e-05
9.26691e-09	6.80417e-05
9.26994e-09	8.25978e-05
9.27297e-09	9.66639e-05
9.276e-09	0.00011022
9.27902e-09	0.000123246
9.28205e-09	0.000135726
9.28508e-09	0.000147643
9.28811e-09	0.000158983
9.29114e-09	0.000169734
9.29416e-09	0.000179885
9.29719e-09	0.000189425
9.30022e-09	0.000198348
9.30325e-09	0.000206646
9.30628e-09	0.000214315
9.3093e-09	0.000221351
9.31233e-09	0.000227753
9.31536e-09	0.000233519
9.31839e-09	0.000238651
9.32142e-09	0.000243151
9.32444e-09	0.000247023
9.32747e-09	0.000250272
9.3305e-09	0.000252903
9.33353e-09	0.000254925
9.33655e-09	0.000256346
9.33958e-09	0.000257175
9.34261e-09	0.000257424
9.34564e-09	0.000257105
9.34867e-09	0.000256231
9.35169e-09	0.000254815
9.35472e-09	0.000252872
9.35775e-09	0.000250418
9.36078e-09	0.00024747
9.36381e-09	0.000244044
9.36683e-09	0.000240159
9.36986e-09	0.000235832
9.37289e-09	0.000231083
9.37592e-09	0.000225932
9.37895e-09	0.000220399
9.38197e-09	0.000214504
9.385e-09	0.000208267
9.38803e-09	0.000201711
9.39106e-09	0.000194856
9.39408e-09	0.000187725
9.39711e-09	0.000180338
9.40014e-09	0.000172718
9.40317e-09	0.000164886
9.4062e-09	0.000156865
9.40922e-09	0.000148675
9.41225e-09	0.00014034
9.41528e-09	0.00013188
9.41831e-09	0.000123317
9.42134e-09	0.000114672
9.42436e-09	0.000105965
9.42739e-09	9.72181e-05
9.43042e-09	8.84504e-05
9.43345e-09	7.96819e-05
9.43648e-09	7.0932e-05
9.4395e-09	6.22195e-05
9.44253e-09	5.35628e-05
9.44556e-09	4.49799e-05
9.44859e-09	3.64879e-05
9.45162e-09	2.81036e-05
9.45464e-09	1.98431e-05
9.45767e-09	1.17219e-05
9.4607e-09	3.75484e-06
9.46373e-09	-4.04393e-06
9.46675e-09	-1.16609e-05
9.46978e-09	-1.90833e-05
9.47281e-09	-2.62992e-05
9.47584e-09	-3.3297e-05
9.47887e-09	-4.00663e-05
9.48189e-09	-4.65971e-05
9.48492e-09	-5.28804e-05
9.48795e-09	-5.89077e-05
9.49098e-09	-6.46715e-05
9.49401e-09	-7.01649e-05
9.49703e-09	-7.53817e-05
9.50006e-09	-8.03167e-05
9.50309e-09	-8.49652e-05
9.50612e-09	-8.93232e-05
9.50915e-09	-9.33878e-05
9.51217e-09	-9.71564e-05
9.5152e-09	-0.000100627
9.51823e-09	-0.0001038
9.52126e-09	-0.000106673
9.52429e-09	-0.000109248
9.52731e-09	-0.000111524
9.53034e-09	-0.000113505
9.53337e-09	-0.000115193
9.5364e-09	-0.000116589
9.53942e-09	-0.000117697
9.54245e-09	-0.000118523
9.54548e-09	-0.000119069
9.54851e-09	-0.000119342
