% time-domain voltage integration by openEMS v0.0.35 @Thu May 22 19:09:25 2025
% start-coordinates: (-0.01875,-0.01425,0) m -> [6,6,0]
% stop-coordinates: (-0.01875,-0.01425,0.0016) m -> [6,6,1]
% t/s	voltage
0	-0
4.54186218886e-11	-0
9.08372437772e-11	-0
1.36255865666e-10	-0
1.81674487554e-10	-0
2.27093109443e-10	-0
2.72511731332e-10	-0
3.1793035322e-10	-0
3.63348975109e-10	-0
4.08767596997e-10	-0
4.54186218886e-10	-0
4.99604840775e-10	-0
5.45023462663e-10	-0
5.90442084552e-10	-0
6.35860706441e-10	-0
6.81279328329e-10	-0
7.26697950218e-10	-0
7.72116572106e-10	-0
8.17535193995e-10	-0
8.62953815884e-10	-0
9.08372437772e-10	-0
9.53791059661e-10	-0
9.99209681549e-10	-0
1.04462830344e-09	-0
1.09004692533e-09	-0
1.13546554722e-09	-0
1.1808841691e-09	-0
1.22630279099e-09	-0
1.27172141288e-09	-0
1.31714003477e-09	-0
1.36255865666e-09	-0
1.40797727855e-09	-0
1.45339590044e-09	-0
1.49881452232e-09	-0
1.54423314421e-09	-0
1.5896517661e-09	-0
1.63507038799e-09	-0
1.68048900988e-09	-0
1.72590763177e-09	-0
1.77132625366e-09	-0
1.81674487554e-09	-0
1.86216349743e-09	-0
1.90758211932e-09	-0
1.95300074121e-09	-0
1.9984193631e-09	-0
2.04383798499e-09	-0
2.08925660688e-09	-0
2.13467522876e-09	-0
2.18009385065e-09	-0
2.22551247254e-09	-0
2.27093109443e-09	-0
2.31634971632e-09	-0
2.36176833821e-09	-0
2.4071869601e-09	-0
2.45260558198e-09	-0
2.49802420387e-09	-0
2.54344282576e-09	-0
2.58886144765e-09	-0
2.63428006954e-09	-0
2.67969869143e-09	-0
2.72511731332e-09	-0
2.77053593521e-09	-0
2.81595455709e-09	-0
2.86137317898e-09	-0
2.90679180087e-09	-0
2.95221042276e-09	-0
2.99762904465e-09	-0
3.04304766654e-09	-0
3.08846628843e-09	-0
3.13388491031e-09	-0
3.1793035322e-09	-0
3.22472215409e-09	-0
3.27014077598e-09	-0
3.31555939787e-09	-0
3.36097801976e-09	-0
3.40639664165e-09	-0
3.45181526353e-09	-0
3.49723388542e-09	-0
3.54265250731e-09	-0
3.5880711292e-09	-0
3.63348975109e-09	-0
3.67890837298e-09	-0
3.72432699487e-09	-0
3.76974561675e-09	-0
3.81516423864e-09	-0
3.86058286053e-09	-0
3.90600148242e-09	-0
3.95142010431e-09	-0
3.9968387262e-09	-0
4.04225734809e-09	-0
4.08767596997e-09	-0
4.13309459186e-09	-0
4.17851321375e-09	-0
4.22393183564e-09	-0
4.26935045753e-09	-0
4.31476907942e-09	-0
4.36018770131e-09	-0
4.4056063232e-09	-0
4.45102494508e-09	-0
4.49644356697e-09	-0
4.54186218886e-09	-0
4.58728081075e-09	-0
4.63269943264e-09	-0
4.67811805453e-09	-0
4.72353667642e-09	-0
4.7689552983e-09	-0
4.81437392019e-09	-0
4.85979254208e-09	-0
4.90521116397e-09	-0
4.95062978586e-09	-0
4.99604840775e-09	-0
5.04146702964e-09	-0
5.08688565152e-09	-0
5.13230427341e-09	-0
5.1777228953e-09	-0
5.22314151719e-09	-0
5.26856013908e-09	-0
5.31397876097e-09	-0
5.35939738286e-09	-0
5.40481600474e-09	-0
5.45023462663e-09	-0
5.49565324852e-09	-0
5.54107187041e-09	-0
5.5864904923e-09	-0
5.63190911419e-09	-0
5.67732773608e-09	-0
5.72274635796e-09	-0
5.76816497985e-09	-0
5.81358360174e-09	-0
5.85900222363e-09	-0
5.90442084552e-09	-0
5.94983946741e-09	-0
5.9952580893e-09	-0
6.04067671118e-09	-0
6.08609533307e-09	-0
6.13151395496e-09	-0
6.17693257685e-09	-0
6.22235119874e-09	-0
6.26776982063e-09	-0
6.31318844252e-09	-0
6.35860706441e-09	-0
6.40402568629e-09	-0
6.44944430818e-09	-0
6.49486293007e-09	-0
6.54028155196e-09	-0
6.58570017385e-09	-0
6.63111879574e-09	-0
6.67653741763e-09	-0
6.72195603951e-09	-0
6.7673746614e-09	-0
6.81279328329e-09	-0
6.85821190518e-09	-0
6.90363052707e-09	-0
6.94904914896e-09	-0
6.99446777085e-09	-0
7.03988639273e-09	-0
7.08530501462e-09	-0
7.13072363651e-09	-0
7.1761422584e-09	-0
7.22156088029e-09	-0
7.26697950218e-09	-0
7.31239812407e-09	-0
7.35781674595e-09	-0
7.40323536784e-09	-0
7.44865398973e-09	-0
7.49407261162e-09	-0
7.53949123351e-09	-0
7.5849098554e-09	-0
7.63032847729e-09	-0
7.67574709917e-09	-0
7.72116572106e-09	-0
7.76658434295e-09	-0
7.81200296484e-09	-0
7.85742158673e-09	-0
7.90284020862e-09	-0
7.94825883051e-09	-0
7.9936774524e-09	-0
8.03909607428e-09	-0
8.08451469617e-09	-0
8.12993331806e-09	-0
8.17535193995e-09	-0
8.22077056184e-09	-0
8.26618918373e-09	-0
8.31160780562e-09	-0
8.3570264275e-09	-0
8.40244504939e-09	-0
8.44786367128e-09	-0
8.49328229317e-09	-0
8.53870091506e-09	-0
8.58411953695e-09	-0
8.62953815884e-09	-0
8.67495678072e-09	-0
8.72037540261e-09	-0
8.7657940245e-09	-0
8.81121264639e-09	-0
8.85663126828e-09	-0
8.90204989017e-09	-0
8.94746851206e-09	-0
8.99288713394e-09	-0
9.03830575583e-09	-0
9.08372437772e-09	-0
9.12914299961e-09	-0
9.1745616215e-09	-0
9.21998024339e-09	-0
9.26539886528e-09	-0
9.31081748716e-09	-0
9.35623610905e-09	-0
9.40165473094e-09	-0
9.44707335283e-09	-0
9.49249197472e-09	-0
9.53791059661e-09	-0
9.5833292185e-09	-0
9.62874784038e-09	-0
9.67416646227e-09	-0
9.71958508416e-09	-0
9.76500370605e-09	-0
9.81042232794e-09	-0
9.85584094983e-09	-0
9.90125957172e-09	-0
9.94667819361e-09	-0
9.99209681549e-09	-0
1.00375154374e-08	-0
1.00829340593e-08	-0
1.01283526812e-08	-0
1.0173771303e-08	-0
1.02191899249e-08	-0
1.02646085468e-08	-0
1.03100271687e-08	-0
1.03554457906e-08	-0
1.04008644125e-08	-0
1.04462830344e-08	-0
1.04917016563e-08	-0
1.05371202782e-08	-0
1.05825389e-08	-0
1.06279575219e-08	-0
1.06733761438e-08	-0
1.07187947657e-08	-0
1.07642133876e-08	-0
1.08096320095e-08	-0
1.08550506314e-08	-0
1.09004692533e-08	-0
1.09458878752e-08	-0
1.0991306497e-08	-0
1.10367251189e-08	-0
1.10821437408e-08	-0
1.11275623627e-08	-0
1.11729809846e-08	-0
1.12183996065e-08	-0
1.12638182284e-08	-0
1.13092368503e-08	-0
1.13546554722e-08	-0
1.1400074094e-08	-0
1.14454927159e-08	-0
1.14909113378e-08	-0
1.15363299597e-08	-0
1.15817485816e-08	-0
1.16271672035e-08	-0
1.16725858254e-08	-0
1.17180044473e-08	-0
1.17634230691e-08	-0
1.1808841691e-08	-0
1.18542603129e-08	-0
1.18996789348e-08	-0
1.19450975567e-08	-0
1.19905161786e-08	-0
1.20359348005e-08	-0
1.20813534224e-08	-0
1.21267720443e-08	-0
1.21721906661e-08	-0
1.2217609288e-08	-0
1.22630279099e-08	-0
1.23084465318e-08	-0
1.23538651537e-08	-0
1.23992837756e-08	-0
1.24447023975e-08	-0
1.24901210194e-08	-0
1.25355396413e-08	-0
1.25809582631e-08	-0
1.2626376885e-08	-0
1.26717955069e-08	-0
1.27172141288e-08	-0
1.27626327507e-08	-0
1.28080513726e-08	-0
1.28534699945e-08	-0
1.28988886164e-08	-0
1.29443072383e-08	-0
1.29897258601e-08	-0
1.3035144482e-08	-0
1.30805631039e-08	-0
1.31259817258e-08	-0
1.31714003477e-08	-0
1.32168189696e-08	-0
1.32622375915e-08	-0
1.33076562134e-08	-0
1.33530748353e-08	-0
1.33984934571e-08	-0
1.3443912079e-08	-0
1.34893307009e-08	-0
1.35347493228e-08	-0
1.35801679447e-08	-0
1.36255865666e-08	-0
1.36710051885e-08	-0
1.37164238104e-08	-0
1.37618424322e-08	-0
1.38072610541e-08	-0
1.3852679676e-08	-0
1.38980982979e-08	-0
1.39435169198e-08	-0
1.39889355417e-08	-0
1.40343541636e-08	-0
1.40797727855e-08	-0
1.41251914074e-08	-0
1.41706100292e-08	-0
1.42160286511e-08	-0
1.4261447273e-08	-0
1.43068658949e-08	-0
1.43522845168e-08	-0
1.43977031387e-08	-0
1.44431217606e-08	-0
1.44885403825e-08	-0
1.45339590044e-08	-0
1.45793776262e-08	-0
1.46247962481e-08	-0
1.467021487e-08	-0
1.47156334919e-08	-0
1.47610521138e-08	-0
1.48064707357e-08	-0
1.48518893576e-08	-0
1.48973079795e-08	-0
1.49427266014e-08	-0
1.49881452232e-08	-0
1.50335638451e-08	-0
1.5078982467e-08	-0
1.51244010889e-08	-0
1.51698197108e-08	-0
1.52152383327e-08	-0
1.52606569546e-08	-0
1.53060755765e-08	-0
1.53514941983e-08	-0
1.53969128202e-08	-0
1.54423314421e-08	-0
1.5487750064e-08	-0
1.55331686859e-08	-0
1.55785873078e-08	-0
1.56240059297e-08	-0
1.56694245516e-08	-0
1.57148431735e-08	-0
1.57602617953e-08	-0
1.58056804172e-08	-0
1.58510990391e-08	-0
1.5896517661e-08	-0
1.59419362829e-08	-0
1.59873549048e-08	-0
1.60327735267e-08	-0
1.60781921486e-08	-0
1.61236107705e-08	-0
1.61690293923e-08	-0
1.62144480142e-08	-0
1.62598666361e-08	-0
1.6305285258e-08	-0
1.63507038799e-08	-0
1.63961225018e-08	-0
1.64415411237e-08	-0
1.64869597456e-08	-0
1.65323783675e-08	-0
1.65777969893e-08	-0
1.66232156112e-08	-0
1.66686342331e-08	-0
1.6714052855e-08	-0
1.67594714769e-08	-0
1.68048900988e-08	-0
1.68503087207e-08	-0
1.68957273426e-08	-0
1.69411459645e-08	-0
1.69865645863e-08	-0
1.70319832082e-08	-0
1.70774018301e-08	-0
1.7122820452e-08	-0
1.71682390739e-08	-0
1.72136576958e-08	-0
1.72590763177e-08	-0
1.73044949396e-08	-0
1.73499135614e-08	-0
1.73953321833e-08	-0
1.74407508052e-08	-0
1.74861694271e-08	-0
1.7531588049e-08	-0
1.75770066709e-08	-0
1.76224252928e-08	-0
1.76678439147e-08	-0
1.77132625366e-08	-0
1.77586811584e-08	-0
1.78040997803e-08	-0
1.78495184022e-08	-0
1.78949370241e-08	-0
1.7940355646e-08	-0
1.79857742679e-08	-0
1.80311928898e-08	-0
1.80766115117e-08	-0
1.81220301336e-08	-0
1.81674487554e-08	-0
1.82128673773e-08	-0
1.82582859992e-08	-0
1.83037046211e-08	-0
1.8349123243e-08	-0
1.83945418649e-08	-0
1.84399604868e-08	-0
1.84853791087e-08	-0
1.85307977306e-08	-0
1.85762163524e-08	-0
1.86216349743e-08	-0
1.86670535962e-08	-0
1.87124722181e-08	-0
1.875789084e-08	-0
1.88033094619e-08	-0
1.88487280838e-08	-0
1.88941467057e-08	-0
1.89395653275e-08	-0
1.89849839494e-08	-0
1.90304025713e-08	-0
1.90758211932e-08	-0
1.91212398151e-08	-0
1.9166658437e-08	-0
1.92120770589e-08	-0
1.92574956808e-08	-0
1.93029143027e-08	-0
1.93483329245e-08	-0
1.93937515464e-08	-0
1.94391701683e-08	-0
1.94845887902e-08	-0
1.95300074121e-08	-0
1.9575426034e-08	-0
1.96208446559e-08	-0
1.96662632778e-08	-0
1.97116818997e-08	-0
1.97571005215e-08	-0
1.98025191434e-08	-0
1.98479377653e-08	-0
1.98933563872e-08	-0
1.99387750091e-08	-0
1.9984193631e-08	-0
2.00296122529e-08	-0
2.00750308748e-08	-0
2.01204494967e-08	-0
2.01658681185e-08	-0
2.02112867404e-08	-0
2.02567053623e-08	-0
2.03021239842e-08	-0
2.03475426061e-08	-0
2.0392961228e-08	-0
2.04383798499e-08	-0
2.04837984718e-08	-0
2.05292170937e-08	-0
2.05746357155e-08	-0
2.06200543374e-08	-0
2.06654729593e-08	-0
2.07108915812e-08	-0
2.07563102031e-08	-0
2.0801728825e-08	-0
2.08471474469e-08	-0
2.08925660688e-08	-0
2.09379846906e-08	-0
2.09834033125e-08	-0
2.10288219344e-08	-0
2.10742405563e-08	-0
2.11196591782e-08	-0
2.11650778001e-08	-0
2.1210496422e-08	-0
2.12559150439e-08	-0
2.13013336658e-08	-0
2.13467522876e-08	-0
2.13921709095e-08	-0
2.14375895314e-08	-0
2.14830081533e-08	-0
2.15284267752e-08	-0
2.15738453971e-08	-0
2.1619264019e-08	-0
2.16646826409e-08	-0
2.17101012628e-08	-0
2.17555198846e-08	-0
2.18009385065e-08	-0
2.18463571284e-08	-0
2.18917757503e-08	-0
2.19371943722e-08	-0
2.19826129941e-08	-0
2.2028031616e-08	-0
2.20734502379e-08	-0
2.21188688598e-08	-0
2.21642874816e-08	-0
2.22097061035e-08	-0
2.22551247254e-08	-0
2.23005433473e-08	-0
2.23459619692e-08	-0
2.23913805911e-08	-0
2.2436799213e-08	-0
2.24822178349e-08	-0
2.25276364567e-08	-0
2.25730550786e-08	-0
2.26184737005e-08	-0
2.26638923224e-08	-0
2.27093109443e-08	-0
2.27547295662e-08	-0
2.28001481881e-08	-0
2.284556681e-08	-0
2.28909854319e-08	-0
2.29364040537e-08	-0
2.29818226756e-08	-0
2.30272412975e-08	-0
2.30726599194e-08	-0
2.31180785413e-08	-0
2.31634971632e-08	-0
2.32089157851e-08	-0
2.3254334407e-08	-0
2.32997530289e-08	-0
2.33451716507e-08	-0
2.33905902726e-08	-0
2.34360088945e-08	-0
2.34814275164e-08	-0
2.35268461383e-08	-0
2.35722647602e-08	-0
2.36176833821e-08	-0
2.3663102004e-08	-0
2.37085206259e-08	-0
2.37539392477e-08	-0
2.37993578696e-08	-0
2.38447764915e-08	-0
2.38901951134e-08	-0
2.39356137353e-08	-0
2.39810323572e-08	-0
2.40264509791e-08	-0
2.4071869601e-08	-0
2.41172882229e-08	-0
2.41627068447e-08	-0
2.42081254666e-08	-0
2.42535440885e-08	-0
2.42989627104e-08	-0
2.43443813323e-08	-0
2.43897999542e-08	-0
2.44352185761e-08	-0
2.4480637198e-08	-0
2.45260558198e-08	-0
2.45714744417e-08	-0
2.46168930636e-08	-0
2.46623116855e-08	-0
2.47077303074e-08	-0
2.47531489293e-08	-0
2.47985675512e-08	-0
2.48439861731e-08	-0
2.4889404795e-08	-0
2.49348234168e-08	-0
2.49802420387e-08	-0
2.50256606606e-08	-0
2.50710792825e-08	-0
2.51164979044e-08	-0
2.51619165263e-08	-0
2.52073351482e-08	-0
2.52527537701e-08	-0
2.5298172392e-08	-0
2.53435910138e-08	-0
2.53890096357e-08	-0
2.54344282576e-08	-0
2.54798468795e-08	-0
2.55252655014e-08	-0
2.55706841233e-08	-0
2.56161027452e-08	-0
2.56615213671e-08	-0
2.5706939989e-08	-0
2.57523586108e-08	-0
2.57977772327e-08	-0
2.58431958546e-08	-0
2.58886144765e-08	-0
2.59340330984e-08	-0
2.59794517203e-08	-0
2.60248703422e-08	-0
2.60702889641e-08	-0
2.61157075859e-08	-0
2.61611262078e-08	-0
2.62065448297e-08	-0
2.62519634516e-08	-0
2.62973820735e-08	-0
2.63428006954e-08	-0
2.63882193173e-08	-0
2.64336379392e-08	-0
2.64790565611e-08	-0
2.65244751829e-08	-0
2.65698938048e-08	-0
2.66153124267e-08	-0
2.66607310486e-08	-0
2.67061496705e-08	-0
2.67515682924e-08	-0
2.67969869143e-08	-0
2.68424055362e-08	-0
2.68878241581e-08	-0
2.69332427799e-08	-0
2.69786614018e-08	-0
2.70240800237e-08	-0
2.70694986456e-08	-0
2.71149172675e-08	-0
2.71603358894e-08	-0
2.72057545113e-08	-0
2.72511731332e-08	-0
2.72965917551e-08	-0
2.73420103769e-08	-0
2.73874289988e-08	-0
2.74328476207e-08	-0
2.74782662426e-08	-0
2.75236848645e-08	-0
2.75691034864e-08	-0
2.76145221083e-08	-0
2.76599407302e-08	-0
2.77053593521e-08	-0
2.77507779739e-08	-0
2.77961965958e-08	-0
2.78416152177e-08	-0
2.78870338396e-08	-0
2.79324524615e-08	-0
2.79778710834e-08	-0
2.80232897053e-08	-0
2.80687083272e-08	-0
2.8114126949e-08	-0
2.81595455709e-08	-0
2.82049641928e-08	-0
2.82503828147e-08	-0
2.82958014366e-08	-0
2.83412200585e-08	-0
2.83866386804e-08	-0
2.84320573023e-08	-0
2.84774759242e-08	-0
2.8522894546e-08	-0
2.85683131679e-08	-0
2.86137317898e-08	-0
2.86591504117e-08	-0
2.87045690336e-08	-0
2.87499876555e-08	-0
2.87954062774e-08	-0
2.88408248993e-08	-0
2.88862435212e-08	-0
2.8931662143e-08	-0
2.89770807649e-08	-0
2.90224993868e-08	-0
2.90679180087e-08	-0
2.91133366306e-08	-0
2.91587552525e-08	-0
2.92041738744e-08	-0
2.92495924963e-08	-0
2.92950111182e-08	-0
2.934042974e-08	-0
2.93858483619e-08	-0
2.94312669838e-08	-0
2.94766856057e-08	-0
2.95221042276e-08	-0
2.95675228495e-08	-0
2.96129414714e-08	-0
2.96583600933e-08	-0
2.97037787151e-08	-0
2.9749197337e-08	-0
2.97946159589e-08	-0
2.98400345808e-08	-0
2.98854532027e-08	-0
2.99308718246e-08	-0
2.99762904465e-08	-0
3.00217090684e-08	-0
3.00671276903e-08	-0
3.01125463121e-08	-0
3.0157964934e-08	-0
3.02033835559e-08	-0
3.02488021778e-08	-0
3.02942207997e-08	-0
3.03396394216e-08	-0
3.03850580435e-08	-0
3.04304766654e-08	-0
3.04758952873e-08	-0
3.05213139091e-08	-0
3.0566732531e-08	-0
3.06121511529e-08	-0
3.06575697748e-08	-0
3.07029883967e-08	-0
3.07484070186e-08	-0
3.07938256405e-08	-0
3.08392442624e-08	-0
3.08846628843e-08	-0
3.09300815061e-08	-0
3.0975500128e-08	-0
3.10209187499e-08	-0
3.10663373718e-08	-0
3.11117559937e-08	-0
3.11571746156e-08	-0
3.12025932375e-08	-0
3.12480118594e-08	-0
3.12934304813e-08	-0
3.13388491031e-08	-0
3.1384267725e-08	-0
3.14296863469e-08	-0
3.14751049688e-08	-0
3.15205235907e-08	-0
3.15659422126e-08	-0
3.16113608345e-08	-0
3.16567794564e-08	-0
3.17021980782e-08	-0
3.17476167001e-08	-0
3.1793035322e-08	-0
3.18384539439e-08	-0
3.18838725658e-08	-0
3.19292911877e-08	-0
3.19747098096e-08	-0
3.20201284315e-08	-0
3.20655470534e-08	-0
3.21109656752e-08	-0
3.21563842971e-08	-0
3.2201802919e-08	-0
3.22472215409e-08	-0
3.22926401628e-08	-0
3.23380587847e-08	-0
3.23834774066e-08	-0
3.24288960285e-08	-0
3.24743146504e-08	-0
3.25197332722e-08	-0
3.25651518941e-08	-0
3.2610570516e-08	-0
3.26559891379e-08	-0
3.27014077598e-08	-0
3.27468263817e-08	-0
3.27922450036e-08	-0
3.28376636255e-08	-0
3.28830822474e-08	-0
3.29285008692e-08	-0
3.29739194911e-08	-0
3.3019338113e-08	-0
3.30647567349e-08	-0
3.31101753568e-08	-0
3.31555939787e-08	-0
3.32010126006e-08	-0
3.32464312225e-08	-0
3.32918498443e-08	-0
3.33372684662e-08	-0
3.33826870881e-08	-0
3.342810571e-08	-0
3.34735243319e-08	-0
3.35189429538e-08	-0
3.35643615757e-08	-0
3.36097801976e-08	-0
3.36551988195e-08	-0
3.37006174413e-08	-0
3.37460360632e-08	-0
3.37914546851e-08	-0
3.3836873307e-08	-0
3.38822919289e-08	-0
3.39277105508e-08	-0
3.39731291727e-08	-0
3.40185477946e-08	-0
3.40639664165e-08	-0
3.41093850383e-08	-0
3.41548036602e-08	-0
3.42002222821e-08	-0
3.4245640904e-08	-0
3.42910595259e-08	-0
3.43364781478e-08	-0
3.43818967697e-08	-0
3.44273153916e-08	-0
3.44727340135e-08	-0
3.45181526353e-08	-0
3.45635712572e-08	-0
3.46089898791e-08	-0
3.4654408501e-08	-0
3.46998271229e-08	-0
3.47452457448e-08	-0
3.47906643667e-08	-0
3.48360829886e-08	-0
3.48815016105e-08	-0
3.49269202323e-08	-0
3.49723388542e-08	-0
3.50177574761e-08	-0
3.5063176098e-08	-0
3.51085947199e-08	-0
3.51540133418e-08	-0
3.51994319637e-08	-0
3.52448505856e-08	-0
3.52902692074e-08	-0
3.53356878293e-08	-0
3.53811064512e-08	-0
3.54265250731e-08	-0
3.5471943695e-08	-0
3.55173623169e-08	-0
3.55627809388e-08	-0
3.56081995607e-08	-0
3.56536181826e-08	-0
3.56990368044e-08	-0
3.57444554263e-08	-0
3.57898740482e-08	-0
3.58352926701e-08	-0
3.5880711292e-08	-0
3.59261299139e-08	-0
3.59715485358e-08	-0
3.60169671577e-08	-0
3.60623857796e-08	-0
3.61078044014e-08	-0
3.61532230233e-08	-0
3.61986416452e-08	-0
3.62440602671e-08	-0
3.6289478889e-08	-0
3.63348975109e-08	-0
3.63803161328e-08	-0
3.64257347547e-08	-0
3.64711533766e-08	-0
3.65165719984e-08	-0
3.65619906203e-08	-0
3.66074092422e-08	-0
3.66528278641e-08	-0
3.6698246486e-08	-0
3.67436651079e-08	-0
3.67890837298e-08	-0
3.68345023517e-08	-0
3.68799209735e-08	-0
3.69253395954e-08	-0
3.69707582173e-08	-0
3.70161768392e-08	-0
3.70615954611e-08	-0
3.7107014083e-08	-0
3.71524327049e-08	-0
3.71978513268e-08	-0
3.72432699487e-08	-0
3.72886885705e-08	-0
3.73341071924e-08	-0
3.73795258143e-08	-0
3.74249444362e-08	-0
3.74703630581e-08	-0
3.751578168e-08	-0
3.75612003019e-08	-0
3.76066189238e-08	-0
3.76520375457e-08	-0
3.76974561675e-08	-0
3.77428747894e-08	-0
3.77882934113e-08	-0
3.78337120332e-08	-0
3.78791306551e-08	-0
3.7924549277e-08	-0
3.79699678989e-08	-0
3.80153865208e-08	-0
3.80608051427e-08	-0
3.81062237645e-08	-0
3.81516423864e-08	-0
3.81970610083e-08	-0
3.82424796302e-08	-0
3.82878982521e-08	-0
3.8333316874e-08	-0
3.83787354959e-08	-0
3.84241541178e-08	-0
3.84695727397e-08	-0
3.85149913615e-08	-0
3.85604099834e-08	-0
3.86058286053e-08	-0
3.86512472272e-08	-0
3.86966658491e-08	-0
3.8742084471e-08	-0
3.87875030929e-08	-0
3.88329217148e-08	-0
3.88783403366e-08	-0
3.89237589585e-08	-0
3.89691775804e-08	-0
3.90145962023e-08	-0
3.90600148242e-08	-0
3.91054334461e-08	-0
3.9150852068e-08	-0
3.91962706899e-08	-0
3.92416893118e-08	-0
3.92871079336e-08	-0
3.93325265555e-08	-0
3.93779451774e-08	-0
3.94233637993e-08	-0
3.94687824212e-08	-0
3.95142010431e-08	-0
3.9559619665e-08	-0
3.96050382869e-08	-0
3.96504569088e-08	-0
3.96958755306e-08	-0
3.97412941525e-08	-0
3.97867127744e-08	-0
3.98321313963e-08	-0
3.98775500182e-08	-0
3.99229686401e-08	-0
3.9968387262e-08	-0
4.00138058839e-08	-0
4.00592245058e-08	-0
4.01046431276e-08	-0
4.01500617495e-08	-0
4.01954803714e-08	-0
4.02408989933e-08	-0
4.02863176152e-08	-0
4.03317362371e-08	-0
4.0377154859e-08	-0
4.04225734809e-08	-0
4.04679921028e-08	-0
4.05134107246e-08	-0
4.05588293465e-08	-0
4.06042479684e-08	-0
4.06496665903e-08	-0
4.06950852122e-08	-0
4.07405038341e-08	-0
4.0785922456e-08	-0
4.08313410779e-08	-0
4.08767596997e-08	-0
4.09221783216e-08	-0
4.09675969435e-08	-0
4.10130155654e-08	-0
4.10584341873e-08	-0
4.11038528092e-08	-0
4.11492714311e-08	-0
4.1194690053e-08	-0
4.12401086749e-08	-0
4.12855272967e-08	-0
4.13309459186e-08	-0
4.13763645405e-08	-0
4.14217831624e-08	-0
4.14672017843e-08	-0
4.15126204062e-08	-0
4.15580390281e-08	-0
4.160345765e-08	-0
4.16488762719e-08	-0
4.16942948937e-08	-0
4.17397135156e-08	-0
4.17851321375e-08	-0
4.18305507594e-08	-0
4.18759693813e-08	-0
4.19213880032e-08	-0
4.19668066251e-08	-0
4.2012225247e-08	-0
4.20576438689e-08	-0
4.21030624907e-08	-0
4.21484811126e-08	-0
4.21938997345e-08	-0
4.22393183564e-08	-0
4.22847369783e-08	-0
4.23301556002e-08	-0
4.23755742221e-08	-0
4.2420992844e-08	-0
4.24664114658e-08	-0
4.25118300877e-08	-0
4.25572487096e-08	-0
4.26026673315e-08	-0
4.26480859534e-08	-0
4.26935045753e-08	-0
4.27389231972e-08	-0
4.27843418191e-08	-0
4.2829760441e-08	-0
4.28751790628e-08	-0
4.29205976847e-08	-0
4.29660163066e-08	-0
4.30114349285e-08	-0
4.30568535504e-08	-0
4.31022721723e-08	-0
4.31476907942e-08	-0
4.31931094161e-08	-0
4.3238528038e-08	-0
4.32839466598e-08	-0
4.33293652817e-08	-0
4.33747839036e-08	-0
4.34202025255e-08	-0
4.34656211474e-08	-0
4.35110397693e-08	-0
4.35564583912e-08	-0
4.36018770131e-08	-0
4.3647295635e-08	-0
4.36927142568e-08	-0
4.37381328787e-08	-0
4.37835515006e-08	-0
4.38289701225e-08	-0
4.38743887444e-08	-0
4.39198073663e-08	-0
4.39652259882e-08	-0
4.40106446101e-08	-0
4.4056063232e-08	-0
4.41014818538e-08	-0
4.41469004757e-08	-0
4.41923190976e-08	-0
4.42377377195e-08	-0
4.42831563414e-08	-0
4.43285749633e-08	-0
4.43739935852e-08	-0
4.44194122071e-08	-0
4.44648308289e-08	-0
4.45102494508e-08	-0
4.45556680727e-08	-0
4.46010866946e-08	-0
4.46465053165e-08	-0
4.46919239384e-08	-0
4.47373425603e-08	-0
4.47827611822e-08	-0
4.48281798041e-08	-0
4.48735984259e-08	-0
4.49190170478e-08	-0
4.49644356697e-08	-0
4.50098542916e-08	-0
4.50552729135e-08	-0
4.51006915354e-08	-0
4.51461101573e-08	-0
4.51915287792e-08	-0
4.52369474011e-08	-0
4.52823660229e-08	-0
4.53277846448e-08	-0
4.53732032667e-08	-0
4.54186218886e-08	-0
4.54640405105e-08	-0
4.55094591324e-08	-0
4.55548777543e-08	-0
4.56002963762e-08	-0
4.56457149981e-08	-0
4.56911336199e-08	-0
4.57365522418e-08	-0
4.57819708637e-08	-0
4.58273894856e-08	-0
4.58728081075e-08	-0
4.59182267294e-08	-0
4.59636453513e-08	-0
4.60090639732e-08	-0
4.6054482595e-08	-0
4.60999012169e-08	-0
4.61453198388e-08	-0
4.61907384607e-08	-0
4.62361570826e-08	-0
4.62815757045e-08	-0
4.63269943264e-08	-0
4.63724129483e-08	-0
4.64178315702e-08	-0
4.6463250192e-08	-0
4.65086688139e-08	-0
4.65540874358e-08	-0
4.65995060577e-08	-0
4.66449246796e-08	-0
4.66903433015e-08	-0
4.67357619234e-08	-0
4.67811805453e-08	-0
4.68265991672e-08	-0
4.6872017789e-08	-0
4.69174364109e-08	-0
4.69628550328e-08	-0
4.70082736547e-08	-0
4.70536922766e-08	-0
4.70991108985e-08	-0
4.71445295204e-08	-0
4.71899481423e-08	-0
4.72353667642e-08	-0
4.7280785386e-08	-0
4.73262040079e-08	-0
4.73716226298e-08	-0
4.74170412517e-08	-0
4.74624598736e-08	-0
4.75078784955e-08	-0
4.75532971174e-08	-0
4.75987157393e-08	-0
4.76441343612e-08	-0
4.7689552983e-08	-0
4.77349716049e-08	-0
4.77803902268e-08	-0
4.78258088487e-08	-0
4.78712274706e-08	-0
4.79166460925e-08	-0
4.79620647144e-08	-0
4.80074833363e-08	-0
4.80529019581e-08	-0
4.809832058e-08	-0
4.81437392019e-08	-0
4.81891578238e-08	-0
4.82345764457e-08	-0
4.82799950676e-08	-0
4.83254136895e-08	-0
4.83708323114e-08	-0
4.84162509333e-08	-0
4.84616695551e-08	-0
4.8507088177e-08	-0
4.85525067989e-08	-0
4.85979254208e-08	-0
4.86433440427e-08	-0
4.86887626646e-08	-0
4.87341812865e-08	-0
4.87795999084e-08	-0
4.88250185303e-08	-0
4.88704371521e-08	-0
4.8915855774e-08	-0
4.89612743959e-08	-0
4.90066930178e-08	-0
4.90521116397e-08	-0
4.90975302616e-08	-0
4.91429488835e-08	-0
4.91883675054e-08	-0
4.92337861273e-08	-0
4.92792047491e-08	-0
4.9324623371e-08	-0
4.93700419929e-08	-0
4.94154606148e-08	-0
4.94608792367e-08	-0
4.95062978586e-08	-0
4.95517164805e-08	-0
4.95971351024e-08	-0
4.96425537242e-08	-0
4.96879723461e-08	-0
4.9733390968e-08	-0
4.97788095899e-08	-0
4.98242282118e-08	-0
4.98696468337e-08	-0
4.99150654556e-08	-0
4.99604840775e-08	-0
5.00059026994e-08	-0
5.00513213212e-08	-0
5.00967399431e-08	-0
5.0142158565e-08	-0
5.01875771869e-08	-0
5.02329958088e-08	-0
5.02784144307e-08	-0
5.03238330526e-08	-0
5.03692516745e-08	-0
5.04146702964e-08	-0
5.04600889182e-08	-0
5.05055075401e-08	-0
5.0550926162e-08	-0
5.05963447839e-08	-0
5.06417634058e-08	-0
5.06871820277e-08	-0
5.07326006496e-08	-0
5.07780192715e-08	-0
5.08234378934e-08	-0
5.08688565152e-08	-0
5.09142751371e-08	-0
5.0959693759e-08	-0
5.10051123809e-08	-0
5.10505310028e-08	-0
5.10959496247e-08	-0
5.11413682466e-08	-0
5.11867868685e-08	-0
5.12322054904e-08	-0
5.12776241122e-08	-0
5.13230427341e-08	-0
5.1368461356e-08	-0
5.14138799779e-08	-0
5.14592985998e-08	-0
5.15047172217e-08	-0
5.15501358436e-08	-0
5.15955544655e-08	-0
5.16409730873e-08	-0
5.16863917092e-08	-0
5.17318103311e-08	-0
5.1777228953e-08	-0
5.18226475749e-08	-0
5.18680661968e-08	-0
5.19134848187e-08	-0
5.19589034406e-08	-0
5.20043220625e-08	-0
5.20497406843e-08	-0
5.20951593062e-08	-0
5.21405779281e-08	-0
5.218599655e-08	-0
5.22314151719e-08	-0
5.22768337938e-08	-0
5.23222524157e-08	-0
5.23676710376e-08	-0
5.24130896595e-08	-0
5.24585082813e-08	-0
5.25039269032e-08	-0
5.25493455251e-08	-0
5.2594764147e-08	-0
5.26401827689e-08	-0
5.26856013908e-08	-0
5.27310200127e-08	-0
5.27764386346e-08	-0
5.28218572565e-08	-0
5.28672758783e-08	-0
5.29126945002e-08	-0
5.29581131221e-08	-0
5.3003531744e-08	-0
5.30489503659e-08	-0
5.30943689878e-08	-0
5.31397876097e-08	-0
5.31852062316e-08	-0
5.32306248534e-08	-0
5.32760434753e-08	-0
5.33214620972e-08	-0
5.33668807191e-08	-0
5.3412299341e-08	-0
5.34577179629e-08	-0
5.35031365848e-08	-0
5.35485552067e-08	-0
5.35939738286e-08	-0
5.36393924504e-08	-0
5.36848110723e-08	-0
5.37302296942e-08	-0
5.37756483161e-08	-0
5.3821066938e-08	-0
5.38664855599e-08	-0
5.39119041818e-08	-0
5.39573228037e-08	-0
5.40027414256e-08	-0
5.40481600474e-08	-0
5.40935786693e-08	-0
5.41389972912e-08	-0
5.41844159131e-08	-0
5.4229834535e-08	-0
5.42752531569e-08	-0
5.43206717788e-08	-0
5.43660904007e-08	-0
5.44115090226e-08	-0
5.44569276444e-08	-0
5.45023462663e-08	-0
5.45477648882e-08	-0
5.45931835101e-08	-0
5.4638602132e-08	-0
5.46840207539e-08	-0
5.47294393758e-08	-0
5.47748579977e-08	-0
5.48202766196e-08	-0
5.48656952414e-08	-0
5.49111138633e-08	-0
5.49565324852e-08	-0
5.50019511071e-08	-0
5.5047369729e-08	-0
5.50927883509e-08	-0
5.51382069728e-08	-0
5.51836255947e-08	-0
5.52290442165e-08	-0
5.52744628384e-08	-0
5.53198814603e-08	-0
5.53653000822e-08	-0
5.54107187041e-08	-0
5.5456137326e-08	-0
5.55015559479e-08	-0
5.55469745698e-08	-0
5.55923931917e-08	-0
5.56378118135e-08	-0
5.56832304354e-08	-0
5.57286490573e-08	-0
5.57740676792e-08	-0
5.58194863011e-08	-0
5.5864904923e-08	-0
5.59103235449e-08	-0
5.59557421668e-08	-0
5.60011607887e-08	-0
5.60465794105e-08	-0
5.60919980324e-08	-0
5.61374166543e-08	-0
5.61828352762e-08	-0
5.62282538981e-08	-0
5.627367252e-08	-0
5.63190911419e-08	-0
5.63645097638e-08	-0
5.64099283857e-08	-0
5.64553470075e-08	-0
5.65007656294e-08	-0
5.65461842513e-08	-0
5.65916028732e-08	-0
5.66370214951e-08	-0
5.6682440117e-08	-0
5.67278587389e-08	-0
5.67732773608e-08	-0
5.68186959826e-08	-0
5.68641146045e-08	-0
5.69095332264e-08	-0
5.69549518483e-08	-0
5.70003704702e-08	-0
5.70457890921e-08	-0
5.7091207714e-08	-0
5.71366263359e-08	-0
5.71820449578e-08	-0
5.72274635796e-08	-0
5.72728822015e-08	-0
5.73183008234e-08	-0
5.73637194453e-08	-0
5.74091380672e-08	-0
5.74545566891e-08	-0
5.7499975311e-08	-0
5.75453939329e-08	-0
5.75908125548e-08	-0
5.76362311766e-08	-0
5.76816497985e-08	-0
5.77270684204e-08	-0
5.77724870423e-08	-0
5.78179056642e-08	-0
5.78633242861e-08	-0
5.7908742908e-08	-0
5.79541615299e-08	-0
5.79995801518e-08	-0
5.80449987736e-08	-0
5.80904173955e-08	-0
5.81358360174e-08	-0
5.81812546393e-08	-0
5.82266732612e-08	-0
5.82720918831e-08	-0
5.8317510505e-08	-0
5.83629291269e-08	-0
5.84083477488e-08	-0
5.84537663706e-08	-0
5.84991849925e-08	-0
5.85446036144e-08	-0
5.85900222363e-08	-0
5.86354408582e-08	-0
5.86808594801e-08	-0
5.8726278102e-08	-0
5.87716967239e-08	-0
5.88171153457e-08	-0
5.88625339676e-08	-0
5.89079525895e-08	-0
5.89533712114e-08	-0
5.89987898333e-08	-0
5.90442084552e-08	-0
5.90896270771e-08	-0
5.9135045699e-08	-0
5.91804643209e-08	-0
5.92258829427e-08	-0
5.92713015646e-08	-0
5.93167201865e-08	-0
5.93621388084e-08	-0
5.94075574303e-08	-0
5.94529760522e-08	-0
5.94983946741e-08	-0
5.9543813296e-08	-0
5.95892319179e-08	-0
5.96346505397e-08	-0
5.96800691616e-08	-0
5.97254877835e-08	-0
5.97709064054e-08	-0
5.98163250273e-08	-0
5.98617436492e-08	-0
5.99071622711e-08	-0
5.9952580893e-08	-0
5.99979995149e-08	-0
6.00434181367e-08	-0
6.00888367586e-08	-0
6.01342553805e-08	-0
6.01796740024e-08	-0
6.02250926243e-08	-0
6.02705112462e-08	-0
6.03159298681e-08	-0
6.036134849e-08	-0
6.04067671118e-08	-0
6.04521857337e-08	-0
6.04976043556e-08	-0
6.05430229775e-08	-0
6.05884415994e-08	-0
6.06338602213e-08	-0
6.06792788432e-08	-0
6.07246974651e-08	-0
6.0770116087e-08	-0
6.08155347088e-08	-0
6.08609533307e-08	-0
6.09063719526e-08	-0
6.09517905745e-08	-0
6.09972091964e-08	-0
6.10426278183e-08	-0
6.10880464402e-08	-0
6.11334650621e-08	-0
6.1178883684e-08	-0
6.12243023058e-08	-0
6.12697209277e-08	-0
6.13151395496e-08	-0
6.13605581715e-08	-0
6.14059767934e-08	-0
6.14513954153e-08	-0
6.14968140372e-08	-0
6.15422326591e-08	-0
6.1587651281e-08	-0
6.16330699028e-08	-0
6.16784885247e-08	-0
6.17239071466e-08	-0
6.17693257685e-08	-0
6.18147443904e-08	-0
6.18601630123e-08	-0
6.19055816342e-08	-0
6.19510002561e-08	-0
6.1996418878e-08	-0
6.20418374998e-08	-0
6.20872561217e-08	-0
6.21326747436e-08	-0
6.21780933655e-08	-0
6.22235119874e-08	-0
6.22689306093e-08	-0
6.23143492312e-08	-0
6.23597678531e-08	-0
6.24051864749e-08	-0
6.24506050968e-08	-0
6.24960237187e-08	-0
6.25414423406e-08	-0
6.25868609625e-08	-0
6.26322795844e-08	-0
6.26776982063e-08	-0
6.27231168282e-08	-0
6.27685354501e-08	-0
6.28139540719e-08	-0
6.28593726938e-08	-0
6.29047913157e-08	-0
6.29502099376e-08	-0
6.29956285595e-08	-0
6.30410471814e-08	-0
6.30864658033e-08	-0
6.31318844252e-08	-0
6.31773030471e-08	-0
6.32227216689e-08	-0
6.32681402908e-08	-0
6.33135589127e-08	-0
6.33589775346e-08	-0
6.34043961565e-08	-0
6.34498147784e-08	-0
6.34952334003e-08	-0
6.35406520222e-08	-0
6.35860706441e-08	-0
6.36314892659e-08	-0
6.36769078878e-08	-0
6.37223265097e-08	-0
6.37677451316e-08	-0
6.38131637535e-08	-0
6.38585823754e-08	-0
6.39040009973e-08	-0
6.39494196192e-08	-0
6.3994838241e-08	-0
6.40402568629e-08	-0
6.40856754848e-08	-0
6.41310941067e-08	-0
6.41765127286e-08	-0
6.42219313505e-08	-0
6.42673499724e-08	-0
6.43127685943e-08	-0
6.43581872162e-08	-0
6.4403605838e-08	-0
6.44490244599e-08	-0
6.44944430818e-08	-0
6.45398617037e-08	-0
6.45852803256e-08	-0
6.46306989475e-08	-0
6.46761175694e-08	-0
6.47215361913e-08	-0
6.47669548132e-08	-0
6.4812373435e-08	-0
6.48577920569e-08	-0
6.49032106788e-08	-0
6.49486293007e-08	-0
6.49940479226e-08	-0
6.50394665445e-08	-0
6.50848851664e-08	-0
6.51303037883e-08	-0
6.51757224102e-08	-0
6.5221141032e-08	-0
6.52665596539e-08	-0
6.53119782758e-08	-0
6.53573968977e-08	-0
6.54028155196e-08	-0
6.54482341415e-08	-0
6.54936527634e-08	-0
6.55390713853e-08	-0
6.55844900072e-08	-0
6.5629908629e-08	-0
6.56753272509e-08	-0
6.57207458728e-08	-0
6.57661644947e-08	-0
6.58115831166e-08	-0
6.58570017385e-08	-0
6.59024203604e-08	-0
6.59478389823e-08	-0
6.59932576041e-08	-0
6.6038676226e-08	-0
6.60840948479e-08	-0
6.61295134698e-08	-0
6.61749320917e-08	-0
6.62203507136e-08	-0
6.62657693355e-08	-0
6.63111879574e-08	-0
6.63566065793e-08	-0
6.64020252011e-08	-0
6.6447443823e-08	-0
6.64928624449e-08	-0
6.65382810668e-08	-0
6.65836996887e-08	-0
6.66291183106e-08	-0
6.66745369325e-08	-0
6.67199555544e-08	-0
6.67653741763e-08	-0
6.68107927981e-08	-0
6.685621142e-08	-0
6.69016300419e-08	-0
6.69470486638e-08	-0
6.69924672857e-08	-0
6.70378859076e-08	-0
6.70833045295e-08	-0
6.71287231514e-08	-0
6.71741417733e-08	-0
6.72195603951e-08	-0
6.7264979017e-08	-0
6.73103976389e-08	-0
6.73558162608e-08	-0
6.74012348827e-08	-0
6.74466535046e-08	-0
6.74920721265e-08	-0
6.75374907484e-08	-0
6.75829093702e-08	-0
6.76283279921e-08	-0
6.7673746614e-08	-0
6.77191652359e-08	-0
6.77645838578e-08	-0
6.78100024797e-08	-0
6.78554211016e-08	-0
6.79008397235e-08	-0
6.79462583454e-08	-0
6.79916769672e-08	-0
6.80370955891e-08	-0
6.8082514211e-08	-0
6.81279328329e-08	-0
6.81733514548e-08	-0
6.82187700767e-08	-0
6.82641886986e-08	-0
6.83096073205e-08	-0
6.83550259424e-08	-0
6.84004445642e-08	-0
6.84458631861e-08	-0
6.8491281808e-08	-0
6.85367004299e-08	-0
6.85821190518e-08	-0
6.86275376737e-08	-0
6.86729562956e-08	-0
6.87183749175e-08	-0
6.87637935394e-08	-0
6.88092121612e-08	-0
6.88546307831e-08	-0
6.8900049405e-08	-0
6.89454680269e-08	-0
6.89908866488e-08	-0
6.90363052707e-08	-0
6.90817238926e-08	-0
6.91271425145e-08	-0
6.91725611364e-08	-0
6.92179797582e-08	-0
6.92633983801e-08	-0
6.9308817002e-08	-0
6.93542356239e-08	-0
6.93996542458e-08	-0
6.94450728677e-08	-0
6.94904914896e-08	-0
6.95359101115e-08	-0
6.95813287333e-08	-0
6.96267473552e-08	-0
6.96721659771e-08	-0
6.9717584599e-08	-0
6.97630032209e-08	-0
6.98084218428e-08	-0
6.98538404647e-08	-0
6.98992590866e-08	-0
6.99446777085e-08	-0
6.99900963303e-08	-0
7.00355149522e-08	-0
7.00809335741e-08	-0
7.0126352196e-08	-0
7.01717708179e-08	-0
7.02171894398e-08	-0
7.02626080617e-08	-0
7.03080266836e-08	-0
7.03534453055e-08	-0
7.03988639273e-08	-0
7.04442825492e-08	-0
7.04897011711e-08	-0
7.0535119793e-08	-0
7.05805384149e-08	-0
7.06259570368e-08	-0
7.06713756587e-08	-0
7.07167942806e-08	-0
7.07622129025e-08	-0
7.08076315243e-08	-0
7.08530501462e-08	-0
7.08984687681e-08	-0
7.094388739e-08	-0
7.09893060119e-08	-0
7.10347246338e-08	-0
7.10801432557e-08	-0
7.11255618776e-08	-0
7.11709804994e-08	-0
7.12163991213e-08	-0
7.12618177432e-08	-0
7.13072363651e-08	-0
7.1352654987e-08	-0
7.13980736089e-08	-0
7.14434922308e-08	-0
7.14889108527e-08	-0
7.15343294746e-08	-0
7.15797480964e-08	-0
7.16251667183e-08	-0
7.16705853402e-08	-0
7.17160039621e-08	-0
7.1761422584e-08	-0
7.18068412059e-08	-0
7.18522598278e-08	-0
7.18976784497e-08	-0
7.19430970716e-08	-0
7.19885156934e-08	-0
7.20339343153e-08	-0
7.20793529372e-08	-0
7.21247715591e-08	-0
7.2170190181e-08	-0
7.22156088029e-08	-0
7.22610274248e-08	-0
7.23064460467e-08	-0
7.23518646686e-08	-0
7.23972832904e-08	-0
7.24427019123e-08	-0
7.24881205342e-08	-0
7.25335391561e-08	-0
7.2578957778e-08	-0
7.26243763999e-08	-0
7.26697950218e-08	-0
7.27152136437e-08	-0
7.27606322656e-08	-0
7.28060508874e-08	-0
7.28514695093e-08	-0
7.28968881312e-08	-0
7.29423067531e-08	-0
7.2987725375e-08	-0
7.30331439969e-08	-0
7.30785626188e-08	-0
7.31239812407e-08	-0
7.31693998625e-08	-0
7.32148184844e-08	-0
7.32602371063e-08	-0
7.33056557282e-08	-0
7.33510743501e-08	-0
7.3396492972e-08	-0
7.34419115939e-08	-0
7.34873302158e-08	-0
7.35327488377e-08	-0
7.35781674595e-08	-0
7.36235860814e-08	-0
7.36690047033e-08	-0
7.37144233252e-08	-0
7.37598419471e-08	-0
7.3805260569e-08	-0
7.38506791909e-08	-0
7.38960978128e-08	-0
7.39415164347e-08	-0
7.39869350565e-08	-0
7.40323536784e-08	-0
7.40777723003e-08	-0
7.41231909222e-08	-0
7.41686095441e-08	-0
7.4214028166e-08	-0
7.42594467879e-08	-0
7.43048654098e-08	-0
7.43502840317e-08	-0
7.43957026535e-08	-0
7.44411212754e-08	-0
7.44865398973e-08	-0
7.45319585192e-08	-0
7.45773771411e-08	-0
7.4622795763e-08	-0
7.46682143849e-08	-0
7.47136330068e-08	-0
7.47590516286e-08	-0
7.48044702505e-08	-0
7.48498888724e-08	-0
7.48953074943e-08	-0
7.49407261162e-08	-0
7.49861447381e-08	-0
7.503156336e-08	-0
7.50769819819e-08	-0
7.51224006038e-08	-0
7.51678192256e-08	-0
7.52132378475e-08	-0
7.52586564694e-08	-0
7.53040750913e-08	-0
7.53494937132e-08	-0
7.53949123351e-08	-0
7.5440330957e-08	-0
7.54857495789e-08	-0
7.55311682008e-08	-0
7.55765868226e-08	-0
7.56220054445e-08	-0
7.56674240664e-08	-0
7.57128426883e-08	-0
7.57582613102e-08	-0
7.58036799321e-08	-0
7.5849098554e-08	-0
7.58945171759e-08	-0
7.59399357978e-08	-0
7.59853544196e-08	-0
7.60307730415e-08	-0
7.60761916634e-08	-0
7.61216102853e-08	-0
7.61670289072e-08	-0
7.62124475291e-08	-0
7.6257866151e-08	-0
7.63032847729e-08	-0
7.63487033948e-08	-0
7.63941220166e-08	-0
7.64395406385e-08	-0
7.64849592604e-08	-0
7.65303778823e-08	-0
7.65757965042e-08	-0
7.66212151261e-08	-0
7.6666633748e-08	-0
7.67120523699e-08	-0
7.67574709917e-08	-0
7.68028896136e-08	-0
7.68483082355e-08	-0
7.68937268574e-08	-0
7.69391454793e-08	-0
7.69845641012e-08	-0
7.70299827231e-08	-0
7.7075401345e-08	-0
7.71208199669e-08	-0
7.71662385887e-08	-0
7.72116572106e-08	-0
7.72570758325e-08	-0
7.73024944544e-08	-0
7.73479130763e-08	-0
7.73933316982e-08	-0
7.74387503201e-08	-0
7.7484168942e-08	-0
7.75295875639e-08	-0
7.75750061857e-08	-0
7.76204248076e-08	-0
7.76658434295e-08	-0
7.77112620514e-08	-0
7.77566806733e-08	-0
7.78020992952e-08	-0
7.78475179171e-08	-0
7.7892936539e-08	-0
7.79383551609e-08	-0
7.79837737827e-08	-0
7.80291924046e-08	-0
7.80746110265e-08	-0
7.81200296484e-08	-0
7.81654482703e-08	-0
7.82108668922e-08	-0
7.82562855141e-08	-0
7.8301704136e-08	-0
7.83471227578e-08	-0
7.83925413797e-08	-0
7.84379600016e-08	-0
7.84833786235e-08	-0
7.85287972454e-08	-0
7.85742158673e-08	-0
7.86196344892e-08	-0
7.86650531111e-08	-0
7.8710471733e-08	-0
7.87558903548e-08	-0
7.88013089767e-08	-0
7.88467275986e-08	-0
7.88921462205e-08	-0
7.89375648424e-08	-0
7.89829834643e-08	-0
7.90284020862e-08	-0
7.90738207081e-08	-0
7.911923933e-08	-0
7.91646579518e-08	-0
7.92100765737e-08	-0
7.92554951956e-08	-0
7.93009138175e-08	-0
7.93463324394e-08	-0
7.93917510613e-08	-0
7.94371696832e-08	-0
7.94825883051e-08	-0
7.9528006927e-08	-0
7.95734255488e-08	-0
7.96188441707e-08	-0
7.96642627926e-08	-0
7.97096814145e-08	-0
7.97551000364e-08	-0
7.98005186583e-08	-0
7.98459372802e-08	-0
7.98913559021e-08	-0
7.9936774524e-08	-0
7.99821931458e-08	-0
8.00276117677e-08	-0
8.00730303896e-08	-0
8.01184490115e-08	-0
8.01638676334e-08	-0
8.02092862553e-08	-0
8.02547048772e-08	-0
8.03001234991e-08	-0
8.03455421209e-08	-0
8.03909607428e-08	-0
8.04363793647e-08	-0
8.04817979866e-08	-0
8.05272166085e-08	-0
8.05726352304e-08	-0
8.06180538523e-08	-0
8.06634724742e-08	-0
8.07088910961e-08	-0
8.07543097179e-08	-0
8.07997283398e-08	-0
8.08451469617e-08	-0
8.08905655836e-08	-0
8.09359842055e-08	-0
8.09814028274e-08	-0
8.10268214493e-08	-0
8.10722400712e-08	-0
8.11176586931e-08	-0
8.11630773149e-08	-0
8.12084959368e-08	-0
8.12539145587e-08	-0
8.12993331806e-08	-0
8.13447518025e-08	-0
8.13901704244e-08	-0
8.14355890463e-08	-0
8.14810076682e-08	-0
8.15264262901e-08	-0
8.15718449119e-08	-0
8.16172635338e-08	-0
8.16626821557e-08	-0
8.17081007776e-08	-0
8.17535193995e-08	-0
8.17989380214e-08	-0
8.18443566433e-08	-0
8.18897752652e-08	-0
8.1935193887e-08	-0
8.19806125089e-08	-0
8.20260311308e-08	-0
8.20714497527e-08	-0
8.21168683746e-08	-0
8.21622869965e-08	-0
8.22077056184e-08	-0
8.22531242403e-08	-0
8.22985428622e-08	-0
8.2343961484e-08	-0
8.23893801059e-08	-0
8.24347987278e-08	-0
8.24802173497e-08	-0
8.25256359716e-08	-0
8.25710545935e-08	-0
8.26164732154e-08	-0
8.26618918373e-08	-0
8.27073104592e-08	-0
8.2752729081e-08	-0
8.27981477029e-08	-0
8.28435663248e-08	-0
8.28889849467e-08	-0
8.29344035686e-08	-0
8.29798221905e-08	-0
8.30252408124e-08	-0
8.30706594343e-08	-0
8.31160780562e-08	-0
8.3161496678e-08	-0
8.32069152999e-08	-0
8.32523339218e-08	-0
8.32977525437e-08	-0
8.33431711656e-08	-0
8.33885897875e-08	-0
8.34340084094e-08	-0
8.34794270313e-08	-0
8.35248456532e-08	-0
8.3570264275e-08	-0
8.36156828969e-08	-0
8.36611015188e-08	-0
8.37065201407e-08	-0
8.37519387626e-08	-0
8.37973573845e-08	-0
8.38427760064e-08	-0
8.38881946283e-08	-0
8.39336132501e-08	-0
8.3979031872e-08	-0
8.40244504939e-08	-0
8.40698691158e-08	-0
8.41152877377e-08	-0
8.41607063596e-08	-0
8.42061249815e-08	-0
8.42515436034e-08	-0
8.42969622253e-08	-0
8.43423808471e-08	-0
8.4387799469e-08	-0
8.44332180909e-08	-0
8.44786367128e-08	-0
8.45240553347e-08	-0
8.45694739566e-08	-0
8.46148925785e-08	-0
8.46603112004e-08	-0
8.47057298223e-08	-0
8.47511484441e-08	-0
8.4796567066e-08	-0
8.48419856879e-08	-0
8.48874043098e-08	-0
8.49328229317e-08	-0
8.49782415536e-08	-0
8.50236601755e-08	-0
8.50690787974e-08	-0
8.51144974193e-08	-0
8.51599160411e-08	-0
8.5205334663e-08	-0
8.52507532849e-08	-0
8.52961719068e-08	-0
8.53415905287e-08	-0
8.53870091506e-08	-0
8.54324277725e-08	-0
8.54778463944e-08	-0
8.55232650162e-08	-0
8.55686836381e-08	-0
8.561410226e-08	-0
8.56595208819e-08	-0
8.57049395038e-08	-0
8.57503581257e-08	-0
8.57957767476e-08	-0
8.58411953695e-08	-0
8.58866139914e-08	-0
8.59320326132e-08	-0
8.59774512351e-08	-0
8.6022869857e-08	-0
8.60682884789e-08	-0
8.61137071008e-08	-0
8.61591257227e-08	-0
8.62045443446e-08	-0
8.62499629665e-08	-0
8.62953815884e-08	-0
8.63408002102e-08	-0
8.63862188321e-08	-0
8.6431637454e-08	-0
8.64770560759e-08	-0
8.65224746978e-08	-0
8.65678933197e-08	-0
8.66133119416e-08	-0
8.66587305635e-08	-0
8.67041491854e-08	-0
8.67495678072e-08	-0
8.67949864291e-08	-0
8.6840405051e-08	-0
8.68858236729e-08	-0
8.69312422948e-08	-0
8.69766609167e-08	-0
8.70220795386e-08	-0
8.70674981605e-08	-0
8.71129167824e-08	-0
8.71583354042e-08	-0
8.72037540261e-08	-0
8.7249172648e-08	-0
8.72945912699e-08	-0
8.73400098918e-08	-0
8.73854285137e-08	-0
8.74308471356e-08	-0
8.74762657575e-08	-0
8.75216843793e-08	-0
8.75671030012e-08	-0
8.76125216231e-08	-0
8.7657940245e-08	-0
8.77033588669e-08	-0
8.77487774888e-08	-0
8.77941961107e-08	-0
8.78396147326e-08	-0
8.78850333545e-08	-0
8.79304519763e-08	-0
8.79758705982e-08	-0
8.80212892201e-08	-0
8.8066707842e-08	-0
8.81121264639e-08	-0
8.81575450858e-08	-0
8.82029637077e-08	-0
8.82483823296e-08	-0
8.82938009515e-08	-0
8.83392195733e-08	-0
8.83846381952e-08	-0
8.84300568171e-08	-0
8.8475475439e-08	-0
8.85208940609e-08	-0
8.85663126828e-08	-0
8.86117313047e-08	-0
8.86571499266e-08	-0
8.87025685485e-08	-0
8.87479871703e-08	-0
8.87934057922e-08	-0
8.88388244141e-08	-0
8.8884243036e-08	-0
8.89296616579e-08	-0
8.89750802798e-08	-0
8.90204989017e-08	-0
8.90659175236e-08	-0
8.91113361454e-08	-0
8.91567547673e-08	-0
8.92021733892e-08	-0
8.92475920111e-08	-0
8.9293010633e-08	-0
8.93384292549e-08	-0
8.93838478768e-08	-0
8.94292664987e-08	-0
8.94746851206e-08	-0
8.95201037424e-08	-0
8.95655223643e-08	-0
8.96109409862e-08	-0
8.96563596081e-08	-0
8.970177823e-08	-0
8.97471968519e-08	-0
8.97926154738e-08	-0
8.98380340957e-08	-0
8.98834527176e-08	-0
8.99288713394e-08	-0
8.99742899613e-08	-0
9.00197085832e-08	-0
9.00651272051e-08	-0
9.0110545827e-08	-0
9.01559644489e-08	-0
9.02013830708e-08	-0
9.02468016927e-08	-0
9.02922203146e-08	-0
9.03376389364e-08	-0
9.03830575583e-08	-0
9.04284761802e-08	-0
9.04738948021e-08	-0
9.0519313424e-08	-0
9.05647320459e-08	-0
9.06101506678e-08	-0
9.06555692897e-08	-0
9.07009879116e-08	-0
9.07464065334e-08	-0
9.07918251553e-08	-0
9.08372437772e-08	-0
