% time-domain current integration by openEMS v0.0.35 @Thu May 22 19:09:25 2025
% start-coordinates: (-0.01875,-0.01625,0) m -> [6,5,0]
% stop-coordinates: (-0.01875,-0.01425,0) m -> [6,6,0]
% t/s	current
1.51395406295e-12	0
4.69325759516e-11	0
9.23511978402e-11	0
1.37769819729e-10	0
1.83188441617e-10	0
2.28607063506e-10	0
2.74025685395e-10	0
3.19444307283e-10	0
3.64862929172e-10	0
4.1028155106e-10	0
4.55700172949e-10	0
5.01118794838e-10	0
5.46537416726e-10	0
5.91956038615e-10	0
6.37374660503e-10	0
6.82793282392e-10	0
7.28211904281e-10	0
7.73630526169e-10	0
8.19049148058e-10	0
8.64467769947e-10	0
9.09886391835e-10	0
9.55305013724e-10	0
1.00072363561e-09	0
1.0461422575e-09	0
1.09156087939e-09	0
1.13697950128e-09	0
1.18239812317e-09	0
1.22781674506e-09	0
1.27323536694e-09	0
1.31865398883e-09	0
1.36407261072e-09	0
1.40949123261e-09	0
1.4549098545e-09	0
1.50032847639e-09	0
1.54574709828e-09	0
1.59116572016e-09	0
1.63658434205e-09	0
1.68200296394e-09	0
1.72742158583e-09	0
1.77284020772e-09	0
1.81825882961e-09	0
1.8636774515e-09	0
1.90909607338e-09	0
1.95451469527e-09	0
1.99993331716e-09	0
2.04535193905e-09	0
2.09077056094e-09	0
2.13618918283e-09	0
2.18160780472e-09	0
2.2270264266e-09	0
2.27244504849e-09	0
2.31786367038e-09	0
2.36328229227e-09	0
2.40870091416e-09	0
2.45411953605e-09	0
2.49953815794e-09	0
2.54495677983e-09	0
2.59037540171e-09	0
2.6357940236e-09	0
2.68121264549e-09	0
2.72663126738e-09	0
2.77204988927e-09	0
2.81746851116e-09	0
2.86288713305e-09	0
2.90830575493e-09	0
2.95372437682e-09	0
2.99914299871e-09	0
3.0445616206e-09	0
3.08998024249e-09	0
3.13539886438e-09	0
3.18081748627e-09	0
3.22623610815e-09	0
3.27165473004e-09	0
3.31707335193e-09	0
3.36249197382e-09	0
3.40791059571e-09	0
3.4533292176e-09	0
3.49874783949e-09	0
3.54416646137e-09	0
3.58958508326e-09	0
3.63500370515e-09	0
3.68042232704e-09	0
3.72584094893e-09	0
3.77125957082e-09	0
3.81667819271e-09	0
3.86209681459e-09	0
3.90751543648e-09	0
3.95293405837e-09	0
3.99835268026e-09	0
4.04377130215e-09	0
4.08918992404e-09	0
4.13460854593e-09	0
4.18002716781e-09	0
4.2254457897e-09	0
4.27086441159e-09	0
4.31628303348e-09	0
4.36170165537e-09	0
4.40712027726e-09	0
4.45253889915e-09	0
4.49795752104e-09	0
4.54337614292e-09	0
4.58879476481e-09	0
4.6342133867e-09	0
4.67963200859e-09	0
4.72505063048e-09	0
4.77046925237e-09	0
4.81588787426e-09	0
4.86130649614e-09	0
4.90672511803e-09	0
4.95214373992e-09	0
4.99756236181e-09	0
5.0429809837e-09	0
5.08839960559e-09	0
5.13381822748e-09	0
5.17923684936e-09	0
5.22465547125e-09	0
5.27007409314e-09	0
5.31549271503e-09	0
5.36091133692e-09	0
5.40632995881e-09	0
5.4517485807e-09	0
5.49716720258e-09	0
5.54258582447e-09	0
5.58800444636e-09	0
5.63342306825e-09	0
5.67884169014e-09	0
5.72426031203e-09	0
5.76967893392e-09	0
5.8150975558e-09	0
5.86051617769e-09	0
5.90593479958e-09	0
5.95135342147e-09	0
5.99677204336e-09	0
6.04219066525e-09	0
6.08760928714e-09	0
6.13302790903e-09	0
6.17844653091e-09	0
6.2238651528e-09	0
6.26928377469e-09	0
6.31470239658e-09	0
6.36012101847e-09	0
6.40553964036e-09	0
6.45095826225e-09	0
6.49637688413e-09	0
6.54179550602e-09	0
6.58721412791e-09	0
6.6326327498e-09	0
6.67805137169e-09	0
6.72346999358e-09	0
6.76888861547e-09	0
6.81430723735e-09	0
6.85972585924e-09	0
6.90514448113e-09	0
6.95056310302e-09	0
6.99598172491e-09	0
7.0414003468e-09	0
7.08681896869e-09	0
7.13223759057e-09	0
7.17765621246e-09	0
7.22307483435e-09	0
7.26849345624e-09	0
7.31391207813e-09	0
7.35933070002e-09	0
7.40474932191e-09	0
7.45016794379e-09	0
7.49558656568e-09	0
7.54100518757e-09	0
7.58642380946e-09	0
7.63184243135e-09	0
7.67726105324e-09	0
7.72267967513e-09	0
7.76809829701e-09	0
7.8135169189e-09	0
7.85893554079e-09	0
7.90435416268e-09	0
7.94977278457e-09	0
7.99519140646e-09	0
8.04061002835e-09	0
8.08602865024e-09	0
8.13144727212e-09	0
8.17686589401e-09	0
8.2222845159e-09	0
8.26770313779e-09	0
8.31312175968e-09	0
8.35854038157e-09	0
8.40395900346e-09	0
8.44937762534e-09	0
8.49479624723e-09	0
8.54021486912e-09	0
8.58563349101e-09	0
8.6310521129e-09	0
8.67647073479e-09	0
8.72188935668e-09	0
8.76730797856e-09	0
8.81272660045e-09	0
8.85814522234e-09	0
8.90356384423e-09	0
8.94898246612e-09	0
8.99440108801e-09	0
9.0398197099e-09	0
9.08523833178e-09	0
9.13065695367e-09	0
9.17607557556e-09	0
9.22149419745e-09	0
9.26691281934e-09	0
9.31233144123e-09	0
9.35775006312e-09	0
9.403168685e-09	0
9.44858730689e-09	0
9.49400592878e-09	0
9.53942455067e-09	0
9.58484317256e-09	0
9.63026179445e-09	0
9.67568041634e-09	0
9.72109903823e-09	0
9.76651766011e-09	0
9.811936282e-09	0
9.85735490389e-09	0
9.90277352578e-09	0
9.94819214767e-09	0
9.99361076956e-09	0
1.00390293914e-08	0
1.00844480133e-08	0
1.01298666352e-08	0
1.01752852571e-08	0
1.0220703879e-08	0
1.02661225009e-08	0
1.03115411228e-08	0
1.03569597447e-08	0
1.04023783666e-08	0
1.04477969884e-08	0
1.04932156103e-08	0
1.05386342322e-08	0
1.05840528541e-08	0
1.0629471476e-08	0
1.06748900979e-08	0
1.07203087198e-08	0
1.07657273417e-08	0
1.08111459636e-08	0
1.08565645854e-08	0
1.09019832073e-08	0
1.09474018292e-08	0
1.09928204511e-08	0
1.1038239073e-08	0
1.10836576949e-08	0
1.11290763168e-08	0
1.11744949387e-08	0
1.12199135605e-08	0
1.12653321824e-08	0
1.13107508043e-08	0
1.13561694262e-08	0
1.14015880481e-08	0
1.144700667e-08	0
1.14924252919e-08	0
1.15378439138e-08	0
1.15832625357e-08	0
1.16286811575e-08	0
1.16740997794e-08	0
1.17195184013e-08	0
1.17649370232e-08	0
1.18103556451e-08	0
1.1855774267e-08	0
1.19011928889e-08	0
1.19466115108e-08	0
1.19920301327e-08	0
1.20374487545e-08	0
1.20828673764e-08	0
1.21282859983e-08	0
1.21737046202e-08	0
1.22191232421e-08	0
1.2264541864e-08	0
1.23099604859e-08	0
1.23553791078e-08	0
1.24007977297e-08	0
1.24462163515e-08	0
1.24916349734e-08	0
1.25370535953e-08	0
1.25824722172e-08	0
1.26278908391e-08	0
1.2673309461e-08	0
1.27187280829e-08	0
1.27641467048e-08	0
1.28095653267e-08	0
1.28549839485e-08	0
1.29004025704e-08	0
1.29458211923e-08	0
1.29912398142e-08	0
1.30366584361e-08	0
1.3082077058e-08	0
1.31274956799e-08	0
1.31729143018e-08	0
1.32183329236e-08	0
1.32637515455e-08	0
1.33091701674e-08	0
1.33545887893e-08	0
1.34000074112e-08	0
1.34454260331e-08	0
1.3490844655e-08	0
1.35362632769e-08	0
1.35816818988e-08	0
1.36271005206e-08	0
1.36725191425e-08	0
1.37179377644e-08	0
1.37633563863e-08	0
1.38087750082e-08	0
1.38541936301e-08	0
1.3899612252e-08	0
1.39450308739e-08	0
1.39904494958e-08	0
1.40358681176e-08	0
1.40812867395e-08	0
1.41267053614e-08	0
1.41721239833e-08	0
1.42175426052e-08	0
1.42629612271e-08	0
1.4308379849e-08	0
1.43537984709e-08	0
1.43992170928e-08	0
1.44446357146e-08	0
1.44900543365e-08	0
1.45354729584e-08	0
1.45808915803e-08	0
1.46263102022e-08	0
1.46717288241e-08	0
1.4717147446e-08	0
1.47625660679e-08	0
1.48079846897e-08	0
1.48534033116e-08	0
1.48988219335e-08	0
1.49442405554e-08	0
1.49896591773e-08	0
1.50350777992e-08	0
1.50804964211e-08	0
1.5125915043e-08	0
1.51713336649e-08	0
1.52167522867e-08	0
1.52621709086e-08	0
1.53075895305e-08	0
1.53530081524e-08	0
1.53984267743e-08	0
1.54438453962e-08	0
1.54892640181e-08	0
1.553468264e-08	0
1.55801012619e-08	0
1.56255198837e-08	0
1.56709385056e-08	0
1.57163571275e-08	0
1.57617757494e-08	0
1.58071943713e-08	0
1.58526129932e-08	0
1.58980316151e-08	0
1.5943450237e-08	0
1.59888688589e-08	0
1.60342874807e-08	0
1.60797061026e-08	0
1.61251247245e-08	0
1.61705433464e-08	0
1.62159619683e-08	0
1.62613805902e-08	0
1.63067992121e-08	0
1.6352217834e-08	0
1.63976364559e-08	0
1.64430550777e-08	0
1.64884736996e-08	0
1.65338923215e-08	0
1.65793109434e-08	0
1.66247295653e-08	0
1.66701481872e-08	0
1.67155668091e-08	0
1.6760985431e-08	0
1.68064040528e-08	0
1.68518226747e-08	0
1.68972412966e-08	0
1.69426599185e-08	0
1.69880785404e-08	0
1.70334971623e-08	0
1.70789157842e-08	0
1.71243344061e-08	0
1.7169753028e-08	0
1.72151716498e-08	0
1.72605902717e-08	0
1.73060088936e-08	0
1.73514275155e-08	0
1.73968461374e-08	0
1.74422647593e-08	0
1.74876833812e-08	0
1.75331020031e-08	0
1.7578520625e-08	0
1.76239392468e-08	0
1.76693578687e-08	0
1.77147764906e-08	0
1.77601951125e-08	0
1.78056137344e-08	0
1.78510323563e-08	0
1.78964509782e-08	0
1.79418696001e-08	0
1.7987288222e-08	0
1.80327068438e-08	0
1.80781254657e-08	0
1.81235440876e-08	0
1.81689627095e-08	0
1.82143813314e-08	0
1.82597999533e-08	0
1.83052185752e-08	0
1.83506371971e-08	0
1.83960558189e-08	0
1.84414744408e-08	0
1.84868930627e-08	0
1.85323116846e-08	0
1.85777303065e-08	0
1.86231489284e-08	0
1.86685675503e-08	0
1.87139861722e-08	0
1.87594047941e-08	0
1.88048234159e-08	0
1.88502420378e-08	0
1.88956606597e-08	0
1.89410792816e-08	0
1.89864979035e-08	0
1.90319165254e-08	0
1.90773351473e-08	0
1.91227537692e-08	0
1.91681723911e-08	0
1.92135910129e-08	0
1.92590096348e-08	0
1.93044282567e-08	0
1.93498468786e-08	0
1.93952655005e-08	0
1.94406841224e-08	0
1.94861027443e-08	0
1.95315213662e-08	0
1.95769399881e-08	0
1.96223586099e-08	0
1.96677772318e-08	0
1.97131958537e-08	0
1.97586144756e-08	0
1.98040330975e-08	0
1.98494517194e-08	0
1.98948703413e-08	0
1.99402889632e-08	0
1.99857075851e-08	0
2.00311262069e-08	0
2.00765448288e-08	0
2.01219634507e-08	0
2.01673820726e-08	0
2.02128006945e-08	0
2.02582193164e-08	0
2.03036379383e-08	0
2.03490565602e-08	0
2.0394475182e-08	0
2.04398938039e-08	0
2.04853124258e-08	0
2.05307310477e-08	0
2.05761496696e-08	0
2.06215682915e-08	0
2.06669869134e-08	0
2.07124055353e-08	0
2.07578241572e-08	0
2.0803242779e-08	0
2.08486614009e-08	0
2.08940800228e-08	0
2.09394986447e-08	0
2.09849172666e-08	0
2.10303358885e-08	0
2.10757545104e-08	0
2.11211731323e-08	0
2.11665917542e-08	0
2.1212010376e-08	0
2.12574289979e-08	0
2.13028476198e-08	0
2.13482662417e-08	0
2.13936848636e-08	0
2.14391034855e-08	0
2.14845221074e-08	0
2.15299407293e-08	0
2.15753593512e-08	0
2.1620777973e-08	0
2.16661965949e-08	0
2.17116152168e-08	0
2.17570338387e-08	0
2.18024524606e-08	0
2.18478710825e-08	0
2.18932897044e-08	0
2.19387083263e-08	0
2.19841269481e-08	0
2.202954557e-08	0
2.20749641919e-08	0
2.21203828138e-08	0
2.21658014357e-08	0
2.22112200576e-08	0
2.22566386795e-08	0
2.23020573014e-08	0
2.23474759233e-08	0
2.23928945451e-08	0
2.2438313167e-08	0
2.24837317889e-08	0
2.25291504108e-08	0
2.25745690327e-08	0
2.26199876546e-08	0
2.26654062765e-08	0
2.27108248984e-08	0
2.27562435203e-08	0
2.28016621421e-08	0
2.2847080764e-08	0
2.28924993859e-08	0
2.29379180078e-08	0
2.29833366297e-08	0
2.30287552516e-08	0
2.30741738735e-08	0
2.31195924954e-08	0
2.31650111173e-08	0
2.32104297391e-08	0
2.3255848361e-08	0
2.33012669829e-08	0
2.33466856048e-08	0
2.33921042267e-08	0
2.34375228486e-08	0
2.34829414705e-08	0
2.35283600924e-08	0
2.35737787143e-08	0
2.36191973361e-08	0
2.3664615958e-08	0
2.37100345799e-08	0
2.37554532018e-08	0
2.38008718237e-08	0
2.38462904456e-08	0
2.38917090675e-08	0
2.39371276894e-08	0
2.39825463112e-08	0
2.40279649331e-08	0
2.4073383555e-08	0
2.41188021769e-08	0
2.41642207988e-08	0
2.42096394207e-08	0
2.42550580426e-08	0
2.43004766645e-08	0
2.43458952864e-08	0
2.43913139082e-08	0
2.44367325301e-08	0
2.4482151152e-08	0
2.45275697739e-08	0
2.45729883958e-08	0
2.46184070177e-08	0
2.46638256396e-08	0
2.47092442615e-08	0
2.47546628834e-08	0
2.48000815052e-08	0
2.48455001271e-08	0
2.4890918749e-08	0
2.49363373709e-08	0
2.49817559928e-08	0
2.50271746147e-08	0
2.50725932366e-08	0
2.51180118585e-08	0
2.51634304804e-08	0
2.52088491022e-08	0
2.52542677241e-08	0
2.5299686346e-08	0
2.53451049679e-08	0
2.53905235898e-08	0
2.54359422117e-08	0
2.54813608336e-08	0
2.55267794555e-08	0
2.55721980773e-08	0
2.56176166992e-08	0
2.56630353211e-08	0
2.5708453943e-08	0
2.57538725649e-08	0
2.57992911868e-08	0
2.58447098087e-08	0
2.58901284306e-08	0
2.59355470525e-08	0
2.59809656743e-08	0
2.60263842962e-08	0
2.60718029181e-08	0
2.611722154e-08	0
2.61626401619e-08	0
2.62080587838e-08	0
2.62534774057e-08	0
2.62988960276e-08	0
2.63443146495e-08	0
2.63897332713e-08	0
2.64351518932e-08	0
2.64805705151e-08	0
2.6525989137e-08	0
2.65714077589e-08	0
2.66168263808e-08	0
2.66622450027e-08	0
2.67076636246e-08	0
2.67530822465e-08	0
2.67985008683e-08	0
2.68439194902e-08	0
2.68893381121e-08	0
2.6934756734e-08	0
2.69801753559e-08	0
2.70255939778e-08	0
2.70710125997e-08	0
2.71164312216e-08	0
2.71618498435e-08	0
2.72072684653e-08	0
2.72526870872e-08	0
2.72981057091e-08	0
2.7343524331e-08	0
2.73889429529e-08	0
2.74343615748e-08	0
2.74797801967e-08	0
2.75251988186e-08	0
2.75706174404e-08	0
2.76160360623e-08	0
2.76614546842e-08	0
2.77068733061e-08	0
2.7752291928e-08	0
2.77977105499e-08	0
2.78431291718e-08	0
2.78885477937e-08	0
2.79339664156e-08	0
2.79793850374e-08	0
2.80248036593e-08	0
2.80702222812e-08	0
2.81156409031e-08	0
2.8161059525e-08	0
2.82064781469e-08	0
2.82518967688e-08	0
2.82973153907e-08	0
2.83427340126e-08	0
2.83881526344e-08	0
2.84335712563e-08	0
2.84789898782e-08	0
2.85244085001e-08	0
2.8569827122e-08	0
2.86152457439e-08	0
2.86606643658e-08	0
2.87060829877e-08	0
2.87515016096e-08	0
2.87969202314e-08	0
2.88423388533e-08	0
2.88877574752e-08	0
2.89331760971e-08	0
2.8978594719e-08	0
2.90240133409e-08	0
2.90694319628e-08	0
2.91148505847e-08	0
2.91602692065e-08	0
2.92056878284e-08	0
2.92511064503e-08	0
2.92965250722e-08	0
2.93419436941e-08	0
2.9387362316e-08	0
2.94327809379e-08	0
2.94781995598e-08	0
2.95236181817e-08	0
2.95690368035e-08	0
2.96144554254e-08	0
2.96598740473e-08	0
2.97052926692e-08	0
2.97507112911e-08	0
2.9796129913e-08	0
2.98415485349e-08	0
2.98869671568e-08	0
2.99323857787e-08	0
2.99778044005e-08	0
3.00232230224e-08	0
3.00686416443e-08	0
3.01140602662e-08	0
3.01594788881e-08	0
3.020489751e-08	0
3.02503161319e-08	0
3.02957347538e-08	0
3.03411533757e-08	0
3.03865719975e-08	0
3.04319906194e-08	0
3.04774092413e-08	0
3.05228278632e-08	0
3.05682464851e-08	0
3.0613665107e-08	0
3.06590837289e-08	0
3.07045023508e-08	0
3.07499209727e-08	0
3.07953395945e-08	0
3.08407582164e-08	0
3.08861768383e-08	0
3.09315954602e-08	0
3.09770140821e-08	0
3.1022432704e-08	0
3.10678513259e-08	0
3.11132699478e-08	0
3.11586885696e-08	0
3.12041071915e-08	0
3.12495258134e-08	0
3.12949444353e-08	0
3.13403630572e-08	0
3.13857816791e-08	0
3.1431200301e-08	0
3.14766189229e-08	0
3.15220375448e-08	0
3.15674561666e-08	0
3.16128747885e-08	0
3.16582934104e-08	0
3.17037120323e-08	0
3.17491306542e-08	0
3.17945492761e-08	0
3.1839967898e-08	0
3.18853865199e-08	0
3.19308051418e-08	0
3.19762237636e-08	0
3.20216423855e-08	0
3.20670610074e-08	0
3.21124796293e-08	0
3.21578982512e-08	0
3.22033168731e-08	0
3.2248735495e-08	0
3.22941541169e-08	0
3.23395727388e-08	0
3.23849913606e-08	0
3.24304099825e-08	0
3.24758286044e-08	0
3.25212472263e-08	0
3.25666658482e-08	0
3.26120844701e-08	0
3.2657503092e-08	0
3.27029217139e-08	0
3.27483403357e-08	0
3.27937589576e-08	0
3.28391775795e-08	0
3.28845962014e-08	0
3.29300148233e-08	0
3.29754334452e-08	0
3.30208520671e-08	0
3.3066270689e-08	0
3.31116893109e-08	0
3.31571079327e-08	0
3.32025265546e-08	0
3.32479451765e-08	0
3.32933637984e-08	0
3.33387824203e-08	0
3.33842010422e-08	0
3.34296196641e-08	0
3.3475038286e-08	0
3.35204569079e-08	0
3.35658755297e-08	0
3.36112941516e-08	0
3.36567127735e-08	0
3.37021313954e-08	0
3.37475500173e-08	0
3.37929686392e-08	0
3.38383872611e-08	0
3.3883805883e-08	0
3.39292245049e-08	0
3.39746431267e-08	0
3.40200617486e-08	0
3.40654803705e-08	0
3.41108989924e-08	0
3.41563176143e-08	0
3.42017362362e-08	0
3.42471548581e-08	0
3.429257348e-08	0
3.43379921019e-08	0
3.43834107237e-08	0
3.44288293456e-08	0
3.44742479675e-08	0
3.45196665894e-08	0
3.45650852113e-08	0
3.46105038332e-08	0
3.46559224551e-08	0
3.4701341077e-08	0
3.47467596988e-08	0
3.47921783207e-08	0
3.48375969426e-08	0
3.48830155645e-08	0
3.49284341864e-08	0
3.49738528083e-08	0
3.50192714302e-08	0
3.50646900521e-08	0
3.5110108674e-08	0
3.51555272958e-08	0
3.52009459177e-08	0
3.52463645396e-08	0
3.52917831615e-08	0
3.53372017834e-08	0
3.53826204053e-08	0
3.54280390272e-08	0
3.54734576491e-08	0
3.5518876271e-08	0
3.55642948928e-08	0
3.56097135147e-08	0
3.56551321366e-08	0
3.57005507585e-08	0
3.57459693804e-08	0
3.57913880023e-08	0
3.58368066242e-08	0
3.58822252461e-08	0
3.5927643868e-08	0
3.59730624898e-08	0
3.60184811117e-08	0
3.60638997336e-08	0
3.61093183555e-08	0
3.61547369774e-08	0
3.62001555993e-08	0
3.62455742212e-08	0
3.62909928431e-08	0
3.63364114649e-08	0
3.63818300868e-08	0
3.64272487087e-08	0
3.64726673306e-08	0
3.65180859525e-08	0
3.65635045744e-08	0
3.66089231963e-08	0
3.66543418182e-08	0
3.66997604401e-08	0
3.67451790619e-08	0
3.67905976838e-08	0
3.68360163057e-08	0
3.68814349276e-08	0
3.69268535495e-08	0
3.69722721714e-08	0
3.70176907933e-08	0
3.70631094152e-08	0
3.71085280371e-08	0
3.71539466589e-08	0
3.71993652808e-08	0
3.72447839027e-08	0
3.72902025246e-08	0
3.73356211465e-08	0
3.73810397684e-08	0
3.74264583903e-08	0
3.74718770122e-08	0
3.75172956341e-08	0
3.75627142559e-08	0
3.76081328778e-08	0
3.76535514997e-08	0
3.76989701216e-08	0
3.77443887435e-08	0
3.77898073654e-08	0
3.78352259873e-08	0
3.78806446092e-08	0
3.79260632311e-08	0
3.79714818529e-08	0
3.80169004748e-08	0
3.80623190967e-08	0
3.81077377186e-08	0
3.81531563405e-08	0
3.81985749624e-08	0
3.82439935843e-08	0
3.82894122062e-08	0
3.8334830828e-08	0
3.83802494499e-08	0
3.84256680718e-08	0
3.84710866937e-08	0
3.85165053156e-08	0
3.85619239375e-08	0
3.86073425594e-08	0
3.86527611813e-08	0
3.86981798032e-08	0
3.8743598425e-08	0
3.87890170469e-08	0
3.88344356688e-08	0
3.88798542907e-08	0
3.89252729126e-08	0
3.89706915345e-08	0
3.90161101564e-08	0
3.90615287783e-08	0
3.91069474002e-08	0
3.9152366022e-08	0
3.91977846439e-08	0
3.92432032658e-08	0
3.92886218877e-08	0
3.93340405096e-08	0
3.93794591315e-08	0
3.94248777534e-08	0
3.94702963753e-08	0
3.95157149972e-08	0
3.9561133619e-08	0
3.96065522409e-08	0
3.96519708628e-08	0
3.96973894847e-08	0
3.97428081066e-08	0
3.97882267285e-08	0
3.98336453504e-08	0
3.98790639723e-08	0
3.99244825941e-08	0
3.9969901216e-08	0
4.00153198379e-08	0
4.00607384598e-08	0
4.01061570817e-08	0
4.01515757036e-08	0
4.01969943255e-08	0
4.02424129474e-08	0
4.02878315693e-08	0
4.03332501911e-08	0
4.0378668813e-08	0
4.04240874349e-08	0
4.04695060568e-08	0
4.05149246787e-08	0
4.05603433006e-08	0
4.06057619225e-08	0
4.06511805444e-08	0
4.06965991663e-08	0
4.07420177881e-08	0
4.078743641e-08	0
4.08328550319e-08	0
4.08782736538e-08	0
4.09236922757e-08	0
4.09691108976e-08	0
4.10145295195e-08	0
4.10599481414e-08	0
4.11053667633e-08	0
4.11507853851e-08	0
4.1196204007e-08	0
4.12416226289e-08	0
4.12870412508e-08	0
4.13324598727e-08	0
4.13778784946e-08	0
4.14232971165e-08	0
4.14687157384e-08	0
4.15141343603e-08	0
4.15595529821e-08	0
4.1604971604e-08	0
4.16503902259e-08	0
4.16958088478e-08	0
4.17412274697e-08	0
4.17866460916e-08	0
4.18320647135e-08	0
4.18774833354e-08	0
4.19229019572e-08	0
4.19683205791e-08	0
4.2013739201e-08	0
4.20591578229e-08	0
4.21045764448e-08	0
4.21499950667e-08	0
4.21954136886e-08	0
4.22408323105e-08	0
4.22862509324e-08	0
4.23316695542e-08	0
4.23770881761e-08	0
4.2422506798e-08	0
4.24679254199e-08	0
4.25133440418e-08	0
4.25587626637e-08	0
4.26041812856e-08	0
4.26495999075e-08	0
4.26950185294e-08	0
4.27404371512e-08	0
4.27858557731e-08	0
4.2831274395e-08	0
4.28766930169e-08	0
4.29221116388e-08	0
4.29675302607e-08	0
4.30129488826e-08	0
4.30583675045e-08	0
4.31037861264e-08	0
4.31492047482e-08	0
4.31946233701e-08	0
4.3240041992e-08	0
4.32854606139e-08	0
4.33308792358e-08	0
4.33762978577e-08	0
4.34217164796e-08	0
4.34671351015e-08	0
4.35125537233e-08	0
4.35579723452e-08	0
4.36033909671e-08	0
4.3648809589e-08	0
4.36942282109e-08	0
4.37396468328e-08	0
4.37850654547e-08	0
4.38304840766e-08	0
4.38759026985e-08	0
4.39213213203e-08	0
4.39667399422e-08	0
4.40121585641e-08	0
4.4057577186e-08	0
4.41029958079e-08	0
4.41484144298e-08	0
4.41938330517e-08	0
4.42392516736e-08	0
4.42846702955e-08	0
4.43300889173e-08	0
4.43755075392e-08	0
4.44209261611e-08	0
4.4466344783e-08	0
4.45117634049e-08	0
4.45571820268e-08	0
4.46026006487e-08	0
4.46480192706e-08	0
4.46934378925e-08	0
4.47388565143e-08	0
4.47842751362e-08	0
4.48296937581e-08	0
4.487511238e-08	0
4.49205310019e-08	0
4.49659496238e-08	0
4.50113682457e-08	0
4.50567868676e-08	0
4.51022054895e-08	0
4.51476241113e-08	0
4.51930427332e-08	0
4.52384613551e-08	0
4.5283879977e-08	0
4.53292985989e-08	0
4.53747172208e-08	0
4.54201358427e-08	0
4.54655544646e-08	0
4.55109730864e-08	0
4.55563917083e-08	0
4.56018103302e-08	0
4.56472289521e-08	0
4.5692647574e-08	0
4.57380661959e-08	0
4.57834848178e-08	0
4.58289034397e-08	0
4.58743220616e-08	0
4.59197406834e-08	0
4.59651593053e-08	0
4.60105779272e-08	0
4.60559965491e-08	0
4.6101415171e-08	0
4.61468337929e-08	0
4.61922524148e-08	0
4.62376710367e-08	0
4.62830896586e-08	0
4.63285082804e-08	0
4.63739269023e-08	0
4.64193455242e-08	0
4.64647641461e-08	0
4.6510182768e-08	0
4.65556013899e-08	0
4.66010200118e-08	0
4.66464386337e-08	0
4.66918572556e-08	0
4.67372758774e-08	0
4.67826944993e-08	0
4.68281131212e-08	0
4.68735317431e-08	0
4.6918950365e-08	0
4.69643689869e-08	0
4.70097876088e-08	0
4.70552062307e-08	0
4.71006248525e-08	0
4.71460434744e-08	0
4.71914620963e-08	0
4.72368807182e-08	0
4.72822993401e-08	0
4.7327717962e-08	0
4.73731365839e-08	0
4.74185552058e-08	0
4.74639738277e-08	0
4.75093924495e-08	0
4.75548110714e-08	0
4.76002296933e-08	0
4.76456483152e-08	0
4.76910669371e-08	0
4.7736485559e-08	0
4.77819041809e-08	0
4.78273228028e-08	0
4.78727414247e-08	0
4.79181600465e-08	0
4.79635786684e-08	0
4.80089972903e-08	0
4.80544159122e-08	0
4.80998345341e-08	0
4.8145253156e-08	0
4.81906717779e-08	0
4.82360903998e-08	0
4.82815090217e-08	0
4.83269276435e-08	0
4.83723462654e-08	0
4.84177648873e-08	0
4.84631835092e-08	0
4.85086021311e-08	0
4.8554020753e-08	0
4.85994393749e-08	0
4.86448579968e-08	0
4.86902766187e-08	0
4.87356952405e-08	0
4.87811138624e-08	0
4.88265324843e-08	0
4.88719511062e-08	0
4.89173697281e-08	0
4.896278835e-08	0
4.90082069719e-08	0
4.90536255938e-08	0
4.90990442156e-08	0
4.91444628375e-08	0
4.91898814594e-08	0
4.92353000813e-08	0
4.92807187032e-08	0
4.93261373251e-08	0
4.9371555947e-08	0
4.94169745689e-08	0
4.94623931908e-08	0
4.95078118126e-08	0
4.95532304345e-08	0
4.95986490564e-08	0
4.96440676783e-08	0
4.96894863002e-08	0
4.97349049221e-08	0
4.9780323544e-08	0
4.98257421659e-08	0
4.98711607878e-08	0
4.99165794096e-08	0
4.99619980315e-08	0
5.00074166534e-08	0
5.00528352753e-08	0
5.00982538972e-08	0
5.01436725191e-08	0
5.0189091141e-08	0
5.02345097629e-08	0
5.02799283848e-08	0
5.03253470066e-08	0
5.03707656285e-08	0
5.04161842504e-08	0
5.04616028723e-08	0
5.05070214942e-08	0
5.05524401161e-08	0
5.0597858738e-08	0
5.06432773599e-08	0
5.06886959817e-08	0
5.07341146036e-08	0
5.07795332255e-08	0
5.08249518474e-08	0
5.08703704693e-08	0
5.09157890912e-08	0
5.09612077131e-08	0
5.1006626335e-08	0
5.10520449569e-08	0
5.10974635787e-08	0
5.11428822006e-08	0
5.11883008225e-08	0
5.12337194444e-08	0
5.12791380663e-08	0
5.13245566882e-08	0
5.13699753101e-08	0
5.1415393932e-08	0
5.14608125539e-08	0
5.15062311757e-08	0
5.15516497976e-08	0
5.15970684195e-08	0
5.16424870414e-08	0
5.16879056633e-08	0
5.17333242852e-08	0
5.17787429071e-08	0
5.1824161529e-08	0
5.18695801509e-08	0
5.19149987727e-08	0
5.19604173946e-08	0
5.20058360165e-08	0
5.20512546384e-08	0
5.20966732603e-08	0
5.21420918822e-08	0
5.21875105041e-08	0
5.2232929126e-08	0
5.22783477479e-08	0
5.23237663697e-08	0
5.23691849916e-08	0
5.24146036135e-08	0
5.24600222354e-08	0
5.25054408573e-08	0
5.25508594792e-08	0
5.25962781011e-08	0
5.2641696723e-08	0
5.26871153448e-08	0
5.27325339667e-08	0
5.27779525886e-08	0
5.28233712105e-08	0
5.28687898324e-08	0
5.29142084543e-08	0
5.29596270762e-08	0
5.30050456981e-08	0
5.305046432e-08	0
5.30958829418e-08	0
5.31413015637e-08	0
5.31867201856e-08	0
5.32321388075e-08	0
5.32775574294e-08	0
5.33229760513e-08	0
5.33683946732e-08	0
5.34138132951e-08	0
5.3459231917e-08	0
5.35046505388e-08	0
5.35500691607e-08	0
5.35954877826e-08	0
5.36409064045e-08	0
5.36863250264e-08	0
5.37317436483e-08	0
5.37771622702e-08	0
5.38225808921e-08	0
5.3867999514e-08	0
5.39134181358e-08	0
5.39588367577e-08	0
5.40042553796e-08	0
5.40496740015e-08	0
5.40950926234e-08	0
5.41405112453e-08	0
5.41859298672e-08	0
5.42313484891e-08	0
5.42767671109e-08	0
5.43221857328e-08	0
5.43676043547e-08	0
5.44130229766e-08	0
5.44584415985e-08	0
5.45038602204e-08	0
5.45492788423e-08	0
5.45946974642e-08	0
5.46401160861e-08	0
5.46855347079e-08	0
5.47309533298e-08	0
5.47763719517e-08	0
5.48217905736e-08	0
5.48672091955e-08	0
5.49126278174e-08	0
5.49580464393e-08	0
5.50034650612e-08	0
5.50488836831e-08	0
5.50943023049e-08	0
5.51397209268e-08	0
5.51851395487e-08	0
5.52305581706e-08	0
5.52759767925e-08	0
5.53213954144e-08	0
5.53668140363e-08	0
5.54122326582e-08	0
5.54576512801e-08	0
5.55030699019e-08	0
5.55484885238e-08	0
5.55939071457e-08	0
5.56393257676e-08	0
5.56847443895e-08	0
5.57301630114e-08	0
5.57755816333e-08	0
5.58210002552e-08	0
5.58664188771e-08	0
5.59118374989e-08	0
5.59572561208e-08	0
5.60026747427e-08	0
5.60480933646e-08	0
5.60935119865e-08	0
5.61389306084e-08	0
5.61843492303e-08	0
5.62297678522e-08	0
5.6275186474e-08	0
5.63206050959e-08	0
5.63660237178e-08	0
5.64114423397e-08	0
5.64568609616e-08	0
5.65022795835e-08	0
5.65476982054e-08	0
5.65931168273e-08	0
5.66385354492e-08	0
5.6683954071e-08	0
5.67293726929e-08	0
5.67747913148e-08	0
5.68202099367e-08	0
5.68656285586e-08	0
5.69110471805e-08	0
5.69564658024e-08	0
5.70018844243e-08	0
5.70473030462e-08	0
5.7092721668e-08	0
5.71381402899e-08	0
5.71835589118e-08	0
5.72289775337e-08	0
5.72743961556e-08	0
5.73198147775e-08	0
5.73652333994e-08	0
5.74106520213e-08	0
5.74560706432e-08	0
5.7501489265e-08	0
5.75469078869e-08	0
5.75923265088e-08	0
5.76377451307e-08	0
5.76831637526e-08	0
5.77285823745e-08	0
5.77740009964e-08	0
5.78194196183e-08	0
5.78648382402e-08	0
5.7910256862e-08	0
5.79556754839e-08	0
5.80010941058e-08	0
5.80465127277e-08	0
5.80919313496e-08	0
5.81373499715e-08	0
5.81827685934e-08	0
5.82281872153e-08	0
5.82736058371e-08	0
5.8319024459e-08	0
5.83644430809e-08	0
5.84098617028e-08	0
5.84552803247e-08	0
5.85006989466e-08	0
5.85461175685e-08	0
5.85915361904e-08	0
5.86369548123e-08	0
5.86823734341e-08	0
5.8727792056e-08	0
5.87732106779e-08	0
5.88186292998e-08	0
5.88640479217e-08	0
5.89094665436e-08	0
5.89548851655e-08	0
5.90003037874e-08	0
5.90457224093e-08	0
5.90911410311e-08	0
5.9136559653e-08	0
5.91819782749e-08	0
5.92273968968e-08	0
5.92728155187e-08	0
5.93182341406e-08	0
5.93636527625e-08	0
5.94090713844e-08	0
5.94544900063e-08	0
5.94999086281e-08	0
5.954532725e-08	0
5.95907458719e-08	0
5.96361644938e-08	0
5.96815831157e-08	0
5.97270017376e-08	0
5.97724203595e-08	0
5.98178389814e-08	0
5.98632576032e-08	0
5.99086762251e-08	0
5.9954094847e-08	0
5.99995134689e-08	0
6.00449320908e-08	0
6.00903507127e-08	0
6.01357693346e-08	0
6.01811879565e-08	0
6.02266065784e-08	0
6.02720252002e-08	0
6.03174438221e-08	0
6.0362862444e-08	0
6.04082810659e-08	0
6.04536996878e-08	0
6.04991183097e-08	0
6.05445369316e-08	0
6.05899555535e-08	0
6.06353741754e-08	0
6.06807927972e-08	0
6.07262114191e-08	0
6.0771630041e-08	0
6.08170486629e-08	0
6.08624672848e-08	0
6.09078859067e-08	0
6.09533045286e-08	0
6.09987231505e-08	0
6.10441417724e-08	0
6.10895603942e-08	0
6.11349790161e-08	0
6.1180397638e-08	0
6.12258162599e-08	0
6.12712348818e-08	0
6.13166535037e-08	0
6.13620721256e-08	0
6.14074907475e-08	0
6.14529093694e-08	0
6.14983279912e-08	0
6.15437466131e-08	0
6.1589165235e-08	0
6.16345838569e-08	0
6.16800024788e-08	0
6.17254211007e-08	0
6.17708397226e-08	0
6.18162583445e-08	0
6.18616769663e-08	0
6.19070955882e-08	0
6.19525142101e-08	0
6.1997932832e-08	0
6.20433514539e-08	0
6.20887700758e-08	0
6.21341886977e-08	0
6.21796073196e-08	0
6.22250259415e-08	0
6.22704445633e-08	0
6.23158631852e-08	0
6.23612818071e-08	0
6.2406700429e-08	0
6.24521190509e-08	0
6.24975376728e-08	0
6.25429562947e-08	0
6.25883749166e-08	0
6.26337935385e-08	0
6.26792121603e-08	0
6.27246307822e-08	0
6.27700494041e-08	0
6.2815468026e-08	0
6.28608866479e-08	0
6.29063052698e-08	0
6.29517238917e-08	0
6.29971425136e-08	0
6.30425611355e-08	0
6.30879797573e-08	0
6.31333983792e-08	0
6.31788170011e-08	0
6.3224235623e-08	0
6.32696542449e-08	0
6.33150728668e-08	0
6.33604914887e-08	0
6.34059101106e-08	0
6.34513287324e-08	0
6.34967473543e-08	0
6.35421659762e-08	0
6.35875845981e-08	0
6.363300322e-08	0
6.36784218419e-08	0
6.37238404638e-08	0
6.37692590857e-08	0
6.38146777076e-08	0
6.38600963294e-08	0
6.39055149513e-08	0
6.39509335732e-08	0
6.39963521951e-08	0
6.4041770817e-08	0
6.40871894389e-08	0
6.41326080608e-08	0
6.41780266827e-08	0
6.42234453046e-08	0
6.42688639264e-08	0
6.43142825483e-08	0
6.43597011702e-08	0
6.44051197921e-08	0
6.4450538414e-08	0
6.44959570359e-08	0
6.45413756578e-08	0
6.45867942797e-08	0
6.46322129016e-08	0
6.46776315234e-08	0
6.47230501453e-08	0
6.47684687672e-08	0
6.48138873891e-08	0
6.4859306011e-08	0
6.49047246329e-08	0
6.49501432548e-08	0
6.49955618767e-08	0
6.50409804986e-08	0
6.50863991204e-08	0
6.51318177423e-08	0
6.51772363642e-08	0
6.52226549861e-08	0
6.5268073608e-08	0
6.53134922299e-08	0
6.53589108518e-08	0
6.54043294737e-08	0
6.54497480955e-08	0
6.54951667174e-08	0
6.55405853393e-08	0
6.55860039612e-08	0
6.56314225831e-08	0
6.5676841205e-08	0
6.57222598269e-08	0
6.57676784488e-08	0
6.58130970707e-08	0
6.58585156925e-08	0
6.59039343144e-08	0
6.59493529363e-08	0
6.59947715582e-08	0
6.60401901801e-08	0
6.6085608802e-08	0
6.61310274239e-08	0
6.61764460458e-08	0
6.62218646677e-08	0
6.62672832895e-08	0
6.63127019114e-08	0
6.63581205333e-08	0
6.64035391552e-08	0
6.64489577771e-08	0
6.6494376399e-08	0
6.65397950209e-08	0
6.65852136428e-08	0
6.66306322647e-08	0
6.66760508865e-08	0
6.67214695084e-08	0
6.67668881303e-08	0
6.68123067522e-08	0
6.68577253741e-08	0
6.6903143996e-08	0
6.69485626179e-08	0
6.69939812398e-08	0
6.70393998616e-08	0
6.70848184835e-08	0
6.71302371054e-08	0
6.71756557273e-08	0
6.72210743492e-08	0
6.72664929711e-08	0
6.7311911593e-08	0
6.73573302149e-08	0
6.74027488368e-08	0
6.74481674586e-08	0
6.74935860805e-08	0
6.75390047024e-08	0
6.75844233243e-08	0
6.76298419462e-08	0
6.76752605681e-08	0
6.772067919e-08	0
6.77660978119e-08	0
6.78115164338e-08	0
6.78569350556e-08	0
6.79023536775e-08	0
6.79477722994e-08	0
6.79931909213e-08	0
6.80386095432e-08	0
6.80840281651e-08	0
6.8129446787e-08	0
6.81748654089e-08	0
6.82202840308e-08	0
6.82657026526e-08	0
6.83111212745e-08	0
6.83565398964e-08	0
6.84019585183e-08	0
6.84473771402e-08	0
6.84927957621e-08	0
6.8538214384e-08	0
6.85836330059e-08	0
6.86290516278e-08	0
6.86744702496e-08	0
6.87198888715e-08	0
6.87653074934e-08	0
6.88107261153e-08	0
6.88561447372e-08	0
6.89015633591e-08	0
6.8946981981e-08	0
6.89924006029e-08	0
6.90378192247e-08	0
6.90832378466e-08	0
6.91286564685e-08	0
6.91740750904e-08	0
6.92194937123e-08	0
6.92649123342e-08	0
6.93103309561e-08	0
6.9355749578e-08	0
6.94011681999e-08	0
6.94465868217e-08	0
6.94920054436e-08	0
6.95374240655e-08	0
6.95828426874e-08	0
6.96282613093e-08	0
6.96736799312e-08	0
6.97190985531e-08	0
6.9764517175e-08	0
6.98099357969e-08	0
6.98553544187e-08	0
6.99007730406e-08	0
6.99461916625e-08	0
6.99916102844e-08	0
7.00370289063e-08	0
7.00824475282e-08	0
7.01278661501e-08	0
7.0173284772e-08	0
7.02187033939e-08	0
7.02641220157e-08	0
7.03095406376e-08	0
7.03549592595e-08	0
7.04003778814e-08	0
7.04457965033e-08	0
7.04912151252e-08	0
7.05366337471e-08	0
7.0582052369e-08	0
7.06274709908e-08	0
7.06728896127e-08	0
7.07183082346e-08	0
7.07637268565e-08	0
7.08091454784e-08	0
7.08545641003e-08	0
7.08999827222e-08	0
7.09454013441e-08	0
7.0990819966e-08	0
7.10362385878e-08	0
7.10816572097e-08	0
7.11270758316e-08	0
7.11724944535e-08	0
7.12179130754e-08	0
7.12633316973e-08	0
7.13087503192e-08	0
7.13541689411e-08	0
7.1399587563e-08	0
7.14450061848e-08	0
7.14904248067e-08	0
7.15358434286e-08	0
7.15812620505e-08	0
7.16266806724e-08	0
7.16720992943e-08	0
7.17175179162e-08	0
7.17629365381e-08	0
7.180835516e-08	0
7.18537737818e-08	0
7.18991924037e-08	0
7.19446110256e-08	0
7.19900296475e-08	0
7.20354482694e-08	0
7.20808668913e-08	0
7.21262855132e-08	0
7.21717041351e-08	0
7.2217122757e-08	0
7.22625413788e-08	0
7.23079600007e-08	0
7.23533786226e-08	0
7.23987972445e-08	0
7.24442158664e-08	0
7.24896344883e-08	0
7.25350531102e-08	0
7.25804717321e-08	0
7.26258903539e-08	0
7.26713089758e-08	0
7.27167275977e-08	0
7.27621462196e-08	0
7.28075648415e-08	0
7.28529834634e-08	0
7.28984020853e-08	0
7.29438207072e-08	0
7.29892393291e-08	0
7.30346579509e-08	0
7.30800765728e-08	0
7.31254951947e-08	0
7.31709138166e-08	0
7.32163324385e-08	0
7.32617510604e-08	0
7.33071696823e-08	0
7.33525883042e-08	0
7.33980069261e-08	0
7.34434255479e-08	0
7.34888441698e-08	0
7.35342627917e-08	0
7.35796814136e-08	0
7.36251000355e-08	0
7.36705186574e-08	0
7.37159372793e-08	0
7.37613559012e-08	0
7.38067745231e-08	0
7.38521931449e-08	0
7.38976117668e-08	0
7.39430303887e-08	0
7.39884490106e-08	0
7.40338676325e-08	0
7.40792862544e-08	0
7.41247048763e-08	0
7.41701234982e-08	0
7.421554212e-08	0
7.42609607419e-08	0
7.43063793638e-08	0
7.43517979857e-08	0
7.43972166076e-08	0
7.44426352295e-08	0
7.44880538514e-08	0
7.45334724733e-08	0
7.45788910952e-08	0
7.4624309717e-08	0
7.46697283389e-08	0
7.47151469608e-08	0
7.47605655827e-08	0
7.48059842046e-08	0
7.48514028265e-08	0
7.48968214484e-08	0
7.49422400703e-08	0
7.49876586922e-08	0
7.5033077314e-08	0
7.50784959359e-08	0
7.51239145578e-08	0
7.51693331797e-08	0
7.52147518016e-08	0
7.52601704235e-08	0
7.53055890454e-08	0
7.53510076673e-08	0
7.53964262892e-08	0
7.5441844911e-08	0
7.54872635329e-08	0
7.55326821548e-08	0
7.55781007767e-08	0
7.56235193986e-08	0
7.56689380205e-08	0
7.57143566424e-08	0
7.57597752643e-08	0
7.58051938862e-08	0
7.5850612508e-08	0
7.58960311299e-08	0
7.59414497518e-08	0
7.59868683737e-08	0
7.60322869956e-08	0
7.60777056175e-08	0
7.61231242394e-08	0
7.61685428613e-08	0
7.62139614831e-08	0
7.6259380105e-08	0
7.63047987269e-08	0
7.63502173488e-08	0
7.63956359707e-08	0
7.64410545926e-08	0
7.64864732145e-08	0
7.65318918364e-08	0
7.65773104583e-08	0
7.66227290801e-08	0
7.6668147702e-08	0
7.67135663239e-08	0
7.67589849458e-08	0
7.68044035677e-08	0
7.68498221896e-08	0
7.68952408115e-08	0
7.69406594334e-08	0
7.69860780553e-08	0
7.70314966771e-08	0
7.7076915299e-08	0
7.71223339209e-08	0
7.71677525428e-08	0
7.72131711647e-08	0
7.72585897866e-08	0
7.73040084085e-08	0
7.73494270304e-08	0
7.73948456523e-08	0
7.74402642741e-08	0
7.7485682896e-08	0
7.75311015179e-08	0
7.75765201398e-08	0
7.76219387617e-08	0
7.76673573836e-08	0
7.77127760055e-08	0
7.77581946274e-08	0
7.78036132492e-08	0
7.78490318711e-08	0
7.7894450493e-08	0
7.79398691149e-08	0
7.79852877368e-08	0
7.80307063587e-08	0
7.80761249806e-08	0
7.81215436025e-08	0
7.81669622244e-08	0
7.82123808462e-08	0
7.82577994681e-08	0
7.830321809e-08	0
7.83486367119e-08	0
7.83940553338e-08	0
7.84394739557e-08	0
7.84848925776e-08	0
7.85303111995e-08	0
7.85757298214e-08	0
7.86211484432e-08	0
7.86665670651e-08	0
7.8711985687e-08	0
7.87574043089e-08	0
7.88028229308e-08	0
7.88482415527e-08	0
7.88936601746e-08	0
7.89390787965e-08	0
7.89844974184e-08	0
7.90299160402e-08	0
7.90753346621e-08	0
7.9120753284e-08	0
7.91661719059e-08	0
7.92115905278e-08	0
7.92570091497e-08	0
7.93024277716e-08	0
7.93478463935e-08	0
7.93932650154e-08	0
7.94386836372e-08	0
7.94841022591e-08	0
7.9529520881e-08	0
7.95749395029e-08	0
7.96203581248e-08	0
7.96657767467e-08	0
7.97111953686e-08	0
7.97566139905e-08	0
7.98020326123e-08	0
7.98474512342e-08	0
7.98928698561e-08	0
7.9938288478e-08	0
7.99837070999e-08	0
8.00291257218e-08	0
8.00745443437e-08	0
8.01199629656e-08	0
8.01653815875e-08	0
8.02108002093e-08	0
8.02562188312e-08	0
8.03016374531e-08	0
8.0347056075e-08	0
8.03924746969e-08	0
8.04378933188e-08	0
8.04833119407e-08	0
8.05287305626e-08	0
8.05741491845e-08	0
8.06195678063e-08	0
8.06649864282e-08	0
8.07104050501e-08	0
8.0755823672e-08	0
8.08012422939e-08	0
8.08466609158e-08	0
8.08920795377e-08	0
8.09374981596e-08	0
8.09829167815e-08	0
8.10283354033e-08	0
8.10737540252e-08	0
8.11191726471e-08	0
8.1164591269e-08	0
8.12100098909e-08	0
8.12554285128e-08	0
8.13008471347e-08	0
8.13462657566e-08	0
8.13916843784e-08	0
8.14371030003e-08	0
8.14825216222e-08	0
8.15279402441e-08	0
8.1573358866e-08	0
8.16187774879e-08	0
8.16641961098e-08	0
8.17096147317e-08	0
8.17550333536e-08	0
8.18004519754e-08	0
8.18458705973e-08	0
8.18912892192e-08	0
8.19367078411e-08	0
8.1982126463e-08	0
8.20275450849e-08	0
8.20729637068e-08	0
8.21183823287e-08	0
8.21638009506e-08	0
8.22092195724e-08	0
8.22546381943e-08	0
8.23000568162e-08	0
8.23454754381e-08	0
8.239089406e-08	0
8.24363126819e-08	0
8.24817313038e-08	0
8.25271499257e-08	0
8.25725685476e-08	0
8.26179871694e-08	0
8.26634057913e-08	0
8.27088244132e-08	0
8.27542430351e-08	0
8.2799661657e-08	0
8.28450802789e-08	0
8.28904989008e-08	0
8.29359175227e-08	0
8.29813361446e-08	0
8.30267547664e-08	0
8.30721733883e-08	0
8.31175920102e-08	0
8.31630106321e-08	0
8.3208429254e-08	0
8.32538478759e-08	0
8.32992664978e-08	0
8.33446851197e-08	0
8.33901037415e-08	0
8.34355223634e-08	0
8.34809409853e-08	0
8.35263596072e-08	0
8.35717782291e-08	0
8.3617196851e-08	0
8.36626154729e-08	0
8.37080340948e-08	0
8.37534527167e-08	0
8.37988713385e-08	0
8.38442899604e-08	0
8.38897085823e-08	0
8.39351272042e-08	0
8.39805458261e-08	0
8.4025964448e-08	0
8.40713830699e-08	0
8.41168016918e-08	0
8.41622203137e-08	0
8.42076389355e-08	0
8.42530575574e-08	0
8.42984761793e-08	0
8.43438948012e-08	0
8.43893134231e-08	0
8.4434732045e-08	0
8.44801506669e-08	0
8.45255692888e-08	0
8.45709879107e-08	0
8.46164065325e-08	0
8.46618251544e-08	0
8.47072437763e-08	0
8.47526623982e-08	0
8.47980810201e-08	0
8.4843499642e-08	0
8.48889182639e-08	0
8.49343368858e-08	0
8.49797555076e-08	0
8.50251741295e-08	0
8.50705927514e-08	0
8.51160113733e-08	0
8.51614299952e-08	0
8.52068486171e-08	0
8.5252267239e-08	0
8.52976858609e-08	0
8.53431044828e-08	0
8.53885231046e-08	0
8.54339417265e-08	0
8.54793603484e-08	0
8.55247789703e-08	0
8.55701975922e-08	0
8.56156162141e-08	0
8.5661034836e-08	0
8.57064534579e-08	0
8.57518720798e-08	0
8.57972907016e-08	0
8.58427093235e-08	0
8.58881279454e-08	0
8.59335465673e-08	0
8.59789651892e-08	0
8.60243838111e-08	0
8.6069802433e-08	0
8.61152210549e-08	0
8.61606396768e-08	0
8.62060582986e-08	0
8.62514769205e-08	0
8.62968955424e-08	0
8.63423141643e-08	0
8.63877327862e-08	0
8.64331514081e-08	0
8.647857003e-08	0
8.65239886519e-08	0
8.65694072738e-08	0
8.66148258956e-08	0
8.66602445175e-08	0
8.67056631394e-08	0
8.67510817613e-08	0
8.67965003832e-08	0
8.68419190051e-08	0
8.6887337627e-08	0
8.69327562489e-08	0
8.69781748707e-08	0
8.70235934926e-08	0
8.70690121145e-08	0
8.71144307364e-08	0
8.71598493583e-08	0
8.72052679802e-08	0
8.72506866021e-08	0
8.7296105224e-08	0
8.73415238459e-08	0
8.73869424677e-08	0
8.74323610896e-08	0
8.74777797115e-08	0
8.75231983334e-08	0
8.75686169553e-08	0
8.76140355772e-08	0
8.76594541991e-08	0
8.7704872821e-08	0
8.77502914429e-08	0
8.77957100647e-08	0
8.78411286866e-08	0
8.78865473085e-08	0
8.79319659304e-08	0
8.79773845523e-08	0
8.80228031742e-08	0
8.80682217961e-08	0
8.8113640418e-08	0
8.81590590399e-08	0
8.82044776617e-08	0
8.82498962836e-08	0
8.82953149055e-08	0
8.83407335274e-08	0
8.83861521493e-08	0
8.84315707712e-08	0
8.84769893931e-08	0
8.8522408015e-08	0
8.85678266368e-08	0
8.86132452587e-08	0
8.86586638806e-08	0
8.87040825025e-08	0
8.87495011244e-08	0
8.87949197463e-08	0
8.88403383682e-08	0
8.88857569901e-08	0
8.8931175612e-08	0
8.89765942338e-08	0
8.90220128557e-08	0
8.90674314776e-08	0
8.91128500995e-08	0
8.91582687214e-08	0
8.92036873433e-08	0
8.92491059652e-08	0
8.92945245871e-08	0
8.9339943209e-08	0
8.93853618308e-08	0
8.94307804527e-08	0
8.94761990746e-08	0
8.95216176965e-08	0
8.95670363184e-08	0
8.96124549403e-08	0
8.96578735622e-08	0
8.97032921841e-08	0
8.9748710806e-08	0
8.97941294278e-08	0
8.98395480497e-08	0
8.98849666716e-08	0
8.99303852935e-08	0
8.99758039154e-08	0
9.00212225373e-08	0
9.00666411592e-08	0
9.01120597811e-08	0
9.0157478403e-08	0
9.02028970248e-08	0
9.02483156467e-08	0
9.02937342686e-08	0
9.03391528905e-08	0
9.03845715124e-08	0
9.04299901343e-08	0
9.04754087562e-08	0
9.05208273781e-08	0
9.05662459999e-08	0
9.06116646218e-08	0
9.06570832437e-08	0
9.07025018656e-08	0
9.07479204875e-08	0
9.07933391094e-08	0
9.08387577313e-08	0
