0	-0.000119368
1.07869e-11	-0.000117393
2.15738e-11	-0.00011181
3.23607e-11	-0.000102481
4.31476e-11	-8.9367e-05
5.39345e-11	-7.25359e-05
6.47214e-11	-5.21731e-05
7.55083e-11	-2.85832e-05
8.62952e-11	-2.19151e-06
9.70821e-11	2.64583e-05
1.07869e-10	5.67112e-05
1.18656e-10	8.78106e-05
1.29443e-10	0.000118913
1.4023e-10	0.000149105
1.51017e-10	0.000177427
1.61803e-10	0.000202894
1.7259e-10	0.000224527
1.83377e-10	0.000241379
1.94164e-10	0.000252569
2.04951e-10	0.00025731
2.15738e-10	0.000254943
2.26525e-10	0.000244963
2.37312e-10	0.000227052
2.48099e-10	0.000201097
2.58886e-10	0.000167214
2.69672e-10	0.000125762
2.80459e-10	7.73486e-05
2.91246e-10	2.28369e-05
3.02033e-10	-3.6664e-05
3.1282e-10	-9.9811e-05
3.23607e-10	-0.000165048
3.34394e-10	-0.000230636
3.45181e-10	-0.000294689
3.55968e-10	-0.00035522
3.66755e-10	-0.000410189
3.77541e-10	-0.000457561
3.88328e-10	-0.000495368
3.99115e-10	-0.000521767
4.09902e-10	-0.000535109
4.20689e-10	-0.000534002
4.31476e-10	-0.000517365
4.42263e-10	-0.000484495
4.5305e-10	-0.000435105
4.63837e-10	-0.000369371
4.74624e-10	-0.000287961
4.8541e-10	-0.000192051
4.96197e-10	-8.33283e-05
5.06984e-10	3.60183e-05
5.17771e-10	0.000163325
5.28558e-10	0.000295497
5.39345e-10	0.000429066
5.50132e-10	0.000560264
5.60919e-10	0.000685113
5.71706e-10	0.000799525
5.82492e-10	0.000899414
5.93279e-10	0.000980816
6.04066e-10	0.00104001
6.14853e-10	0.00107366
6.2564e-10	0.00107891
6.36427e-10	0.00105354
6.47214e-10	0.000996057
6.58001e-10	0.000905775
6.68788e-10	0.000782931
6.79575e-10	0.000628717
6.90361e-10	0.000445323
7.01148e-10	0.000235942
7.11935e-10	4.75211e-06
7.22722e-10	-0.00024314
7.33509e-10	-0.000501779
7.44296e-10	-0.000764476
7.55083e-10	-0.00102395
7.6587e-10	-0.0012725
7.76657e-10	-0.0015022
7.87444e-10	-0.0017051
7.9823e-10	-0.00187351
8.09017e-10	-0.00200015
8.19804e-10	-0.00207847
8.30591e-10	-0.00210287
8.41378e-10	-0.00206889
8.52165e-10	-0.00197349
8.62952e-10	-0.00181515
8.73739e-10	-0.00159411
8.84526e-10	-0.00131241
8.95313e-10	-0.000973978
9.06099e-10	-0.00058466
9.16886e-10	-0.00015216
9.27673e-10	0.000314052
9.3846e-10	0.000802891
9.49247e-10	0.00130188
9.60034e-10	0.00179741
9.70821e-10	0.00227505
9.81608e-10	0.00271995
9.92395e-10	0.00311719
1.00318e-09	0.00345224
1.01397e-09	0.00371141
1.02476e-09	0.00388226
1.03554e-09	0.00395412
1.04633e-09	0.00391841
1.05712e-09	0.00376914
1.0679e-09	0.00350314
1.07869e-09	0.00312042
1.08948e-09	0.00262434
1.10026e-09	0.0020217
1.11105e-09	0.00132284
1.12184e-09	0.000541498
1.13262e-09	-0.000305348
1.14341e-09	-0.00119775
1.1542e-09	-0.00211318
1.16498e-09	-0.00302704
1.17577e-09	-0.00391321
1.18656e-09	-0.00474472
1.19735e-09	-0.00549447
1.20813e-09	-0.00613601
1.21892e-09	-0.00664433
1.22971e-09	-0.00699668
1.24049e-09	-0.00717335
1.25128e-09	-0.00715844
1.26207e-09	-0.00694056
1.27285e-09	-0.00651339
1.28364e-09	-0.00587623
1.29443e-09	-0.0050343
1.30521e-09	-0.00399902
1.316e-09	-0.002788
1.32679e-09	-0.00142493
1.33758e-09	6.07332e-05
1.34836e-09	0.00163426
1.35915e-09	0.00325635
1.36994e-09	0.00488396
1.38072e-09	0.00647134
1.39151e-09	0.00797116
1.4023e-09	0.0093358
1.41308e-09	0.0105187
1.42387e-09	0.0114756
1.43466e-09	0.0121664
1.44544e-09	0.0125558
1.45623e-09	0.0126154
1.46702e-09	0.0123244
1.47781e-09	0.0116705
1.48859e-09	0.0106515
1.49938e-09	0.009275
1.51017e-09	0.00755947
1.52095e-09	0.00553393
1.53174e-09	0.00323786
1.54253e-09	0.000720672
1.55331e-09	-0.00195917
1.5641e-09	-0.00473532
1.57489e-09	-0.00753495
1.58567e-09	-0.0102805
1.59646e-09	-0.0128917
1.60725e-09	-0.0152876
1.61803e-09	-0.0173888
1.62882e-09	-0.01912
1.63961e-09	-0.020412
1.6504e-09	-0.0212047
1.66118e-09	-0.0214483
1.67197e-09	-0.0211062
1.68276e-09	-0.0201564
1.69354e-09	-0.0185926
1.70433e-09	-0.0164258
1.71512e-09	-0.0136844
1.7259e-09	-0.0104147
1.73669e-09	-0.00668037
1.74748e-09	-0.00256151
1.75826e-09	0.00184669
1.76905e-09	0.00643586
1.77984e-09	0.0110869
1.79063e-09	0.0156726
1.80141e-09	0.0200612
1.8122e-09	0.0241195
1.82299e-09	0.0277168
1.83377e-09	0.0307287
1.84456e-09	0.0330408
1.85535e-09	0.0345528
1.86613e-09	0.0351815
1.87692e-09	0.0348647
1.88771e-09	0.0335633
1.89849e-09	0.0312643
1.90928e-09	0.0279819
1.92007e-09	0.0237586
1.93085e-09	0.0186656
1.94164e-09	0.012802
1.95243e-09	0.00629337
1.96322e-09	-0.000710243
1.974e-09	-0.00803773
1.98479e-09	-0.0155005
1.99558e-09	-0.022897
2.00636e-09	-0.0300179
2.01715e-09	-0.0366513
2.02794e-09	-0.0425889
2.03872e-09	-0.0476322
2.04951e-09	-0.051598
2.0603e-09	-0.0543248
2.07108e-09	-0.0556781
2.08187e-09	-0.0555557
2.09266e-09	-0.0538916
2.10345e-09	-0.0506604
2.11423e-09	-0.045879
2.12502e-09	-0.0396085
2.13581e-09	-0.0319547
2.14659e-09	-0.0230667
2.15738e-09	-0.0131351
2.16817e-09	-0.00238821
2.17895e-09	0.00891249
2.18974e-09	0.0204782
2.20053e-09	0.0319999
2.21131e-09	0.0431557
2.2221e-09	0.0536199
2.23289e-09	0.0630716
2.24367e-09	0.0712038
2.25446e-09	0.0777331
2.26525e-09	0.0824082
2.27604e-09	0.0850188
2.28682e-09	0.0854029
2.29761e-09	0.0834535
2.3084e-09	0.0791242
2.31918e-09	0.0724329
2.32997e-09	0.0634641
2.34076e-09	0.0523691
2.35154e-09	0.0393651
2.36233e-09	0.0247315
2.37312e-09	0.00880453
2.3839e-09	-0.00802926
2.39469e-09	-0.0253423
2.40548e-09	-0.0426758
2.41627e-09	-0.0595519
2.42705e-09	-0.0754856
2.43784e-09	-0.0899985
2.44863e-09	-0.102632
2.45941e-09	-0.112962
2.4702e-09	-0.120611
2.48099e-09	-0.12526
2.49177e-09	-0.126661
2.50256e-09	-0.124648
2.51335e-09	-0.119142
2.52413e-09	-0.110156
2.53492e-09	-0.0978035
2.54571e-09	-0.0822934
2.55649e-09	-0.063931
2.56728e-09	-0.0431123
2.57807e-09	-0.0203166
2.58886e-09	0.0039038
2.59964e-09	0.0289363
2.61043e-09	0.0541225
2.62122e-09	0.0787754
2.632e-09	0.102197
2.64279e-09	0.123697
2.65358e-09	0.142614
2.66436e-09	0.158333
2.67515e-09	0.170304
2.68594e-09	0.178062
2.69672e-09	0.181243
2.70751e-09	0.179593
2.7183e-09	0.172985
2.72909e-09	0.161424
2.73987e-09	0.145052
2.75066e-09	0.124148
2.76145e-09	0.0991275
2.77223e-09	0.0705328
2.78302e-09	0.0390244
2.79381e-09	0.00536583
2.80459e-09	-0.029594
2.81538e-09	-0.0649411
2.82617e-09	-0.0997201
2.83695e-09	-0.132959
2.84774e-09	-0.163695
2.85853e-09	-0.191005
2.86931e-09	-0.214025
2.8801e-09	-0.231984
2.89089e-09	-0.244226
2.90168e-09	-0.250228
2.91246e-09	-0.249625
2.92325e-09	-0.24222
2.93404e-09	-0.227998
2.94482e-09	-0.20713
2.95561e-09	-0.179978
2.9664e-09	-0.147084
2.97718e-09	-0.109169
2.98797e-09	-0.0671132
2.99876e-09	-0.0219364
3.00954e-09	0.025223
3.02033e-09	0.0731378
3.03112e-09	0.120523
3.04191e-09	0.166069
3.05269e-09	0.208477
3.06348e-09	0.246498
3.07427e-09	0.278965
3.08505e-09	0.304828
3.09584e-09	0.32319
3.10663e-09	0.333332
3.11741e-09	0.334742
3.1282e-09	0.327131
3.13899e-09	0.310449
3.14977e-09	0.284895
3.16056e-09	0.250917
3.17135e-09	0.209204
3.18213e-09	0.160678
3.19292e-09	0.106473
3.20371e-09	0.0479093
3.2145e-09	-0.0135376
3.22528e-09	-0.0762736
3.23607e-09	-0.138626
3.24686e-09	-0.19889
3.25764e-09	-0.25537
3.26843e-09	-0.306433
3.27922e-09	-0.350549
3.29e-09	-0.38634
3.30079e-09	-0.41262
3.31158e-09	-0.428434
3.32236e-09	-0.433087
3.33315e-09	-0.426173
3.34394e-09	-0.407593
3.35473e-09	-0.377564
3.36551e-09	-0.336619
3.3763e-09	-0.285606
3.38709e-09	-0.225665
3.39787e-09	-0.158209
3.40866e-09	-0.08489
3.41945e-09	-0.0075581
3.43023e-09	0.0717833
3.44102e-09	0.15103
3.45181e-09	0.22803
3.46259e-09	0.300647
3.47338e-09	0.366813
3.48417e-09	0.424591
3.49495e-09	0.472229
3.50574e-09	0.508212
3.51653e-09	0.531313
3.52732e-09	0.540625
3.5381e-09	0.5356
3.54889e-09	0.51607
3.55968e-09	0.482256
3.57046e-09	0.434773
3.58125e-09	0.374624
3.59204e-09	0.303175
3.60282e-09	0.222128
3.61361e-09	0.133482
3.6244e-09	0.0394798
3.63518e-09	-0.057442
3.64597e-09	-0.154721
3.65676e-09	-0.249736
3.66755e-09	-0.339876
3.67833e-09	-0.422612
3.68912e-09	-0.495569
3.69991e-09	-0.556596
3.71069e-09	-0.603822
3.72148e-09	-0.63572
3.73227e-09	-0.65115
3.74305e-09	-0.649402
3.75384e-09	-0.630217
3.76463e-09	-0.593806
3.77541e-09	-0.540852
3.7862e-09	-0.472499
3.79699e-09	-0.390329
3.80777e-09	-0.296324
3.81856e-09	-0.192824
3.82935e-09	-0.0824609
3.84014e-09	0.031901
3.85092e-09	0.147244
3.86171e-09	0.260476
3.8725e-09	0.368512
3.88328e-09	0.468361
3.89407e-09	0.557209
3.90486e-09	0.632495
3.91564e-09	0.69199
3.92643e-09	0.733859
3.93722e-09	0.756715
3.948e-09	0.759672
3.95879e-09	0.742365
3.96958e-09	0.704977
3.98037e-09	0.648235
3.99115e-09	0.5734
4.00194e-09	0.482243
4.01273e-09	0.376997
4.02351e-09	0.260308
4.0343e-09	0.135166
4.04509e-09	0.00482606
4.05587e-09	-0.127272
4.06666e-09	-0.257601
4.07745e-09	-0.382635
4.08823e-09	-0.498953
4.09902e-09	-0.603327
4.10981e-09	-0.692813
4.1206e-09	-0.764838
4.13138e-09	-0.817271
4.14217e-09	-0.848488
4.15296e-09	-0.857419
4.16374e-09	-0.843586
4.17453e-09	-0.80712
4.18532e-09	-0.748768
4.1961e-09	-0.669872
4.20689e-09	-0.572345
4.21768e-09	-0.458621
4.22846e-09	-0.331595
4.23925e-09	-0.194549
4.25004e-09	-0.0510662
4.26082e-09	0.0950645
4.27161e-09	0.239949
4.2824e-09	0.379691
4.29319e-09	0.510503
4.30397e-09	0.628804
4.31476e-09	0.731322
4.32555e-09	0.815185
4.33633e-09	0.878002
4.34712e-09	0.917931
4.35791e-09	0.933734
4.36869e-09	0.924813
4.37948e-09	0.891235
4.39027e-09	0.83373
4.40105e-09	0.753679
4.41184e-09	0.65308
4.42263e-09	0.534496
4.43342e-09	0.400993
4.4442e-09	0.256053
4.45499e-09	0.103492
4.46578e-09	-0.0526529
4.47656e-09	-0.208222
4.48735e-09	-0.359052
4.49814e-09	-0.501085
4.50892e-09	-0.630479
4.51971e-09	-0.743717
4.5305e-09	-0.8377
4.54128e-09	-0.909832
4.55207e-09	-0.958097
4.56286e-09	-0.981113
4.57364e-09	-0.978171
4.58443e-09	-0.949258
4.59522e-09	-0.89506
4.60601e-09	-0.816947
4.61679e-09	-0.716934
4.62758e-09	-0.597633
4.63837e-09	-0.462179
4.64915e-09	-0.314152
4.65994e-09	-0.157476
4.67073e-09	0.00368189
4.68151e-09	0.165028
4.6923e-09	0.322255
4.70309e-09	0.471159
4.71387e-09	0.607755
4.72466e-09	0.728384
4.73545e-09	0.829812
4.74624e-09	0.909317
4.75702e-09	0.964765
4.76781e-09	0.994668
4.7786e-09	0.998223
4.78938e-09	0.975334
4.80017e-09	0.926616
4.81096e-09	0.853377
4.82174e-09	0.757582
4.83253e-09	0.641804
4.84332e-09	0.509145
4.8541e-09	0.363161
4.86489e-09	0.20776
4.87568e-09	0.047098
4.88646e-09	-0.114534
4.89725e-09	-0.272828
4.90804e-09	-0.423571
4.91883e-09	-0.562762
4.92961e-09	-0.686722
4.9404e-09	-0.792185
4.95119e-09	-0.876393
4.96197e-09	-0.937164
4.97276e-09	-0.972951
4.98355e-09	-0.982884
4.99433e-09	-0.966787
5.00512e-09	-0.925182
5.01591e-09	-0.859276
5.02669e-09	-0.77092
5.03748e-09	-0.662559
5.04827e-09	-0.537166
5.05906e-09	-0.398157
5.06984e-09	-0.249294
5.08063e-09	-0.0945894
5.09142e-09	0.0618112
5.1022e-09	0.215737
5.11299e-09	0.363105
5.12378e-09	0.500032
5.13456e-09	0.622935
5.14535e-09	0.728629
5.15614e-09	0.814409
5.16692e-09	0.87812
5.17771e-09	0.918212
5.1885e-09	0.933777
5.19928e-09	0.924571
5.21007e-09	0.891015
5.22086e-09	0.834177
5.23165e-09	0.755743
5.24243e-09	0.657963
5.25322e-09	0.543588
5.26401e-09	0.41579
5.27479e-09	0.278077
5.28558e-09	0.134191
5.29637e-09	-0.0119894
5.30715e-09	-0.15656
5.31794e-09	-0.295694
5.32873e-09	-0.425742
5.33951e-09	-0.543333
5.3503e-09	-0.645462
5.36109e-09	-0.729563
5.37188e-09	-0.793579
5.38266e-09	-0.83601
5.39345e-09	-0.855949
5.40424e-09	-0.853099
5.41502e-09	-0.827776
5.42581e-09	-0.780894
5.4366e-09	-0.713932
5.44738e-09	-0.628891
5.45817e-09	-0.528234
5.46896e-09	-0.414812
5.47974e-09	-0.291785
5.49053e-09	-0.162533
5.50132e-09	-0.0305611
5.5121e-09	0.100593
5.52289e-09	0.227457
5.53368e-09	0.346718
5.54447e-09	0.455307
5.55525e-09	0.550479
5.56604e-09	0.629883
5.57683e-09	0.691621
5.58761e-09	0.734292
5.5984e-09	0.757023
5.60919e-09	0.759485
5.61997e-09	0.741897
5.63076e-09	0.70501
5.64155e-09	0.650078
5.65233e-09	0.578822
5.66312e-09	0.493371
5.67391e-09	0.396204
5.6847e-09	0.290075
5.69548e-09	0.177936
5.70627e-09	0.0628547
5.71706e-09	-0.0520709
5.72784e-09	-0.163795
5.73863e-09	-0.269404
5.74942e-09	-0.366197
5.7602e-09	-0.45175
5.77099e-09	-0.52398
5.78178e-09	-0.581193
5.79256e-09	-0.622126
5.80335e-09	-0.645969
5.81414e-09	-0.652386
5.82492e-09	-0.641509
5.83571e-09	-0.613932
5.8465e-09	-0.57068
5.85729e-09	-0.513184
5.86807e-09	-0.443224
5.87886e-09	-0.362885
5.88965e-09	-0.274487
5.90043e-09	-0.180525
5.91122e-09	-0.0835948
5.92201e-09	0.013678
5.93279e-09	0.108708
5.94358e-09	0.19902
5.95437e-09	0.282311
5.96515e-09	0.356513
5.97594e-09	0.41984
5.98673e-09	0.470832
5.99752e-09	0.508387
6.0083e-09	0.531785
6.01909e-09	0.540698
6.02988e-09	0.535191
6.04066e-09	0.515713
6.05145e-09	0.483075
6.06224e-09	0.438424
6.07302e-09	0.383202
6.08381e-09	0.319102
6.0946e-09	0.248016
6.10538e-09	0.171982
6.11617e-09	0.0931266
6.12696e-09	0.0136013
6.13774e-09	-0.0644711
6.14853e-09	-0.139055
6.15932e-09	-0.208253
6.17011e-09	-0.270358
6.18089e-09	-0.323889
6.19168e-09	-0.367628
6.20247e-09	-0.40065
6.21325e-09	-0.422334
6.22404e-09	-0.432378
6.23483e-09	-0.430798
6.24561e-09	-0.41792
6.2564e-09	-0.394363
6.26719e-09	-0.361014
6.27797e-09	-0.319002
6.28876e-09	-0.269657
6.29955e-09	-0.214472
6.31034e-09	-0.155058
6.32112e-09	-0.0930978
6.33191e-09	-0.0302983
6.3427e-09	0.0316546
6.35348e-09	0.0911416
6.36427e-09	0.146652
6.37506e-09	0.196819
6.38584e-09	0.240459
6.39663e-09	0.276588
6.40742e-09	0.304455
6.4182e-09	0.323545
6.42899e-09	0.333593
6.43978e-09	0.334583
6.45057e-09	0.32674
6.46135e-09	0.31052
6.47214e-09	0.286586
6.48293e-09	0.255793
6.49371e-09	0.219151
6.5045e-09	0.177799
6.51529e-09	0.132968
6.52607e-09	0.0859474
6.53686e-09	0.0380469
6.54765e-09	-0.0094384
6.55843e-09	-0.0552626
6.56922e-09	-0.098261
6.58001e-09	-0.137379
6.59079e-09	-0.171696
6.60158e-09	-0.200448
6.61237e-09	-0.223044
6.62316e-09	-0.239073
6.63394e-09	-0.248311
6.64473e-09	-0.250726
6.65552e-09	-0.246465
6.6663e-09	-0.235851
6.67709e-09	-0.219365
6.68788e-09	-0.197631
6.69866e-09	-0.17139
6.70945e-09	-0.141484
6.72024e-09	-0.108823
6.73102e-09	-0.074361
6.74181e-09	-0.0390712
6.7526e-09	-0.00391579
6.76339e-09	0.030178
6.77417e-09	0.0623417
6.78496e-09	0.0917868
6.79575e-09	0.117824
6.80653e-09	0.139878
6.81732e-09	0.157498
6.82811e-09	0.170368
6.83889e-09	0.17831
6.84968e-09	0.181282
6.86047e-09	0.179377
6.87125e-09	0.172814
6.88204e-09	0.161931
6.89283e-09	0.147166
6.90361e-09	0.129049
6.9144e-09	0.108178
6.92519e-09	0.0852042
6.93598e-09	0.0608129
6.94676e-09	0.0357015
6.95755e-09	0.0105617
6.96834e-09	-0.0139387
6.97912e-09	-0.0371733
6.98991e-09	-0.0585722
7.0007e-09	-0.0776356
7.01148e-09	-0.0939442
7.02227e-09	-0.107168
7.03306e-09	-0.117071
7.04384e-09	-0.123516
7.05463e-09	-0.126462
7.06542e-09	-0.125962
7.07621e-09	-0.122163
7.08699e-09	-0.11529
7.09778e-09	-0.105644
7.10857e-09	-0.0935881
7.11935e-09	-0.0795352
7.13014e-09	-0.0639361
7.14093e-09	-0.0472651
7.15171e-09	-0.0300068
7.1625e-09	-0.0126422
7.17329e-09	0.00436346
7.18407e-09	0.0205733
7.19486e-09	0.0355889
7.20565e-09	0.0490596
7.21643e-09	0.0606904
7.22722e-09	0.0702468
7.23801e-09	0.0775598
7.2488e-09	0.0825268
7.25958e-09	0.0851123
7.27037e-09	0.0853457
7.28116e-09	0.0833183
7.29194e-09	0.0791779
7.30273e-09	0.0731226
7.31352e-09	0.0653934
7.3243e-09	0.0562662
7.33509e-09	0.0460424
7.34588e-09	0.03504
7.35666e-09	0.0235846
7.36745e-09	0.0119997
7.37824e-09	0.000598598
7.38903e-09	-0.0103237
7.39981e-09	-0.0204977
7.4106e-09	-0.0296858
7.42139e-09	-0.0376869
7.43217e-09	-0.0443404
7.44296e-09	-0.0495289
7.45375e-09	-0.0531792
7.46453e-09	-0.0552626
7.47532e-09	-0.0557935
7.48611e-09	-0.0548272
7.49689e-09	-0.0524567
7.50768e-09	-0.0488083
7.51847e-09	-0.0440367
7.52925e-09	-0.0383198
7.54004e-09	-0.0318528
7.55083e-09	-0.0248419
7.56162e-09	-0.0174985
7.5724e-09	-0.0100333
7.58319e-09	-0.00265044
7.59398e-09	0.0044576
7.60476e-09	0.0111145
7.61555e-09	0.0171644
7.62634e-09	0.0224749
7.63712e-09	0.0269395
7.64791e-09	0.0304796
7.6587e-09	0.0330448
7.66948e-09	0.0346134
7.68027e-09	0.0351914
7.69106e-09	0.0348109
7.70185e-09	0.0335284
7.71263e-09	0.0314216
7.72342e-09	0.0285866
7.73421e-09	0.0251344
7.74499e-09	0.0211871
7.75578e-09	0.016874
7.76657e-09	0.0123281
7.77735e-09	0.00768184
7.78814e-09	0.00306402
7.79893e-09	-0.00140383
7.80971e-09	-0.00561018
7.8205e-09	-0.00945611
7.83129e-09	-0.0128573
7.84207e-09	-0.0157456
7.85286e-09	-0.01807
7.86365e-09	-0.0197973
7.87444e-09	-0.0209118
7.88522e-09	-0.0214152
7.89601e-09	-0.0213256
7.9068e-09	-0.0206758
7.91758e-09	-0.0195121
7.92837e-09	-0.0178922
7.93916e-09	-0.0158831
7.94994e-09	-0.0135585
7.96073e-09	-0.0109971
7.97152e-09	-0.00827961
7.9823e-09	-0.00548671
7.99309e-09	-0.0026969
8.00388e-09	1.55696e-05
8.01467e-09	0.00258245
8.02545e-09	0.00494304
8.03624e-09	0.00704541
8.04703e-09	0.00884734
8.05781e-09	0.010317
8.0686e-09	0.011433
8.07939e-09	0.0121849
8.09017e-09	0.0125725
8.10096e-09	0.0126052
8.11175e-09	0.0123017
8.12253e-09	0.0116885
8.13332e-09	0.0107991
8.14411e-09	0.00967264
8.15489e-09	0.00835223
8.16568e-09	0.006884
8.17647e-09	0.00531541
8.18726e-09	0.00369401
8.19804e-09	0.00206609
8.20883e-09	0.000475514
8.21962e-09	-0.00103731
8.2304e-09	-0.00243637
8.24119e-09	-0.00369072
8.25198e-09	-0.0047751
8.26276e-09	-0.00567024
8.27355e-09	-0.00636307
8.28434e-09	-0.00684671
8.29512e-09	-0.0071203
8.30591e-09	-0.00718871
8.3167e-09	-0.00706201
8.32749e-09	-0.00675497
8.33827e-09	-0.00628634
8.34906e-09	-0.00567814
8.35985e-09	-0.00495485
8.37063e-09	-0.00414262
8.38142e-09	-0.00326844
8.39221e-09	-0.00235939
8.40299e-09	-0.00144189
8.41378e-09	-0.000541014
8.42457e-09	0.000320117
8.43535e-09	0.00112082
8.44614e-09	0.00184328
8.45693e-09	0.00247286
8.46771e-09	0.00299833
8.4785e-09	0.00341191
8.48929e-09	0.00370934
8.50008e-09	0.00388972
8.51086e-09	0.00395539
8.52165e-09	0.00391164
8.53244e-09	0.00376635
8.54322e-09	0.00352971
8.55401e-09	0.0032137
8.5648e-09	0.00283174
8.57558e-09	0.00239816
8.58637e-09	0.00192782
8.59716e-09	0.00143565
8.60794e-09	0.000936216
8.61873e-09	0.000443379
8.62952e-09	-3.00483e-05
8.64031e-09	-0.000472586
8.65109e-09	-0.000874312
8.66188e-09	-0.00122704
8.67267e-09	-0.00152441
8.68345e-09	-0.001762
8.69424e-09	-0.00193723
8.70503e-09	-0.00204943
8.71581e-09	-0.00209964
8.7266e-09	-0.00209051
8.73739e-09	-0.00202614
8.74817e-09	-0.00191184
8.75896e-09	-0.00175395
8.76975e-09	-0.00155955
8.78053e-09	-0.00133626
8.79132e-09	-0.00109198
8.80211e-09	-0.000834667
8.8129e-09	-0.0005721
8.82368e-09	-0.00031169
8.83447e-09	-6.02992e-05
8.84526e-09	0.000175907
8.85604e-09	0.000391584
8.86683e-09	0.000582299
8.87762e-09	0.000744593
8.8884e-09	0.000876005
8.89919e-09	0.000975078
8.90998e-09	0.00104133
8.92076e-09	0.00107519
8.93155e-09	0.00107796
8.94234e-09	0.00105167
8.95313e-09	0.000999011
8.96391e-09	0.00092321
8.9747e-09	0.000827896
8.98549e-09	0.00071698
8.99627e-09	0.000594526
9.00706e-09	0.000464633
9.01785e-09	0.00033132
9.02863e-09	0.000198419
9.03942e-09	6.9488e-05
9.05021e-09	-5.22727e-05
9.06099e-09	-0.000164079
9.07178e-09	-0.000263611
9.08257e-09	-0.000349044
9.09336e-09	-0.000419067
9.10414e-09	-0.000472876
9.11493e-09	-0.000510166
9.12572e-09	-0.000531101
9.1365e-09	-0.000536281
9.14729e-09	-0.000526688
9.15808e-09	-0.000503636
9.16886e-09	-0.000468714
9.17965e-09	-0.000423717
9.19044e-09	-0.000370587
9.20122e-09	-0.000311347
9.21201e-09	-0.00024804
9.2228e-09	-0.000182673
9.23358e-09	-0.000117164
9.24437e-09	-5.32962e-05
9.25516e-09	7.32319e-06
9.26595e-09	6.32912e-05
9.27673e-09	0.000113434
9.28752e-09	0.000156823
9.29831e-09	0.000192781
9.30909e-09	0.000220882
9.31988e-09	0.000240948
9.33067e-09	0.000253031
9.34145e-09	0.000257397
9.35224e-09	0.000254503
9.36303e-09	0.000244969
9.37381e-09	0.000229552
9.3846e-09	0.00020911
9.39539e-09	0.000184576
9.40618e-09	0.000156922
9.41696e-09	0.000127136
9.42775e-09	9.61853e-05
9.43854e-09	6.49991e-05
9.44932e-09	3.44412e-05
9.46011e-09	5.2929e-06
9.4709e-09	-2.17622e-05
9.48168e-09	-4.615e-05
9.49247e-09	-6.74129e-05
9.50326e-09	-8.52138e-05
9.51404e-09	-9.9336e-05
9.52483e-09	-0.00010968
9.53562e-09	-0.000116257
9.5464e-09	-0.000119181
