5.39345e-12	-0.000118819
1.61803e-11	-0.000115063
2.69672e-11	-0.000107619
3.77541e-11	-9.63957e-05
4.8541e-11	-8.14073e-05
5.93279e-11	-6.27798e-05
7.01148e-11	-4.07578e-05
8.09017e-11	-1.57063e-05
9.16886e-11	1.18896e-05
1.02476e-10	4.14294e-05
1.13262e-10	7.22059e-05
1.24049e-10	0.000103417
1.34836e-10	0.000134182
1.45623e-10	0.000163561
1.5641e-10	0.000190579
1.67197e-10	0.00021425
1.77984e-10	0.000233608
1.88771e-10	0.000247734
1.99558e-10	0.00025579
2.10345e-10	0.000257051
2.21131e-10	0.000250929
2.31918e-10	0.000237011
2.42705e-10	0.000215078
2.53492e-10	0.00018513
2.64279e-10	0.000147402
2.75066e-10	0.000102377
2.85853e-10	5.07914e-05
2.9664e-10	-6.36854e-06
3.07427e-10	-6.78743e-05
3.18213e-10	-0.000132273
3.29e-10	-0.000197913
3.39787e-10	-0.000262977
3.50574e-10	-0.000325522
3.61361e-10	-0.000383527
3.72148e-10	-0.00043495
3.82935e-10	-0.000477779
3.93722e-10	-0.000510101
4.04509e-10	-0.000530164
4.15296e-10	-0.000536437
4.26082e-10	-0.000527678
4.36869e-10	-0.000502988
4.47656e-10	-0.000461865
4.58443e-10	-0.000404251
4.6923e-10	-0.000330564
4.80017e-10	-0.000241725
4.90804e-10	-0.000139166
5.01591e-10	-2.48272e-05
5.12378e-10	9.88606e-05
5.23165e-10	0.000229012
5.33951e-10	0.000362336
5.44738e-10	0.000495206
5.55525e-10	0.000623736
5.66312e-10	0.00074388
5.77099e-10	0.000851537
5.87886e-10	0.000942665
5.98673e-10	0.00101341
6.0946e-10	0.00106022
6.20247e-10	0.00107999
6.31034e-10	0.00107017
6.4182e-10	0.00102888
6.52607e-10	0.000955023
6.63394e-10	0.000848372
6.74181e-10	0.000709632
6.84968e-10	0.000540491
6.95755e-10	0.000343642
7.06542e-10	0.000122775
7.17329e-10	-0.00011746
7.28116e-10	-0.000371519
7.38903e-10	-0.000633063
7.49689e-10	-0.000895089
7.60476e-10	-0.00115008
7.71263e-10	-0.0013902
7.8205e-10	-0.00160749
7.92837e-10	-0.00179409
8.03624e-10	-0.00194248
8.14411e-10	-0.00204573
8.25198e-10	-0.00209772
8.35985e-10	-0.0020934
8.46771e-10	-0.002029
8.57558e-10	-0.00190221
8.68345e-10	-0.00171239
8.79132e-10	-0.00146064
8.89919e-10	-0.00114996
9.00706e-10	-0.000785241
9.11493e-10	-0.000373256
9.2228e-10	7.73892e-05
9.33067e-10	0.000556393
9.43854e-10	0.00105194
9.5464e-10	0.00155096
9.65427e-10	0.00203939
9.76214e-10	0.00250253
9.87001e-10	0.00292545
9.97788e-10	0.00329337
1.00857e-09	0.00359212
1.01936e-09	0.00380859
1.03015e-09	0.00393115
1.04094e-09	0.00395015
1.05172e-09	0.00385824
1.06251e-09	0.00365081
1.0733e-09	0.00332624
1.08408e-09	0.00288621
1.09487e-09	0.00233578
1.10566e-09	0.00168352
1.11644e-09	0.000941493
1.12723e-09	0.000125081
1.13802e-09	-0.000747207
1.1488e-09	-0.00165408
1.15959e-09	-0.00257191
1.17038e-09	-0.00347526
1.18117e-09	-0.0043375
1.19195e-09	-0.00513149
1.20274e-09	-0.00583037
1.21353e-09	-0.0064083
1.22431e-09	-0.00684131
1.2351e-09	-0.00710806
1.24589e-09	-0.00719067
1.25667e-09	-0.00707539
1.26746e-09	-0.00675332
1.27825e-09	-0.00622087
1.28903e-09	-0.00548029
1.29982e-09	-0.00453987
1.31061e-09	-0.00341414
1.3214e-09	-0.00212376
1.33218e-09	-0.000695367
1.34297e-09	0.000838872
1.35376e-09	0.00244185
1.36454e-09	0.00407227
1.37533e-09	0.00568561
1.38612e-09	0.00723518
1.3969e-09	0.00867333
1.40769e-09	0.00995279
1.41848e-09	0.011028
1.42926e-09	0.0118566
1.44005e-09	0.0124007
1.45084e-09	0.0126284
1.46162e-09	0.0125147
1.47241e-09	0.0120432
1.4832e-09	0.0112064
1.49399e-09	0.010007
1.50477e-09	0.00845805
1.51556e-09	0.00658322
1.52635e-09	0.00441684
1.53713e-09	0.00200345
1.54792e-09	-0.000602897
1.55871e-09	-0.00333963
1.56949e-09	-0.00613695
1.58028e-09	-0.00891947
1.59107e-09	-0.011608
1.60185e-09	-0.0141216
1.61264e-09	-0.0163799
1.62343e-09	-0.0183051
1.63422e-09	-0.0198249
1.645e-09	-0.0208742
1.65579e-09	-0.0213977
1.66658e-09	-0.0213522
1.67736e-09	-0.0207081
1.68815e-09	-0.019451
1.69894e-09	-0.0175832
1.70972e-09	-0.0151244
1.72051e-09	-0.012112
1.7313e-09	-0.00860098
1.74208e-09	-0.00466339
1.75287e-09	-0.000387086
1.76366e-09	0.00412588
1.77444e-09	0.00876143
1.78523e-09	0.0133961
1.79602e-09	0.0178999
1.80681e-09	0.0221399
1.81759e-09	0.0259837
1.82838e-09	0.0293033
1.83917e-09	0.0319788
1.84995e-09	0.0339024
1.86074e-09	0.0349819
1.87153e-09	0.0351443
1.88231e-09	0.0343385
1.8931e-09	0.0325383
1.90389e-09	0.029744
1.91467e-09	0.0259841
1.92546e-09	0.0213152
1.93625e-09	0.0158228
1.94704e-09	0.00961945
1.95782e-09	0.0028432
1.96861e-09	-0.00434493
1.9794e-09	-0.0117646
1.99018e-09	-0.01922
2.00097e-09	-0.0265052
2.01176e-09	-0.0334087
2.02254e-09	-0.0397198
2.03333e-09	-0.0452343
2.04412e-09	-0.0497605
2.0549e-09	-0.0531254
2.06569e-09	-0.0551804
2.07648e-09	-0.0558064
2.08726e-09	-0.0549189
2.09805e-09	-0.0524719
2.10884e-09	-0.0484607
2.11963e-09	-0.0429243
2.13041e-09	-0.0359462
2.1412e-09	-0.027654
2.15199e-09	-0.0182179
2.16277e-09	-0.00784794
2.17356e-09	0.0032104
2.18435e-09	0.0146812
2.19513e-09	0.0262645
2.20592e-09	0.0376439
2.21671e-09	0.0484945
2.22749e-09	0.0584919
2.23828e-09	0.067321
2.24907e-09	0.0746854
2.25986e-09	0.0803166
2.27064e-09	0.083983
2.28143e-09	0.0854972
2.29222e-09	0.0847242
2.303e-09	0.0815868
2.31379e-09	0.0760701
2.32458e-09	0.0682253
2.33536e-09	0.0581703
2.34615e-09	0.0460897
2.35694e-09	0.0322322
2.36772e-09	0.0169066
2.37851e-09	0.000475119
2.3893e-09	-0.0166539
2.40008e-09	-0.034036
2.41087e-09	-0.0512014
2.42166e-09	-0.0676668
2.43245e-09	-0.0829489
2.44323e-09	-0.0965777
2.45402e-09	-0.10811
2.46481e-09	-0.117143
2.47559e-09	-0.123327
2.48638e-09	-0.126379
2.49717e-09	-0.126089
2.50795e-09	-0.122333
2.51874e-09	-0.115079
2.52953e-09	-0.10439
2.54031e-09	-0.0904263
2.5511e-09	-0.073446
2.56189e-09	-0.0538006
2.57268e-09	-0.0319286
2.58346e-09	-0.00834746
2.59425e-09	0.0163588
2.60504e-09	0.0415526
2.61582e-09	0.0665592
2.62661e-09	0.0906836
2.6374e-09	0.113229
2.64818e-09	0.133518
2.65897e-09	0.150909
2.66976e-09	0.164818
2.68054e-09	0.174735
2.69133e-09	0.180244
2.70212e-09	0.181033
2.7129e-09	0.176912
2.72369e-09	0.167818
2.73448e-09	0.153825
2.74527e-09	0.135144
2.75605e-09	0.112121
2.76684e-09	0.0852383
2.77763e-09	0.0550973
2.78841e-09	0.0224126
2.7992e-09	-0.0120073
2.80999e-09	-0.0472781
2.82077e-09	-0.0824623
2.83156e-09	-0.116593
2.84235e-09	-0.148699
2.85313e-09	-0.177834
2.86392e-09	-0.203101
2.87471e-09	-0.223681
2.8855e-09	-0.238856
2.89628e-09	-0.248034
2.90707e-09	-0.250769
2.91786e-09	-0.246778
2.92864e-09	-0.235955
2.93943e-09	-0.218377
2.95022e-09	-0.19431
2.961e-09	-0.164208
2.97179e-09	-0.128703
2.98258e-09	-0.0885983
2.99336e-09	-0.0448462
3.00415e-09	0.00147046
3.01494e-09	0.0491654
3.02572e-09	0.0969782
3.03651e-09	0.143607
3.0473e-09	0.187745
3.05809e-09	0.228111
3.06887e-09	0.263494
3.07966e-09	0.292782
3.09045e-09	0.314996
3.10123e-09	0.329326
3.11202e-09	0.335152
3.12281e-09	0.332073
3.13359e-09	0.319917
3.14438e-09	0.298759
3.15517e-09	0.268922
3.16595e-09	0.230975
3.17674e-09	0.185726
3.18753e-09	0.134207
3.19832e-09	0.077647
3.2091e-09	0.0174489
3.21989e-09	-0.0448477
3.23068e-09	-0.107604
3.24146e-09	-0.169126
3.25225e-09	-0.227707
3.26304e-09	-0.281678
3.27382e-09	-0.32945
3.28461e-09	-0.369564
3.2954e-09	-0.400735
3.30618e-09	-0.421885
3.31697e-09	-0.432188
3.32776e-09	-0.431089
3.33854e-09	-0.418336
3.34933e-09	-0.393984
3.36012e-09	-0.35841
3.37091e-09	-0.312307
3.38169e-09	-0.256669
3.39248e-09	-0.192778
3.40327e-09	-0.122171
3.41405e-09	-0.0466034
3.42484e-09	0.0319912
3.43563e-09	0.111552
3.44641e-09	0.189945
3.4572e-09	0.265018
3.46799e-09	0.334661
3.47877e-09	0.396865
3.48956e-09	0.449778
3.50035e-09	0.491761
3.51114e-09	0.521438
3.52192e-09	0.537735
3.53271e-09	0.539924
3.5435e-09	0.527644
3.55428e-09	0.500919
3.56507e-09	0.460169
3.57586e-09	0.406205
3.58664e-09	0.340213
3.59743e-09	0.263733
3.60822e-09	0.17862
3.619e-09	0.0870017
3.62979e-09	-0.00877403
3.64058e-09	-0.1062
3.65136e-09	-0.202676
3.66215e-09	-0.295576
3.67294e-09	-0.382322
3.68373e-09	-0.460453
3.69451e-09	-0.527698
3.7053e-09	-0.582038
3.71609e-09	-0.621767
3.72687e-09	-0.645548
3.73766e-09	-0.652451
3.74845e-09	-0.641987
3.75923e-09	-0.614133
3.77002e-09	-0.569336
3.78081e-09	-0.508511
3.79159e-09	-0.433026
3.80238e-09	-0.344667
3.81317e-09	-0.245603
3.82396e-09	-0.138326
3.83474e-09	-0.0255939
3.84553e-09	0.0896424
3.85632e-09	0.204318
3.8671e-09	0.315333
3.87789e-09	0.419641
3.88868e-09	0.514327
3.89946e-09	0.596695
3.91025e-09	0.664342
3.92104e-09	0.715225
3.93182e-09	0.747731
3.94261e-09	0.760716
3.9534e-09	0.753553
3.96419e-09	0.726149
3.97497e-09	0.678959
3.98576e-09	0.61298
3.99655e-09	0.529733
4.00733e-09	0.431225
4.01812e-09	0.319903
4.02891e-09	0.198595
4.03969e-09	0.0704338
4.05048e-09	-0.0612227
4.06127e-09	-0.192879
4.07205e-09	-0.320997
4.08284e-09	-0.442091
4.09363e-09	-0.552825
4.10441e-09	-0.650101
4.1152e-09	-0.731152
4.12599e-09	-0.793617
4.13678e-09	-0.835612
4.14756e-09	-0.855783
4.15835e-09	-0.853354
4.16914e-09	-0.82815
4.17992e-09	-0.78061
4.19071e-09	-0.711781
4.2015e-09	-0.623297
4.21228e-09	-0.517337
4.22307e-09	-0.396574
4.23386e-09	-0.264107
4.24464e-09	-0.123379
4.25543e-09	0.0219103
4.26622e-09	0.167907
4.27701e-09	0.310703
4.28779e-09	0.446443
4.29858e-09	0.57143
4.30937e-09	0.682226
4.32015e-09	0.775747
4.33094e-09	0.849353
4.34173e-09	0.90092
4.35251e-09	0.928901
4.3633e-09	0.932375
4.37409e-09	0.911076
4.38487e-09	0.865402
4.39566e-09	0.796412
4.40645e-09	0.7058
4.41723e-09	0.595856
4.42802e-09	0.469401
4.43881e-09	0.329721
4.4496e-09	0.180477
4.46038e-09	0.0256089
4.47117e-09	-0.130771
4.48196e-09	-0.284487
4.49274e-09	-0.431414
4.50353e-09	-0.56759
4.51432e-09	-0.689322
4.5251e-09	-0.79329
4.53589e-09	-0.876638
4.54668e-09	-0.93705
4.55746e-09	-0.972822
4.56825e-09	-0.982904
4.57904e-09	-0.966934
4.58983e-09	-0.92525
4.60061e-09	-0.858882
4.6114e-09	-0.769528
4.62219e-09	-0.65951
4.63297e-09	-0.531711
4.64376e-09	-0.389499
4.65455e-09	-0.236639
4.66533e-09	-0.0771907
4.67612e-09	0.0846016
4.68691e-09	0.244423
4.69769e-09	0.398002
4.70848e-09	0.541233
4.71927e-09	0.670279
4.73005e-09	0.781681
4.74084e-09	0.872452
4.75163e-09	0.940157
4.76242e-09	0.982976
4.7732e-09	0.999761
4.78399e-09	0.990062
4.79478e-09	0.954137
4.80556e-09	0.892953
4.81635e-09	0.808152
4.82714e-09	0.702009
4.83792e-09	0.577372
4.84871e-09	0.437581
4.8595e-09	0.286382
4.87028e-09	0.12782
4.88107e-09	-0.0338671
4.89186e-09	-0.194365
4.90265e-09	-0.349399
4.91343e-09	-0.494849
4.92422e-09	-0.626861
4.93501e-09	-0.741951
4.94579e-09	-0.837097
4.95658e-09	-0.90982
4.96737e-09	-0.958251
4.97815e-09	-0.981177
4.98894e-09	-0.978073
4.99973e-09	-0.949113
5.01051e-09	-0.895166
5.0213e-09	-0.817764
5.03209e-09	-0.719065
5.04287e-09	-0.601788
5.05366e-09	-0.469135
5.06445e-09	-0.324711
5.07524e-09	-0.172415
5.08602e-09	-0.0163396
5.09681e-09	0.139342
5.1076e-09	0.290489
5.11838e-09	0.433105
5.12917e-09	0.563446
5.13996e-09	0.678114
5.15074e-09	0.774157
5.16153e-09	0.849135
5.17232e-09	0.90119
5.1831e-09	0.929091
5.19389e-09	0.93226
5.20468e-09	0.910785
5.21547e-09	0.865415
5.22625e-09	0.797532
5.23704e-09	0.70911
5.24783e-09	0.60266
5.25861e-09	0.481154
5.2694e-09	0.347943
5.28019e-09	0.206665
5.29097e-09	0.0611432
5.30176e-09	-0.0847182
5.31255e-09	-0.22704
5.32333e-09	-0.362072
5.33412e-09	-0.486292
5.34491e-09	-0.596502
5.35569e-09	-0.689907
5.36648e-09	-0.764189
5.37727e-09	-0.817564
5.38806e-09	-0.848824
5.39884e-09	-0.857367
5.40963e-09	-0.843203
5.42042e-09	-0.80695
5.4312e-09	-0.749809
5.44199e-09	-0.673528
5.45278e-09	-0.580345
5.46356e-09	-0.472928
5.47435e-09	-0.354292
5.48514e-09	-0.22772
5.49592e-09	-0.0966652
5.50671e-09	0.0353376
5.5175e-09	0.164773
5.52829e-09	0.288237
5.53907e-09	0.402527
5.54986e-09	0.504727
5.56065e-09	0.592282
5.57143e-09	0.66306
5.58222e-09	0.715407
5.59301e-09	0.748183
5.60379e-09	0.760786
5.61458e-09	0.753163
5.62537e-09	0.725799
5.63615e-09	0.679703
5.64694e-09	0.616367
5.65773e-09	0.537723
5.66851e-09	0.446086
5.6793e-09	0.344079
5.69009e-09	0.234567
5.70088e-09	0.120569
5.71166e-09	0.0051798
5.72245e-09	-0.108519
5.73324e-09	-0.217538
5.74402e-09	-0.319061
5.75481e-09	-0.410517
5.7656e-09	-0.489646
5.77638e-09	-0.554553
5.78717e-09	-0.603756
5.79796e-09	-0.636216
5.80874e-09	-0.651359
5.81953e-09	-0.649083
5.83032e-09	-0.629754
5.84111e-09	-0.594185
5.85189e-09	-0.543609
5.86268e-09	-0.479638
5.87347e-09	-0.404212
5.88425e-09	-0.319541
5.89504e-09	-0.228041
5.90583e-09	-0.132267
5.91661e-09	-0.0348378
5.9274e-09	0.0616315
5.93819e-09	0.154602
5.94897e-09	0.241678
5.95976e-09	0.320667
5.97055e-09	0.389636
5.98133e-09	0.446956
5.99212e-09	0.491344
6.00291e-09	0.521886
6.0137e-09	0.538058
6.02448e-09	0.539728
6.03527e-09	0.527156
6.04606e-09	0.500975
6.05684e-09	0.462168
6.06763e-09	0.412034
6.07842e-09	0.352147
6.0892e-09	0.284307
6.09999e-09	0.210486
6.11078e-09	0.132773
6.12156e-09	0.0533136
6.13235e-09	-0.0257464
6.14314e-09	-0.102321
6.15393e-09	-0.174439
6.16471e-09	-0.240291
6.1755e-09	-0.298278
6.18629e-09	-0.347047
6.19707e-09	-0.385525
6.20786e-09	-0.412935
6.21865e-09	-0.428817
6.22943e-09	-0.433028
6.24022e-09	-0.42574
6.25101e-09	-0.407427
6.26179e-09	-0.378847
6.27258e-09	-0.341012
6.28337e-09	-0.295156
6.29415e-09	-0.242696
6.30494e-09	-0.18519
6.31573e-09	-0.12429
6.32652e-09	-0.0616966
6.3373e-09	0.000887227
6.34809e-09	0.0618038
6.35888e-09	0.119483
6.36966e-09	0.172482
6.38045e-09	0.219521
6.39124e-09	0.259515
6.40202e-09	0.291592
6.41281e-09	0.315119
6.4236e-09	0.329706
6.43438e-09	0.335212
6.44517e-09	0.331743
6.45596e-09	0.31964
6.46675e-09	0.299468
6.47753e-09	0.271987
6.48832e-09	0.238134
6.49911e-09	0.198988
6.50989e-09	0.155738
6.52068e-09	0.10965
6.53147e-09	0.0620254
6.54225e-09	0.014173
6.55304e-09	-0.0326332
6.56383e-09	-0.0771839
6.57461e-09	-0.118366
6.5854e-09	-0.155189
6.59619e-09	-0.186809
6.60698e-09	-0.212546
6.61776e-09	-0.231897
6.62855e-09	-0.244547
6.63934e-09	-0.250367
6.65012e-09	-0.249414
6.66091e-09	-0.241926
6.6717e-09	-0.228307
6.68248e-09	-0.20911
6.69327e-09	-0.185023
6.70406e-09	-0.15684
6.71484e-09	-0.125439
6.72563e-09	-0.0917561
6.73642e-09	-0.0567589
6.7472e-09	-0.0214177
6.75799e-09	0.0133197
6.76878e-09	0.0465525
6.77957e-09	0.0774497
6.79035e-09	0.10527
6.80114e-09	0.12938
6.81193e-09	0.149265
6.82271e-09	0.164541
6.8335e-09	0.174961
6.84429e-09	0.180415
6.85507e-09	0.180928
6.86586e-09	0.176659
6.87665e-09	0.167887
6.88743e-09	0.155002
6.89822e-09	0.13849
6.90901e-09	0.118918
6.9198e-09	0.0969114
6.93058e-09	0.0731423
6.94137e-09	0.0483036
6.95216e-09	0.0230926
6.96294e-09	-0.00180874
6.97373e-09	-0.0257513
6.98452e-09	-0.0481352
6.9953e-09	-0.0684241
7.00609e-09	-0.0861571
7.01688e-09	-0.100959
7.02766e-09	-0.112546
7.03845e-09	-0.120731
7.04924e-09	-0.125425
7.06002e-09	-0.126636
7.07081e-09	-0.124463
7.0816e-09	-0.119094
7.09239e-09	-0.110792
7.10317e-09	-0.0998926
7.11396e-09	-0.0867838
7.12475e-09	-0.0718997
7.13553e-09	-0.0557044
7.14632e-09	-0.0386791
7.15711e-09	-0.0213082
7.16789e-09	-0.00406643
7.17868e-09	0.0125938
7.18947e-09	0.0282535
7.20025e-09	0.0425372
7.21104e-09	0.0551211
7.22183e-09	0.06574
7.23262e-09	0.0741917
7.2434e-09	0.0803403
7.25419e-09	0.0841169
7.26498e-09	0.0855187
7.27576e-09	0.0846066
7.28655e-09	0.0815009
7.29734e-09	0.0763754
7.30812e-09	0.0694507
7.31891e-09	0.0609862
7.3297e-09	0.0512718
7.34048e-09	0.0406182
7.35127e-09	0.0293486
7.36206e-09	0.0177884
7.37284e-09	0.00625719
7.38363e-09	-0.0049399
7.39442e-09	-0.0155199
7.40521e-09	-0.0252285
7.41599e-09	-0.0338458
7.42678e-09	-0.0411905
7.43757e-09	-0.0471234
7.44835e-09	-0.0515492
7.45914e-09	-0.0544169
7.46993e-09	-0.0557196
7.48071e-09	-0.0554925
7.4915e-09	-0.0538103
7.50229e-09	-0.0507832
7.51307e-09	-0.0465522
7.52386e-09	-0.0412845
7.53465e-09	-0.0351674
7.54544e-09	-0.0284022
7.55622e-09	-0.0211985
7.56701e-09	-0.0137682
7.5778e-09	-0.00631922
7.58858e-09	0.000949384
7.59937e-09	0.00785272
7.61016e-09	0.0142242
7.62094e-09	0.0199194
7.63173e-09	0.0248185
7.64252e-09	0.0288289
7.6533e-09	0.0318861
7.66409e-09	0.0339539
7.67488e-09	0.0350248
7.68566e-09	0.035118
7.69645e-09	0.0342781
7.70724e-09	0.0325724
7.71803e-09	0.0300885
7.72881e-09	0.0269302
7.7396e-09	0.0232147
7.75039e-09	0.019068
7.76117e-09	0.0146218
7.77196e-09	0.0100093
7.78275e-09	0.00536157
7.79353e-09	0.000804111
7.80432e-09	-0.00354619
7.81511e-09	-0.00758383
7.82589e-09	-0.011217
7.83668e-09	-0.0143692
7.84747e-09	-0.0169808
7.85826e-09	-0.0190097
7.86904e-09	-0.0204314
7.87983e-09	-0.0212391
7.89062e-09	-0.0214428
7.9014e-09	-0.0210681
7.91219e-09	-0.0201548
7.92298e-09	-0.0187552
7.93376e-09	-0.0169318
7.94455e-09	-0.0147554
7.95534e-09	-0.0123024
7.96612e-09	-0.00965281
7.97691e-09	-0.0068876
7.9877e-09	-0.00408666
7.99848e-09	-0.00132657
8.00927e-09	0.0013212
8.02006e-09	0.00379199
8.03085e-09	0.00602937
8.04163e-09	0.00798617
8.05242e-09	0.00962526
8.06321e-09	0.0109201
8.07399e-09	0.0118547
8.08478e-09	0.0124239
8.09557e-09	0.0126322
8.10635e-09	0.012494
8.11714e-09	0.0120318
8.12793e-09	0.011276
8.13871e-09	0.0102629
8.1495e-09	0.00903384
8.16029e-09	0.00763364
8.17108e-09	0.00610926
8.18186e-09	0.00450838
8.19265e-09	0.00287805
8.20344e-09	0.00126351
8.21422e-09	-0.000292982
8.22501e-09	-0.00175312
8.2358e-09	-0.00308335
8.24658e-09	-0.00425551
8.25737e-09	-0.00524729
8.26816e-09	-0.00604252
8.27894e-09	-0.00663123
8.28973e-09	-0.00700959
8.30052e-09	-0.00717964
8.3113e-09	-0.00714892
8.32209e-09	-0.00692994
8.33288e-09	-0.00653955
8.34367e-09	-0.00599821
8.35445e-09	-0.00532928
8.36524e-09	-0.00455818
8.37603e-09	-0.00371157
8.38681e-09	-0.0028166
8.3976e-09	-0.00190009
8.40839e-09	-0.000987879
8.41917e-09	-0.000104125
8.42996e-09	0.000729205
8.44075e-09	0.00149282
8.45153e-09	0.00217046
8.46232e-09	0.00274918
8.47311e-09	0.00321945
8.4839e-09	0.00357528
8.49468e-09	0.00381409
8.50547e-09	0.00393663
8.51626e-09	0.00394676
8.52704e-09	0.0038511
8.53783e-09	0.00365874
8.54862e-09	0.00338082
8.5594e-09	0.00303009
8.57019e-09	0.00262048
8.58098e-09	0.00216665
8.59176e-09	0.00168354
8.60255e-09	0.00118595
8.61334e-09	0.000688144
8.62412e-09	0.000203487
8.63491e-09	-0.000255837
8.6457e-09	-0.000679104
8.65649e-09	-0.00105724
8.66727e-09	-0.00138297
8.67806e-09	-0.00165088
8.68885e-09	-0.00185749
8.69963e-09	-0.00200119
8.71042e-09	-0.00208215
8.72121e-09	-0.00210227
8.73199e-09	-0.00206492
8.74278e-09	-0.00197486
8.75357e-09	-0.00183792
8.76435e-09	-0.00166084
8.77514e-09	-0.00145102
8.78593e-09	-0.00121624
8.79672e-09	-0.00096446
8.8075e-09	-0.000703566
8.81829e-09	-0.000441182
8.82908e-09	-0.000184464
8.83986e-09	6.00562e-05
8.85065e-09	0.00028661
8.86144e-09	0.000490301
8.87222e-09	0.000667176
8.88301e-09	0.000814274
8.8938e-09	0.000929636
8.90458e-09	0.0010123
8.91537e-09	0.00106225
8.92616e-09	0.00108035
8.93694e-09	0.00106829
8.94773e-09	0.00102844
8.95852e-09	0.000963785
8.96931e-09	0.000877753
8.98009e-09	0.000774137
8.99088e-09	0.000656938
9.00167e-09	0.000530255
9.01245e-09	0.000398159
9.02324e-09	0.000264588
9.03403e-09	0.000133248
9.04481e-09	7.52689e-06
9.0556e-09	-0.000109576
9.06639e-09	-0.000215505
9.07717e-09	-0.000308184
9.08796e-09	-0.000386044
9.09875e-09	-0.000448028
9.10954e-09	-0.000493586
9.12032e-09	-0.00052265
9.13111e-09	-0.000535608
9.1419e-09	-0.000533256
9.15268e-09	-0.000516751
9.16347e-09	-0.000487551
9.17426e-09	-0.000447356
9.18504e-09	-0.000398044
9.19583e-09	-0.000341603
9.20662e-09	-0.000280074
9.2174e-09	-0.000215491
9.22819e-09	-0.000149821
9.23898e-09	-8.49203e-05
9.24977e-09	-2.24876e-05
9.26055e-09	3.59676e-05
9.27134e-09	8.91548e-05
9.28213e-09	0.000136021
9.29291e-09	0.000175763
9.3037e-09	0.00020783
9.31449e-09	0.000231922
9.32527e-09	0.000247976
9.33606e-09	0.000256154
9.34685e-09	0.000256822
9.35763e-09	0.000250522
9.36842e-09	0.000237945
9.37921e-09	0.000219902
9.38999e-09	0.000197294
9.40078e-09	0.000171077
9.41157e-09	0.000142234
9.42236e-09	0.000111747
9.43314e-09	8.0566e-05
9.44393e-09	4.95906e-05
9.45472e-09	1.96457e-05
9.4655e-09	-8.53486e-06
9.47629e-09	-3.43209e-05
9.48708e-09	-5.7196e-05
9.49786e-09	-7.67625e-05
9.50865e-09	-9.27437e-05
9.51944e-09	-0.000104982
9.53022e-09	-0.000113435
9.54101e-09	-0.000118165
9.5518e-09	-0.000119334
