% time-domain current integration by openEMS v0.0.35 @Thu May 22 18:20:28 2025
% start-coordinates: (-0.04,-0.06,0) m -> [3,1,0]
% stop-coordinates: (-0.03,-0.04,0) m -> [4,3,0]
% t/s	current
5.39344899886e-12	0
4.85410409897e-11	0
9.16886329806e-11	0
1.34836224971e-10	0
1.77983816962e-10	0
2.21131408953e-10	0
2.64279000944e-10	0
3.07426592935e-10	0
3.50574184926e-10	0
3.93721776917e-10	0
4.36869368907e-10	0
4.80016960898e-10	0
5.23164552889e-10	0
5.6631214488e-10	0
6.09459736871e-10	0
6.52607328862e-10	0
6.95754920853e-10	0
7.38902512843e-10	0
7.82050104834e-10	0
8.25197696825e-10	0
8.68345288816e-10	0
9.11492880807e-10	0
9.54640472798e-10	0
9.97788064789e-10	0
1.04093565678e-09	0
1.08408324877e-09	0
1.12723084076e-09	0
1.17037843275e-09	0
1.21352602474e-09	0
1.25667361673e-09	0
1.29982120872e-09	0
1.34296880072e-09	0
1.38611639271e-09	0
1.4292639847e-09	0
1.47241157669e-09	0
1.51555916868e-09	0
1.55870676067e-09	0
1.60185435266e-09	0
1.64500194465e-09	0
1.68814953664e-09	0
1.73129712863e-09	0
1.77444472062e-09	0
1.81759231262e-09	0
1.86073990461e-09	0
1.9038874966e-09	0
1.94703508859e-09	0
1.99018268058e-09	0
2.03333027257e-09	0
2.07647786456e-09	0
2.11962545655e-09	0
2.16277304854e-09	0
2.20592064053e-09	0
2.24906823252e-09	0
2.29221582451e-09	0
2.33536341651e-09	0
2.3785110085e-09	0
2.42165860049e-09	0
2.46480619248e-09	0
2.50795378447e-09	0
2.55110137646e-09	0
2.59424896845e-09	0
2.63739656044e-09	0
2.68054415243e-09	0
2.72369174442e-09	0
2.76683933641e-09	0
2.8099869284e-09	0
2.8531345204e-09	0
2.89628211239e-09	0
2.93942970438e-09	0
2.98257729637e-09	0
3.02572488836e-09	0
3.06887248035e-09	0
3.11202007234e-09	0
3.15516766433e-09	0
3.19831525632e-09	0
3.24146284831e-09	0
3.2846104403e-09	0
3.3277580323e-09	0
3.37090562429e-09	0
3.41405321628e-09	0
3.45720080827e-09	0
3.50034840026e-09	0
3.54349599225e-09	0
3.58664358424e-09	0
3.62979117623e-09	0
3.67293876822e-09	0
3.71608636021e-09	0
3.7592339522e-09	0
3.80238154419e-09	0
3.84552913619e-09	0
3.88867672818e-09	0
3.93182432017e-09	0
3.97497191216e-09	0
4.01811950415e-09	0
4.06126709614e-09	0
4.10441468813e-09	0
4.14756228012e-09	0
4.19070987211e-09	0
4.2338574641e-09	0
4.27700505609e-09	0
4.32015264808e-09	0
4.36330024008e-09	0
4.40644783207e-09	0
4.44959542406e-09	0
4.49274301605e-09	0
4.53589060804e-09	0
4.57903820003e-09	0
4.62218579202e-09	0
4.66533338401e-09	0
4.708480976e-09	0
4.75162856799e-09	0
4.79477615998e-09	0
4.83792375198e-09	0
4.88107134397e-09	0
4.92421893596e-09	0
4.96736652795e-09	0
5.01051411994e-09	0
5.05366171193e-09	0
5.09680930392e-09	0
5.13995689591e-09	0
5.1831044879e-09	0
5.22625207989e-09	0
5.26939967188e-09	0
5.31254726387e-09	0
5.35569485587e-09	0
5.39884244786e-09	0
5.44199003985e-09	0
5.48513763184e-09	0
5.52828522383e-09	0
5.57143281582e-09	0
5.61458040781e-09	0
5.6577279998e-09	0
5.70087559179e-09	0
5.74402318378e-09	0
5.78717077577e-09	0
5.83031836777e-09	0
5.87346595976e-09	0
5.91661355175e-09	0
5.95976114374e-09	0
6.00290873573e-09	0
6.04605632772e-09	0
6.08920391971e-09	0
6.1323515117e-09	0
6.17549910369e-09	0
6.21864669568e-09	0
6.26179428767e-09	0
6.30494187966e-09	0
6.34808947166e-09	0
6.39123706365e-09	0
6.43438465564e-09	0
6.47753224763e-09	0
6.52067983962e-09	0
6.56382743161e-09	0
6.6069750236e-09	0
6.65012261559e-09	0
6.69327020758e-09	0
6.73641779957e-09	0
6.77956539156e-09	0
6.82271298355e-09	0
6.86586057555e-09	0
6.90900816754e-09	0
6.95215575953e-09	0
6.99530335152e-09	0
7.03845094351e-09	0
7.0815985355e-09	0
7.12474612749e-09	0
7.16789371948e-09	0
7.21104131147e-09	0
7.25418890346e-09	0
7.29733649545e-09	0
7.34048408745e-09	0
7.38363167944e-09	0
7.42677927143e-09	0
7.46992686342e-09	0
7.51307445541e-09	0
7.5562220474e-09	0
7.59936963939e-09	0
7.64251723138e-09	0
7.68566482337e-09	0
7.72881241536e-09	0
7.77196000735e-09	0
7.81510759934e-09	0
7.85825519134e-09	0
7.90140278333e-09	0
7.94455037532e-09	0
7.98769796731e-09	0
8.0308455593e-09	0
8.07399315129e-09	0
8.11714074328e-09	0
8.16028833527e-09	0
8.20343592726e-09	0
8.24658351925e-09	0
8.28973111124e-09	0
8.33287870323e-09	0
8.37602629523e-09	0
8.41917388722e-09	0
8.46232147921e-09	0
8.5054690712e-09	0
8.54861666319e-09	0
8.59176425518e-09	0
8.63491184717e-09	0
8.67805943916e-09	0
8.72120703115e-09	0
8.76435462314e-09	0
8.80750221513e-09	0
8.85064980713e-09	0
8.89379739912e-09	0
8.93694499111e-09	0
8.9800925831e-09	0
9.02324017509e-09	0
9.06638776708e-09	0
9.10953535907e-09	0
9.15268295106e-09	0
9.19583054305e-09	0
9.23897813504e-09	0
9.28212572703e-09	0
9.32527331902e-09	0
9.36842091102e-09	0
9.41156850301e-09	0
9.454716095e-09	0
9.49786368699e-09	0
9.54101127898e-09	0
9.58415887097e-09	0
9.62730646296e-09	0
9.67045405495e-09	0
9.71360164694e-09	0
9.75674923893e-09	0
9.79989683092e-09	0
9.84304442292e-09	0
9.88619201491e-09	0
9.9293396069e-09	0
9.97248719889e-09	0
1.00156347909e-08	0
1.00587823829e-08	0
1.01019299749e-08	0
1.01450775669e-08	0
1.01882251588e-08	0
1.02313727508e-08	0
1.02745203428e-08	0
1.03176679348e-08	0
1.03608155268e-08	0
1.04039631188e-08	0
1.04471107108e-08	0
1.04902583028e-08	0
1.05334058948e-08	0
1.05765534868e-08	0
1.06197010788e-08	0
1.06628486707e-08	0
1.07059962627e-08	0
1.07491438547e-08	0
1.07922914467e-08	0
1.08354390387e-08	0
1.08785866307e-08	0
1.09217342227e-08	0
1.09648818147e-08	0
1.10080294067e-08	0
1.10511769987e-08	0
1.10943245907e-08	0
1.11374721826e-08	0
1.11806197746e-08	0
1.12237673666e-08	0
1.12669149586e-08	0
1.13100625506e-08	0
1.13532101426e-08	0
1.13963577346e-08	0
1.14395053266e-08	0
1.14826529186e-08	0
1.15258005106e-08	0
1.15689481025e-08	0
1.16120956945e-08	0
1.16552432865e-08	0
1.16983908785e-08	0
1.17415384705e-08	0
1.17846860625e-08	0
1.18278336545e-08	0
1.18709812465e-08	0
1.19141288385e-08	0
1.19572764305e-08	0
1.20004240225e-08	0
1.20435716144e-08	0
1.20867192064e-08	0
1.21298667984e-08	0
1.21730143904e-08	0
1.22161619824e-08	0
1.22593095744e-08	0
1.23024571664e-08	0
1.23456047584e-08	0
1.23887523504e-08	0
1.24318999424e-08	0
1.24750475344e-08	0
1.25181951263e-08	0
1.25613427183e-08	0
1.26044903103e-08	0
1.26476379023e-08	0
1.26907854943e-08	0
1.27339330863e-08	0
1.27770806783e-08	0
1.28202282703e-08	0
1.28633758623e-08	0
1.29065234543e-08	0
1.29496710463e-08	0
1.29928186382e-08	0
1.30359662302e-08	0
1.30791138222e-08	0
1.31222614142e-08	0
1.31654090062e-08	0
1.32085565982e-08	0
1.32517041902e-08	0
1.32948517822e-08	0
1.33379993742e-08	0
1.33811469662e-08	0
1.34242945582e-08	0
1.34674421501e-08	0
1.35105897421e-08	0
1.35537373341e-08	0
1.35968849261e-08	0
1.36400325181e-08	0
1.36831801101e-08	0
1.37263277021e-08	0
1.37694752941e-08	0
1.38126228861e-08	0
1.38557704781e-08	0
1.38989180701e-08	0
1.3942065662e-08	0
1.3985213254e-08	0
1.4028360846e-08	0
1.4071508438e-08	0
1.411465603e-08	0
1.4157803622e-08	0
1.4200951214e-08	0
1.4244098806e-08	0
1.4287246398e-08	0
1.433039399e-08	0
1.4373541582e-08	0
1.44166891739e-08	0
1.44598367659e-08	0
1.45029843579e-08	0
1.45461319499e-08	0
1.45892795419e-08	0
1.46324271339e-08	0
1.46755747259e-08	0
1.47187223179e-08	0
1.47618699099e-08	0
1.48050175019e-08	0
1.48481650939e-08	0
1.48913126858e-08	0
1.49344602778e-08	0
1.49776078698e-08	0
1.50207554618e-08	0
1.50639030538e-08	0
1.51070506458e-08	0
1.51501982378e-08	0
1.51933458298e-08	0
1.52364934218e-08	0
1.52796410138e-08	0
1.53227886058e-08	0
1.53659361977e-08	0
1.54090837897e-08	0
1.54522313817e-08	0
1.54953789737e-08	0
1.55385265657e-08	0
1.55816741577e-08	0
1.56248217497e-08	0
1.56679693417e-08	0
1.57111169337e-08	0
1.57542645257e-08	0
1.57974121177e-08	0
1.58405597096e-08	0
1.58837073016e-08	0
1.59268548936e-08	0
1.59700024856e-08	0
1.60131500776e-08	0
1.60562976696e-08	0
1.60994452616e-08	0
1.61425928536e-08	0
1.61857404456e-08	0
1.62288880376e-08	0
1.62720356296e-08	0
1.63151832215e-08	0
1.63583308135e-08	0
1.64014784055e-08	0
1.64446259975e-08	0
1.64877735895e-08	0
1.65309211815e-08	0
1.65740687735e-08	0
1.66172163655e-08	0
1.66603639575e-08	0
1.67035115495e-08	0
1.67466591415e-08	0
1.67898067334e-08	0
1.68329543254e-08	0
1.68761019174e-08	0
1.69192495094e-08	0
1.69623971014e-08	0
1.70055446934e-08	0
1.70486922854e-08	0
1.70918398774e-08	0
1.71349874694e-08	0
1.71781350614e-08	0
1.72212826534e-08	0
1.72644302453e-08	0
1.73075778373e-08	0
1.73507254293e-08	0
1.73938730213e-08	0
1.74370206133e-08	0
1.74801682053e-08	0
1.75233157973e-08	0
1.75664633893e-08	0
1.76096109813e-08	0
1.76527585733e-08	0
1.76959061653e-08	0
1.77390537572e-08	0
1.77822013492e-08	0
1.78253489412e-08	0
1.78684965332e-08	0
1.79116441252e-08	0
1.79547917172e-08	0
1.79979393092e-08	0
1.80410869012e-08	0
1.80842344932e-08	0
1.81273820852e-08	0
1.81705296772e-08	0
1.82136772691e-08	0
1.82568248611e-08	0
1.82999724531e-08	0
1.83431200451e-08	0
1.83862676371e-08	0
1.84294152291e-08	0
1.84725628211e-08	0
1.85157104131e-08	0
1.85588580051e-08	0
1.86020055971e-08	0
1.86451531891e-08	0
1.8688300781e-08	0
1.8731448373e-08	0
1.8774595965e-08	0
1.8817743557e-08	0
1.8860891149e-08	0
1.8904038741e-08	0
1.8947186333e-08	0
1.8990333925e-08	0
1.9033481517e-08	0
1.9076629109e-08	0
1.9119776701e-08	0
1.91629242929e-08	0
1.92060718849e-08	0
1.92492194769e-08	0
1.92923670689e-08	0
1.93355146609e-08	0
1.93786622529e-08	0
1.94218098449e-08	0
1.94649574369e-08	0
1.95081050289e-08	0
1.95512526209e-08	0
1.95944002128e-08	0
1.96375478048e-08	0
1.96806953968e-08	0
1.97238429888e-08	0
1.97669905808e-08	0
1.98101381728e-08	0
1.98532857648e-08	0
1.98964333568e-08	0
1.99395809488e-08	0
1.99827285408e-08	0
2.00258761328e-08	0
2.00690237247e-08	0
2.01121713167e-08	0
2.01553189087e-08	0
2.01984665007e-08	0
2.02416140927e-08	0
2.02847616847e-08	0
2.03279092767e-08	0
2.03710568687e-08	0
2.04142044607e-08	0
2.04573520527e-08	0
2.05004996447e-08	0
2.05436472366e-08	0
2.05867948286e-08	0
2.06299424206e-08	0
2.06730900126e-08	0
2.07162376046e-08	0
2.07593851966e-08	0
2.08025327886e-08	0
2.08456803806e-08	0
2.08888279726e-08	0
2.09319755646e-08	0
2.09751231566e-08	0
2.10182707485e-08	0
2.10614183405e-08	0
2.11045659325e-08	0
2.11477135245e-08	0
2.11908611165e-08	0
2.12340087085e-08	0
2.12771563005e-08	0
2.13203038925e-08	0
2.13634514845e-08	0
2.14065990765e-08	0
2.14497466685e-08	0
2.14928942604e-08	0
2.15360418524e-08	0
2.15791894444e-08	0
2.16223370364e-08	0
2.16654846284e-08	0
2.17086322204e-08	0
2.17517798124e-08	0
2.17949274044e-08	0
2.18380749964e-08	0
2.18812225884e-08	0
2.19243701804e-08	0
2.19675177723e-08	0
2.20106653643e-08	0
2.20538129563e-08	0
2.20969605483e-08	0
2.21401081403e-08	0
2.21832557323e-08	0
2.22264033243e-08	0
2.22695509163e-08	0
2.23126985083e-08	0
2.23558461003e-08	0
2.23989936923e-08	0
2.24421412842e-08	0
2.24852888762e-08	0
2.25284364682e-08	0
2.25715840602e-08	0
2.26147316522e-08	0
2.26578792442e-08	0
2.27010268362e-08	0
2.27441744282e-08	0
2.27873220202e-08	0
2.28304696122e-08	0
2.28736172042e-08	0
2.29167647961e-08	0
2.29599123881e-08	0
2.30030599801e-08	0
2.30462075721e-08	0
2.30893551641e-08	0
2.31325027561e-08	0
2.31756503481e-08	0
2.32187979401e-08	0
2.32619455321e-08	0
2.33050931241e-08	0
2.33482407161e-08	0
2.3391388308e-08	0
2.34345359e-08	0
2.3477683492e-08	0
2.3520831084e-08	0
2.3563978676e-08	0
2.3607126268e-08	0
2.365027386e-08	0
2.3693421452e-08	0
2.3736569044e-08	0
2.3779716636e-08	0
2.3822864228e-08	0
2.38660118199e-08	0
2.39091594119e-08	0
2.39523070039e-08	0
2.39954545959e-08	0
2.40386021879e-08	0
2.40817497799e-08	0
2.41248973719e-08	0
2.41680449639e-08	0
2.42111925559e-08	0
2.42543401479e-08	0
2.42974877399e-08	0
2.43406353318e-08	0
2.43837829238e-08	0
2.44269305158e-08	0
2.44700781078e-08	0
2.45132256998e-08	0
2.45563732918e-08	0
2.45995208838e-08	0
2.46426684758e-08	0
2.46858160678e-08	0
2.47289636598e-08	0
2.47721112518e-08	0
2.48152588437e-08	0
2.48584064357e-08	0
2.49015540277e-08	0
2.49447016197e-08	0
2.49878492117e-08	0
2.50309968037e-08	0
2.50741443957e-08	0
2.51172919877e-08	0
2.51604395797e-08	0
2.52035871717e-08	0
2.52467347637e-08	0
2.52898823556e-08	0
2.53330299476e-08	0
2.53761775396e-08	0
2.54193251316e-08	0
2.54624727236e-08	0
2.55056203156e-08	0
2.55487679076e-08	0
2.55919154996e-08	0
2.56350630916e-08	0
2.56782106836e-08	0
2.57213582756e-08	0
2.57645058675e-08	0
2.58076534595e-08	0
2.58508010515e-08	0
2.58939486435e-08	0
2.59370962355e-08	0
2.59802438275e-08	0
2.60233914195e-08	0
2.60665390115e-08	0
2.61096866035e-08	0
2.61528341955e-08	0
2.61959817875e-08	0
2.62391293794e-08	0
2.62822769714e-08	0
2.63254245634e-08	0
2.63685721554e-08	0
2.64117197474e-08	0
2.64548673394e-08	0
2.64980149314e-08	0
2.65411625234e-08	0
2.65843101154e-08	0
2.66274577074e-08	0
2.66706052994e-08	0
2.67137528913e-08	0
2.67569004833e-08	0
2.68000480753e-08	0
2.68431956673e-08	0
2.68863432593e-08	0
2.69294908513e-08	0
2.69726384433e-08	0
2.70157860353e-08	0
2.70589336273e-08	0
2.71020812193e-08	0
2.71452288113e-08	0
2.71883764032e-08	0
2.72315239952e-08	0
2.72746715872e-08	0
2.73178191792e-08	0
2.73609667712e-08	0
2.74041143632e-08	0
2.74472619552e-08	0
2.74904095472e-08	0
2.75335571392e-08	0
2.75767047312e-08	0
2.76198523231e-08	0
2.76629999151e-08	0
2.77061475071e-08	0
2.77492950991e-08	0
2.77924426911e-08	0
2.78355902831e-08	0
2.78787378751e-08	0
2.79218854671e-08	0
2.79650330591e-08	0
2.80081806511e-08	0
2.80513282431e-08	0
2.8094475835e-08	0
2.8137623427e-08	0
2.8180771019e-08	0
2.8223918611e-08	0
2.8267066203e-08	0
2.8310213795e-08	0
2.8353361387e-08	0
2.8396508979e-08	0
2.8439656571e-08	0
2.8482804163e-08	0
2.8525951755e-08	0
2.85690993469e-08	0
2.86122469389e-08	0
2.86553945309e-08	0
2.86985421229e-08	0
2.87416897149e-08	0
2.87848373069e-08	0
2.88279848989e-08	0
2.88711324909e-08	0
2.89142800829e-08	0
2.89574276749e-08	0
2.90005752669e-08	0
2.90437228588e-08	0
2.90868704508e-08	0
2.91300180428e-08	0
2.91731656348e-08	0
2.92163132268e-08	0
2.92594608188e-08	0
2.93026084108e-08	0
2.93457560028e-08	0
2.93889035948e-08	0
2.94320511868e-08	0
2.94751987788e-08	0
2.95183463707e-08	0
2.95614939627e-08	0
2.96046415547e-08	0
2.96477891467e-08	0
2.96909367387e-08	0
2.97340843307e-08	0
2.97772319227e-08	0
2.98203795147e-08	0
2.98635271067e-08	0
2.99066746987e-08	0
2.99498222907e-08	0
2.99929698826e-08	0
3.00361174746e-08	0
3.00792650666e-08	0
3.01224126586e-08	0
3.01655602506e-08	0
3.02087078426e-08	0
3.02518554346e-08	0
3.02950030266e-08	0
3.03381506186e-08	0
3.03812982106e-08	0
3.04244458026e-08	0
3.04675933945e-08	0
3.05107409865e-08	0
3.05538885785e-08	0
3.05970361705e-08	0
3.06401837625e-08	0
3.06833313545e-08	0
3.07264789465e-08	0
3.07696265385e-08	0
3.08127741305e-08	0
3.08559217225e-08	0
3.08990693145e-08	0
3.09422169064e-08	0
3.09853644984e-08	0
3.10285120904e-08	0
3.10716596824e-08	0
3.11148072744e-08	0
3.11579548664e-08	0
3.12011024584e-08	0
3.12442500504e-08	0
3.12873976424e-08	0
3.13305452344e-08	0
3.13736928264e-08	0
3.14168404183e-08	0
3.14599880103e-08	0
3.15031356023e-08	0
3.15462831943e-08	0
3.15894307863e-08	0
3.16325783783e-08	0
3.16757259703e-08	0
3.17188735623e-08	0
3.17620211543e-08	0
3.18051687463e-08	0
3.18483163383e-08	0
3.18914639302e-08	0
3.19346115222e-08	0
3.19777591142e-08	0
3.20209067062e-08	0
3.20640542982e-08	0
3.21072018902e-08	0
3.21503494822e-08	0
3.21934970742e-08	0
3.22366446662e-08	0
3.22797922582e-08	0
3.23229398502e-08	0
3.23660874421e-08	0
3.24092350341e-08	0
3.24523826261e-08	0
3.24955302181e-08	0
3.25386778101e-08	0
3.25818254021e-08	0
3.26249729941e-08	0
3.26681205861e-08	0
3.27112681781e-08	0
3.27544157701e-08	0
3.27975633621e-08	0
3.2840710954e-08	0
3.2883858546e-08	0
3.2927006138e-08	0
3.297015373e-08	0
3.3013301322e-08	0
3.3056448914e-08	0
3.3099596506e-08	0
3.3142744098e-08	0
3.318589169e-08	0
3.3229039282e-08	0
3.3272186874e-08	0
3.33153344659e-08	0
3.33584820579e-08	0
3.34016296499e-08	0
3.34447772419e-08	0
3.34879248339e-08	0
3.35310724259e-08	0
3.35742200179e-08	0
3.36173676099e-08	0
3.36605152019e-08	0
3.37036627939e-08	0
3.37468103859e-08	0
3.37899579778e-08	0
3.38331055698e-08	0
3.38762531618e-08	0
3.39194007538e-08	0
3.39625483458e-08	0
3.40056959378e-08	0
3.40488435298e-08	0
3.40919911218e-08	0
3.41351387138e-08	0
3.41782863058e-08	0
3.42214338978e-08	0
3.42645814897e-08	0
3.43077290817e-08	0
3.43508766737e-08	0
3.43940242657e-08	0
3.44371718577e-08	0
3.44803194497e-08	0
3.45234670417e-08	0
3.45666146337e-08	0
3.46097622257e-08	0
3.46529098177e-08	0
3.46960574097e-08	0
3.47392050016e-08	0
3.47823525936e-08	0
3.48255001856e-08	0
3.48686477776e-08	0
3.49117953696e-08	0
3.49549429616e-08	0
3.49980905536e-08	0
3.50412381456e-08	0
3.50843857376e-08	0
3.51275333296e-08	0
3.51706809216e-08	0
3.52138285135e-08	0
3.52569761055e-08	0
3.53001236975e-08	0
3.53432712895e-08	0
3.53864188815e-08	0
3.54295664735e-08	0
3.54727140655e-08	0
3.55158616575e-08	0
3.55590092495e-08	0
3.56021568415e-08	0
3.56453044334e-08	0
3.56884520254e-08	0
3.57315996174e-08	0
3.57747472094e-08	0
3.58178948014e-08	0
3.58610423934e-08	0
3.59041899854e-08	0
3.59473375774e-08	0
3.59904851694e-08	0
3.60336327614e-08	0
3.60767803534e-08	0
3.61199279453e-08	0
3.61630755373e-08	0
3.62062231293e-08	0
3.62493707213e-08	0
3.62925183133e-08	0
3.63356659053e-08	0
3.63788134973e-08	0
3.64219610893e-08	0
3.64651086813e-08	0
3.65082562733e-08	0
3.65514038653e-08	0
3.65945514572e-08	0
3.66376990492e-08	0
3.66808466412e-08	0
3.67239942332e-08	0
3.67671418252e-08	0
3.68102894172e-08	0
3.68534370092e-08	0
3.68965846012e-08	0
3.69397321932e-08	0
3.69828797852e-08	0
3.70260273772e-08	0
3.70691749691e-08	0
3.71123225611e-08	0
3.71554701531e-08	0
3.71986177451e-08	0
3.72417653371e-08	0
3.72849129291e-08	0
3.73280605211e-08	0
3.73712081131e-08	0
3.74143557051e-08	0
3.74575032971e-08	0
3.75006508891e-08	0
3.7543798481e-08	0
3.7586946073e-08	0
3.7630093665e-08	0
3.7673241257e-08	0
3.7716388849e-08	0
3.7759536441e-08	0
3.7802684033e-08	0
3.7845831625e-08	0
3.7888979217e-08	0
3.7932126809e-08	0
3.7975274401e-08	0
3.80184219929e-08	0
3.80615695849e-08	0
3.81047171769e-08	0
3.81478647689e-08	0
3.81910123609e-08	0
3.82341599529e-08	0
3.82773075449e-08	0
3.83204551369e-08	0
3.83636027289e-08	0
3.84067503209e-08	0
3.84498979129e-08	0
3.84930455048e-08	0
3.85361930968e-08	0
3.85793406888e-08	0
3.86224882808e-08	0
3.86656358728e-08	0
3.87087834648e-08	0
3.87519310568e-08	0
3.87950786488e-08	0
3.88382262408e-08	0
3.88813738328e-08	0
3.89245214248e-08	0
3.89676690167e-08	0
3.90108166087e-08	0
3.90539642007e-08	0
3.90971117927e-08	0
3.91402593847e-08	0
3.91834069767e-08	0
3.92265545687e-08	0
3.92697021607e-08	0
3.93128497527e-08	0
3.93559973447e-08	0
3.93991449367e-08	0
3.94422925286e-08	0
3.94854401206e-08	0
3.95285877126e-08	0
3.95717353046e-08	0
3.96148828966e-08	0
3.96580304886e-08	0
3.97011780806e-08	0
3.97443256726e-08	0
3.97874732646e-08	0
3.98306208566e-08	0
3.98737684486e-08	0
3.99169160405e-08	0
3.99600636325e-08	0
4.00032112245e-08	0
4.00463588165e-08	0
4.00895064085e-08	0
4.01326540005e-08	0
4.01758015925e-08	0
4.02189491845e-08	0
4.02620967765e-08	0
4.03052443685e-08	0
4.03483919605e-08	0
4.03915395524e-08	0
4.04346871444e-08	0
4.04778347364e-08	0
4.05209823284e-08	0
4.05641299204e-08	0
4.06072775124e-08	0
4.06504251044e-08	0
4.06935726964e-08	0
4.07367202884e-08	0
4.07798678804e-08	0
4.08230154724e-08	0
4.08661630643e-08	0
4.09093106563e-08	0
4.09524582483e-08	0
4.09956058403e-08	0
4.10387534323e-08	0
4.10819010243e-08	0
4.11250486163e-08	0
4.11681962083e-08	0
4.12113438003e-08	0
4.12544913923e-08	0
4.12976389843e-08	0
4.13407865762e-08	0
4.13839341682e-08	0
4.14270817602e-08	0
4.14702293522e-08	0
4.15133769442e-08	0
4.15565245362e-08	0
4.15996721282e-08	0
4.16428197202e-08	0
4.16859673122e-08	0
4.17291149042e-08	0
4.17722624962e-08	0
4.18154100881e-08	0
4.18585576801e-08	0
4.19017052721e-08	0
4.19448528641e-08	0
4.19880004561e-08	0
4.20311480481e-08	0
4.20742956401e-08	0
4.21174432321e-08	0
4.21605908241e-08	0
4.22037384161e-08	0
4.22468860081e-08	0
4.22900336e-08	0
4.2333181192e-08	0
4.2376328784e-08	0
4.2419476376e-08	0
4.2462623968e-08	0
4.250577156e-08	0
4.2548919152e-08	0
4.2592066744e-08	0
4.2635214336e-08	0
4.2678361928e-08	0
4.272150952e-08	0
4.27646571119e-08	0
4.28078047039e-08	0
4.28509522959e-08	0
4.28940998879e-08	0
4.29372474799e-08	0
4.29803950719e-08	0
4.30235426639e-08	0
4.30666902559e-08	0
4.31098378479e-08	0
4.31529854399e-08	0
4.31961330319e-08	0
4.32392806238e-08	0
4.32824282158e-08	0
4.33255758078e-08	0
4.33687233998e-08	0
4.34118709918e-08	0
4.34550185838e-08	0
4.34981661758e-08	0
4.35413137678e-08	0
4.35844613598e-08	0
4.36276089518e-08	0
4.36707565437e-08	0
4.37139041357e-08	0
4.37570517277e-08	0
4.38001993197e-08	0
4.38433469117e-08	0
4.38864945037e-08	0
4.39296420957e-08	0
4.39727896877e-08	0
4.40159372797e-08	0
4.40590848717e-08	0
4.41022324637e-08	0
4.41453800556e-08	0
4.41885276476e-08	0
4.42316752396e-08	0
4.42748228316e-08	0
4.43179704236e-08	0
4.43611180156e-08	0
4.44042656076e-08	0
4.44474131996e-08	0
4.44905607916e-08	0
4.45337083836e-08	0
4.45768559756e-08	0
4.46200035675e-08	0
4.46631511595e-08	0
4.47062987515e-08	0
4.47494463435e-08	0
4.47925939355e-08	0
4.48357415275e-08	0
4.48788891195e-08	0
4.49220367115e-08	0
4.49651843035e-08	0
4.50083318955e-08	0
4.50514794875e-08	0
4.50946270794e-08	0
4.51377746714e-08	0
4.51809222634e-08	0
4.52240698554e-08	0
4.52672174474e-08	0
4.53103650394e-08	0
4.53535126314e-08	0
4.53966602234e-08	0
4.54398078154e-08	0
4.54829554074e-08	0
4.55261029994e-08	0
4.55692505913e-08	0
4.56123981833e-08	0
4.56555457753e-08	0
4.56986933673e-08	0
4.57418409593e-08	0
4.57849885513e-08	0
4.58281361433e-08	0
4.58712837353e-08	0
4.59144313273e-08	0
4.59575789193e-08	0
4.60007265113e-08	0
4.60438741032e-08	0
4.60870216952e-08	0
4.61301692872e-08	0
4.61733168792e-08	0
4.62164644712e-08	0
4.62596120632e-08	0
4.63027596552e-08	0
4.63459072472e-08	0
4.63890548392e-08	0
4.64322024312e-08	0
4.64753500232e-08	0
4.65184976151e-08	0
4.65616452071e-08	0
4.66047927991e-08	0
4.66479403911e-08	0
4.66910879831e-08	0
4.67342355751e-08	0
4.67773831671e-08	0
4.68205307591e-08	0
4.68636783511e-08	0
4.69068259431e-08	0
4.69499735351e-08	0
4.6993121127e-08	0
4.7036268719e-08	0
4.7079416311e-08	0
4.7122563903e-08	0
4.7165711495e-08	0
4.7208859087e-08	0
4.7252006679e-08	0
4.7295154271e-08	0
4.7338301863e-08	0
4.7381449455e-08	0
4.7424597047e-08	0
4.74677446389e-08	0
4.75108922309e-08	0
4.75540398229e-08	0
4.75971874149e-08	0
4.76403350069e-08	0
4.76834825989e-08	0
4.77266301909e-08	0
4.77697777829e-08	0
4.78129253749e-08	0
4.78560729669e-08	0
4.78992205589e-08	0
4.79423681508e-08	0
4.79855157428e-08	0
4.80286633348e-08	0
4.80718109268e-08	0
4.81149585188e-08	0
4.81581061108e-08	0
4.82012537028e-08	0
4.82444012948e-08	0
4.82875488868e-08	0
4.83306964788e-08	0
4.83738440708e-08	0
4.84169916627e-08	0
4.84601392547e-08	0
4.85032868467e-08	0
4.85464344387e-08	0
4.85895820307e-08	0
4.86327296227e-08	0
4.86758772147e-08	0
4.87190248067e-08	0
4.87621723987e-08	0
4.88053199907e-08	0
4.88484675827e-08	0
4.88916151746e-08	0
4.89347627666e-08	0
4.89779103586e-08	0
4.90210579506e-08	0
4.90642055426e-08	0
4.91073531346e-08	0
4.91505007266e-08	0
4.91936483186e-08	0
4.92367959106e-08	0
4.92799435026e-08	0
4.93230910946e-08	0
4.93662386865e-08	0
4.94093862785e-08	0
4.94525338705e-08	0
4.94956814625e-08	0
4.95388290545e-08	0
4.95819766465e-08	0
4.96251242385e-08	0
4.96682718305e-08	0
4.97114194225e-08	0
4.97545670145e-08	0
4.97977146065e-08	0
4.98408621984e-08	0
4.98840097904e-08	0
4.99271573824e-08	0
4.99703049744e-08	0
5.00134525664e-08	0
5.00566001584e-08	0
5.00997477504e-08	0
5.01428953424e-08	0
5.01860429344e-08	0
5.02291905264e-08	0
5.02723381184e-08	0
5.03154857103e-08	0
5.03586333023e-08	0
5.04017808943e-08	0
5.04449284863e-08	0
5.04880760783e-08	0
5.05312236703e-08	0
5.05743712623e-08	0
5.06175188543e-08	0
5.06606664463e-08	0
5.07038140383e-08	0
5.07469616303e-08	0
5.07901092222e-08	0
5.08332568142e-08	0
5.08764044062e-08	0
5.09195519982e-08	0
5.09626995902e-08	0
5.10058471822e-08	0
5.10489947742e-08	0
5.10921423662e-08	0
5.11352899582e-08	0
5.11784375502e-08	0
5.12215851422e-08	0
5.12647327341e-08	0
5.13078803261e-08	0
5.13510279181e-08	0
5.13941755101e-08	0
5.14373231021e-08	0
5.14804706941e-08	0
5.15236182861e-08	0
5.15667658781e-08	0
5.16099134701e-08	0
5.16530610621e-08	0
5.1696208654e-08	0
5.1739356246e-08	0
5.1782503838e-08	0
5.182565143e-08	0
5.1868799022e-08	0
5.1911946614e-08	0
5.1955094206e-08	0
5.1998241798e-08	0
5.204138939e-08	0
5.2084536982e-08	0
5.2127684574e-08	0
5.21708321659e-08	0
5.22139797579e-08	0
5.22571273499e-08	0
5.23002749419e-08	0
5.23434225339e-08	0
5.23865701259e-08	0
5.24297177179e-08	0
5.24728653099e-08	0
5.25160129019e-08	0
5.25591604939e-08	0
5.26023080859e-08	0
5.26454556778e-08	0
5.26886032698e-08	0
5.27317508618e-08	0
5.27748984538e-08	0
5.28180460458e-08	0
5.28611936378e-08	0
5.29043412298e-08	0
5.29474888218e-08	0
5.29906364138e-08	0
5.30337840058e-08	0
5.30769315978e-08	0
5.31200791897e-08	0
5.31632267817e-08	0
5.32063743737e-08	0
5.32495219657e-08	0
5.32926695577e-08	0
5.33358171497e-08	0
5.33789647417e-08	0
5.34221123337e-08	0
5.34652599257e-08	0
5.35084075177e-08	0
5.35515551097e-08	0
5.35947027016e-08	0
5.36378502936e-08	0
5.36809978856e-08	0
5.37241454776e-08	0
5.37672930696e-08	0
5.38104406616e-08	0
5.38535882536e-08	0
5.38967358456e-08	0
5.39398834376e-08	0
5.39830310296e-08	0
5.40261786216e-08	0
5.40693262135e-08	0
5.41124738055e-08	0
5.41556213975e-08	0
5.41987689895e-08	0
5.42419165815e-08	0
5.42850641735e-08	0
5.43282117655e-08	0
5.43713593575e-08	0
5.44145069495e-08	0
5.44576545415e-08	0
5.45008021335e-08	0
5.45439497254e-08	0
5.45870973174e-08	0
5.46302449094e-08	0
5.46733925014e-08	0
5.47165400934e-08	0
5.47596876854e-08	0
5.48028352774e-08	0
5.48459828694e-08	0
5.48891304614e-08	0
5.49322780534e-08	0
5.49754256454e-08	0
5.50185732373e-08	0
5.50617208293e-08	0
5.51048684213e-08	0
5.51480160133e-08	0
5.51911636053e-08	0
5.52343111973e-08	0
5.52774587893e-08	0
5.53206063813e-08	0
5.53637539733e-08	0
5.54069015653e-08	0
5.54500491573e-08	0
5.54931967492e-08	0
5.55363443412e-08	0
5.55794919332e-08	0
5.56226395252e-08	0
5.56657871172e-08	0
5.57089347092e-08	0
5.57520823012e-08	0
5.57952298932e-08	0
5.58383774852e-08	0
5.58815250772e-08	0
5.59246726692e-08	0
5.59678202611e-08	0
5.60109678531e-08	0
5.60541154451e-08	0
5.60972630371e-08	0
5.61404106291e-08	0
5.61835582211e-08	0
5.62267058131e-08	0
5.62698534051e-08	0
5.63130009971e-08	0
5.63561485891e-08	0
5.63992961811e-08	0
5.6442443773e-08	0
5.6485591365e-08	0
5.6528738957e-08	0
5.6571886549e-08	0
5.6615034141e-08	0
5.6658181733e-08	0
5.6701329325e-08	0
5.6744476917e-08	0
5.6787624509e-08	0
5.6830772101e-08	0
5.6873919693e-08	0
5.69170672849e-08	0
5.69602148769e-08	0
5.70033624689e-08	0
5.70465100609e-08	0
5.70896576529e-08	0
5.71328052449e-08	0
5.71759528369e-08	0
5.72191004289e-08	0
5.72622480209e-08	0
5.73053956129e-08	0
5.73485432049e-08	0
5.73916907968e-08	0
5.74348383888e-08	0
5.74779859808e-08	0
5.75211335728e-08	0
5.75642811648e-08	0
5.76074287568e-08	0
5.76505763488e-08	0
5.76937239408e-08	0
5.77368715328e-08	0
5.77800191248e-08	0
5.78231667168e-08	0
5.78663143087e-08	0
5.79094619007e-08	0
5.79526094927e-08	0
5.79957570847e-08	0
5.80389046767e-08	0
5.80820522687e-08	0
5.81251998607e-08	0
5.81683474527e-08	0
5.82114950447e-08	0
5.82546426367e-08	0
5.82977902287e-08	0
5.83409378206e-08	0
5.83840854126e-08	0
5.84272330046e-08	0
5.84703805966e-08	0
5.85135281886e-08	0
5.85566757806e-08	0
5.85998233726e-08	0
5.86429709646e-08	0
5.86861185566e-08	0
5.87292661486e-08	0
5.87724137406e-08	0
5.88155613325e-08	0
5.88587089245e-08	0
5.89018565165e-08	0
5.89450041085e-08	0
5.89881517005e-08	0
5.90312992925e-08	0
5.90744468845e-08	0
5.91175944765e-08	0
5.91607420685e-08	0
5.92038896605e-08	0
5.92470372525e-08	0
5.92901848444e-08	0
5.93333324364e-08	0
5.93764800284e-08	0
5.94196276204e-08	0
5.94627752124e-08	0
5.95059228044e-08	0
5.95490703964e-08	0
5.95922179884e-08	0
5.96353655804e-08	0
5.96785131724e-08	0
5.97216607643e-08	0
5.97648083563e-08	0
5.98079559483e-08	0
5.98511035403e-08	0
5.98942511323e-08	0
5.99373987243e-08	0
5.99805463163e-08	0
6.00236939083e-08	0
6.00668415003e-08	0
6.01099890923e-08	0
6.01531366843e-08	0
6.01962842762e-08	0
6.02394318682e-08	0
6.02825794602e-08	0
6.03257270522e-08	0
6.03688746442e-08	0
6.04120222362e-08	0
6.04551698282e-08	0
6.04983174202e-08	0
6.05414650122e-08	0
6.05846126042e-08	0
6.06277601962e-08	0
6.06709077881e-08	0
6.07140553801e-08	0
6.07572029721e-08	0
6.08003505641e-08	0
6.08434981561e-08	0
6.08866457481e-08	0
6.09297933401e-08	0
6.09729409321e-08	0
6.10160885241e-08	0
6.10592361161e-08	0
6.11023837081e-08	0
6.11455313e-08	0
6.1188678892e-08	0
6.1231826484e-08	0
6.1274974076e-08	0
6.1318121668e-08	0
6.136126926e-08	0
6.1404416852e-08	0
6.1447564444e-08	0
6.1490712036e-08	0
6.1533859628e-08	0
6.157700722e-08	0
6.16201548119e-08	0
6.16633024039e-08	0
6.17064499959e-08	0
6.17495975879e-08	0
6.17927451799e-08	0
6.18358927719e-08	0
6.18790403639e-08	0
6.19221879559e-08	0
6.19653355479e-08	0
6.20084831399e-08	0
6.20516307319e-08	0
6.20947783238e-08	0
6.21379259158e-08	0
6.21810735078e-08	0
6.22242210998e-08	0
6.22673686918e-08	0
6.23105162838e-08	0
6.23536638758e-08	0
6.23968114678e-08	0
6.24399590598e-08	0
6.24831066518e-08	0
6.25262542438e-08	0
6.25694018357e-08	0
6.26125494277e-08	0
6.26556970197e-08	0
6.26988446117e-08	0
6.27419922037e-08	0
6.27851397957e-08	0
6.28282873877e-08	0
6.28714349797e-08	0
6.29145825717e-08	0
6.29577301637e-08	0
6.30008777557e-08	0
6.30440253476e-08	0
6.30871729396e-08	0
6.31303205316e-08	0
6.31734681236e-08	0
6.32166157156e-08	0
6.32597633076e-08	0
6.33029108996e-08	0
6.33460584916e-08	0
6.33892060836e-08	0
6.34323536756e-08	0
6.34755012676e-08	0
6.35186488595e-08	0
6.35617964515e-08	0
6.36049440435e-08	0
6.36480916355e-08	0
6.36912392275e-08	0
6.37343868195e-08	0
6.37775344115e-08	0
6.38206820035e-08	0
6.38638295955e-08	0
6.39069771875e-08	0
6.39501247795e-08	0
6.39932723714e-08	0
6.40364199634e-08	0
6.40795675554e-08	0
6.41227151474e-08	0
6.41658627394e-08	0
6.42090103314e-08	0
6.42521579234e-08	0
6.42953055154e-08	0
6.43384531074e-08	0
6.43816006994e-08	0
6.44247482914e-08	0
6.44678958833e-08	0
6.45110434753e-08	0
6.45541910673e-08	0
6.45973386593e-08	0
6.46404862513e-08	0
6.46836338433e-08	0
6.47267814353e-08	0
6.47699290273e-08	0
6.48130766193e-08	0
6.48562242113e-08	0
6.48993718033e-08	0
6.49425193952e-08	0
6.49856669872e-08	0
6.50288145792e-08	0
6.50719621712e-08	0
6.51151097632e-08	0
6.51582573552e-08	0
6.52014049472e-08	0
6.52445525392e-08	0
6.52877001312e-08	0
6.53308477232e-08	0
6.53739953152e-08	0
6.54171429071e-08	0
6.54602904991e-08	0
6.55034380911e-08	0
6.55465856831e-08	0
6.55897332751e-08	0
6.56328808671e-08	0
6.56760284591e-08	0
6.57191760511e-08	0
6.57623236431e-08	0
6.58054712351e-08	0
6.58486188271e-08	0
6.5891766419e-08	0
6.5934914011e-08	0
6.5978061603e-08	0
6.6021209195e-08	0
6.6064356787e-08	0
6.6107504379e-08	0
6.6150651971e-08	0
6.6193799563e-08	0
6.6236947155e-08	0
6.6280094747e-08	0
6.6323242339e-08	0
6.63663899309e-08	0
6.64095375229e-08	0
6.64526851149e-08	0
6.64958327069e-08	0
6.65389802989e-08	0
6.65821278909e-08	0
6.66252754829e-08	0
6.66684230749e-08	0
6.67115706669e-08	0
6.67547182589e-08	0
6.67978658509e-08	0
6.68410134428e-08	0
6.68841610348e-08	0
6.69273086268e-08	0
6.69704562188e-08	0
6.70136038108e-08	0
6.70567514028e-08	0
6.70998989948e-08	0
6.71430465868e-08	0
6.71861941788e-08	0
6.72293417708e-08	0
6.72724893628e-08	0
6.73156369547e-08	0
6.73587845467e-08	0
6.74019321387e-08	0
6.74450797307e-08	0
6.74882273227e-08	0
6.75313749147e-08	0
6.75745225067e-08	0
6.76176700987e-08	0
6.76608176907e-08	0
6.77039652827e-08	0
6.77471128746e-08	0
6.77902604666e-08	0
6.78334080586e-08	0
6.78765556506e-08	0
6.79197032426e-08	0
6.79628508346e-08	0
6.80059984266e-08	0
6.80491460186e-08	0
6.80922936106e-08	0
6.81354412026e-08	0
6.81785887946e-08	0
6.82217363865e-08	0
6.82648839785e-08	0
6.83080315705e-08	0
6.83511791625e-08	0
6.83943267545e-08	0
6.84374743465e-08	0
6.84806219385e-08	0
6.85237695305e-08	0
6.85669171225e-08	0
6.86100647145e-08	0
6.86532123065e-08	0
6.86963598984e-08	0
6.87395074904e-08	0
6.87826550824e-08	0
6.88258026744e-08	0
6.88689502664e-08	0
6.89120978584e-08	0
6.89552454504e-08	0
6.89983930424e-08	0
6.90415406344e-08	0
6.90846882264e-08	0
6.91278358184e-08	0
6.91709834103e-08	0
6.92141310023e-08	0
6.92572785943e-08	0
6.93004261863e-08	0
6.93435737783e-08	0
6.93867213703e-08	0
6.94298689623e-08	0
6.94730165543e-08	0
6.95161641463e-08	0
6.95593117383e-08	0
6.96024593303e-08	0
6.96456069222e-08	0
6.96887545142e-08	0
6.97319021062e-08	0
6.97750496982e-08	0
6.98181972902e-08	0
6.98613448822e-08	0
6.99044924742e-08	0
6.99476400662e-08	0
6.99907876582e-08	0
7.00339352502e-08	0
7.00770828422e-08	0
7.01202304341e-08	0
7.01633780261e-08	0
7.02065256181e-08	0
7.02496732101e-08	0
7.02928208021e-08	0
7.03359683941e-08	0
7.03791159861e-08	0
7.04222635781e-08	0
7.04654111701e-08	0
7.05085587621e-08	0
7.05517063541e-08	0
7.0594853946e-08	0
7.0638001538e-08	0
7.068114913e-08	0
7.0724296722e-08	0
7.0767444314e-08	0
7.0810591906e-08	0
7.0853739498e-08	0
7.089688709e-08	0
7.0940034682e-08	0
7.0983182274e-08	0
7.1026329866e-08	0
7.10694774579e-08	0
7.11126250499e-08	0
7.11557726419e-08	0
7.11989202339e-08	0
7.12420678259e-08	0
7.12852154179e-08	0
7.13283630099e-08	0
7.13715106019e-08	0
7.14146581939e-08	0
7.14578057859e-08	0
7.15009533779e-08	0
7.15441009698e-08	0
7.15872485618e-08	0
7.16303961538e-08	0
7.16735437458e-08	0
7.17166913378e-08	0
7.17598389298e-08	0
7.18029865218e-08	0
7.18461341138e-08	0
7.18892817058e-08	0
7.19324292978e-08	0
7.19755768898e-08	0
7.20187244817e-08	0
7.20618720737e-08	0
7.21050196657e-08	0
7.21481672577e-08	0
7.21913148497e-08	0
7.22344624417e-08	0
7.22776100337e-08	0
7.23207576257e-08	0
7.23639052177e-08	0
7.24070528097e-08	0
7.24502004017e-08	0
7.24933479936e-08	0
7.25364955856e-08	0
7.25796431776e-08	0
7.26227907696e-08	0
7.26659383616e-08	0
7.27090859536e-08	0
7.27522335456e-08	0
7.27953811376e-08	0
7.28385287296e-08	0
7.28816763216e-08	0
7.29248239136e-08	0
7.29679715055e-08	0
7.30111190975e-08	0
7.30542666895e-08	0
7.30974142815e-08	0
7.31405618735e-08	0
7.31837094655e-08	0
7.32268570575e-08	0
7.32700046495e-08	0
7.33131522415e-08	0
7.33562998335e-08	0
7.33994474255e-08	0
7.34425950174e-08	0
7.34857426094e-08	0
7.35288902014e-08	0
7.35720377934e-08	0
7.36151853854e-08	0
7.36583329774e-08	0
7.37014805694e-08	0
7.37446281614e-08	0
7.37877757534e-08	0
7.38309233454e-08	0
7.38740709374e-08	0
7.39172185293e-08	0
7.39603661213e-08	0
7.40035137133e-08	0
7.40466613053e-08	0
7.40898088973e-08	0
7.41329564893e-08	0
7.41761040813e-08	0
7.42192516733e-08	0
7.42623992653e-08	0
7.43055468573e-08	0
7.43486944493e-08	0
7.43918420412e-08	0
7.44349896332e-08	0
7.44781372252e-08	0
7.45212848172e-08	0
7.45644324092e-08	0
7.46075800012e-08	0
7.46507275932e-08	0
7.46938751852e-08	0
7.47370227772e-08	0
7.47801703692e-08	0
7.48233179612e-08	0
7.48664655531e-08	0
7.49096131451e-08	0
7.49527607371e-08	0
7.49959083291e-08	0
7.50390559211e-08	0
7.50822035131e-08	0
7.51253511051e-08	0
7.51684986971e-08	0
7.52116462891e-08	0
7.52547938811e-08	0
7.52979414731e-08	0
7.5341089065e-08	0
7.5384236657e-08	0
7.5427384249e-08	0
7.5470531841e-08	0
7.5513679433e-08	0
7.5556827025e-08	0
7.5599974617e-08	0
7.5643122209e-08	0
7.5686269801e-08	0
7.5729417393e-08	0
7.5772564985e-08	0
7.58157125769e-08	0
7.58588601689e-08	0
7.59020077609e-08	0
7.59451553529e-08	0
7.59883029449e-08	0
7.60314505369e-08	0
7.60745981289e-08	0
7.61177457209e-08	0
7.61608933129e-08	0
7.62040409049e-08	0
7.62471884968e-08	0
7.62903360888e-08	0
7.63334836808e-08	0
7.63766312728e-08	0
7.64197788648e-08	0
7.64629264568e-08	0
7.65060740488e-08	0
7.65492216408e-08	0
7.65923692328e-08	0
7.66355168248e-08	0
7.66786644168e-08	0
7.67218120087e-08	0
7.67649596007e-08	0
7.68081071927e-08	0
7.68512547847e-08	0
7.68944023767e-08	0
7.69375499687e-08	0
7.69806975607e-08	0
7.70238451527e-08	0
7.70669927447e-08	0
7.71101403367e-08	0
7.71532879287e-08	0
7.71964355206e-08	0
7.72395831126e-08	0
7.72827307046e-08	0
7.73258782966e-08	0
7.73690258886e-08	0
7.74121734806e-08	0
7.74553210726e-08	0
7.74984686646e-08	0
7.75416162566e-08	0
7.75847638486e-08	0
7.76279114406e-08	0
7.76710590325e-08	0
7.77142066245e-08	0
7.77573542165e-08	0
7.78005018085e-08	0
7.78436494005e-08	0
7.78867969925e-08	0
7.79299445845e-08	0
7.79730921765e-08	0
7.80162397685e-08	0
7.80593873605e-08	0
7.81025349525e-08	0
7.81456825444e-08	0
7.81888301364e-08	0
7.82319777284e-08	0
7.82751253204e-08	0
7.83182729124e-08	0
7.83614205044e-08	0
7.84045680964e-08	0
7.84477156884e-08	0
7.84908632804e-08	0
7.85340108724e-08	0
7.85771584644e-08	0
7.86203060563e-08	0
7.86634536483e-08	0
7.87066012403e-08	0
7.87497488323e-08	0
7.87928964243e-08	0
7.88360440163e-08	0
7.88791916083e-08	0
7.89223392003e-08	0
7.89654867923e-08	0
7.90086343843e-08	0
7.90517819763e-08	0
7.90949295682e-08	0
7.91380771602e-08	0
7.91812247522e-08	0
7.92243723442e-08	0
7.92675199362e-08	0
7.93106675282e-08	0
7.93538151202e-08	0
7.93969627122e-08	0
7.94401103042e-08	0
7.94832578962e-08	0
7.95264054882e-08	0
7.95695530801e-08	0
7.96127006721e-08	0
7.96558482641e-08	0
7.96989958561e-08	0
7.97421434481e-08	0
7.97852910401e-08	0
7.98284386321e-08	0
7.98715862241e-08	0
7.99147338161e-08	0
7.99578814081e-08	0
8.00010290001e-08	0
8.0044176592e-08	0
8.0087324184e-08	0
8.0130471776e-08	0
8.0173619368e-08	0
8.021676696e-08	0
8.0259914552e-08	0
8.0303062144e-08	0
8.0346209736e-08	0
8.0389357328e-08	0
8.043250492e-08	0
8.0475652512e-08	0
8.05188001039e-08	0
8.05619476959e-08	0
8.06050952879e-08	0
8.06482428799e-08	0
8.06913904719e-08	0
8.07345380639e-08	0
8.07776856559e-08	0
8.08208332479e-08	0
8.08639808399e-08	0
8.09071284319e-08	0
8.09502760239e-08	0
8.09934236158e-08	0
8.10365712078e-08	0
8.10797187998e-08	0
8.11228663918e-08	0
8.11660139838e-08	0
8.12091615758e-08	0
8.12523091678e-08	0
8.12954567598e-08	0
8.13386043518e-08	0
8.13817519438e-08	0
8.14248995358e-08	0
8.14680471277e-08	0
8.15111947197e-08	0
8.15543423117e-08	0
8.15974899037e-08	0
8.16406374957e-08	0
8.16837850877e-08	0
8.17269326797e-08	0
8.17700802717e-08	0
8.18132278637e-08	0
8.18563754557e-08	0
8.18995230477e-08	0
8.19426706396e-08	0
8.19858182316e-08	0
8.20289658236e-08	0
8.20721134156e-08	0
8.21152610076e-08	0
8.21584085996e-08	0
8.22015561916e-08	0
8.22447037836e-08	0
8.22878513756e-08	0
8.23309989676e-08	0
8.23741465596e-08	0
8.24172941515e-08	0
8.24604417435e-08	0
8.25035893355e-08	0
8.25467369275e-08	0
8.25898845195e-08	0
8.26330321115e-08	0
8.26761797035e-08	0
8.27193272955e-08	0
8.27624748875e-08	0
8.28056224795e-08	0
8.28487700715e-08	0
8.28919176634e-08	0
8.29350652554e-08	0
8.29782128474e-08	0
8.30213604394e-08	0
8.30645080314e-08	0
8.31076556234e-08	0
8.31508032154e-08	0
8.31939508074e-08	0
8.32370983994e-08	0
8.32802459914e-08	0
8.33233935834e-08	0
8.33665411753e-08	0
8.34096887673e-08	0
8.34528363593e-08	0
8.34959839513e-08	0
8.35391315433e-08	0
8.35822791353e-08	0
8.36254267273e-08	0
8.36685743193e-08	0
8.37117219113e-08	0
8.37548695033e-08	0
8.37980170953e-08	0
8.38411646872e-08	0
8.38843122792e-08	0
8.39274598712e-08	0
8.39706074632e-08	0
8.40137550552e-08	0
8.40569026472e-08	0
8.41000502392e-08	0
8.41431978312e-08	0
8.41863454232e-08	0
8.42294930152e-08	0
8.42726406071e-08	0
8.43157881991e-08	0
8.43589357911e-08	0
8.44020833831e-08	0
8.44452309751e-08	0
8.44883785671e-08	0
8.45315261591e-08	0
8.45746737511e-08	0
8.46178213431e-08	0
8.46609689351e-08	0
8.47041165271e-08	0
8.4747264119e-08	0
8.4790411711e-08	0
8.4833559303e-08	0
8.4876706895e-08	0
8.4919854487e-08	0
8.4963002079e-08	0
8.5006149671e-08	0
8.5049297263e-08	0
8.5092444855e-08	0
8.5135592447e-08	0
8.5178740039e-08	0
8.52218876309e-08	0
8.52650352229e-08	0
8.53081828149e-08	0
8.53513304069e-08	0
8.53944779989e-08	0
8.54376255909e-08	0
8.54807731829e-08	0
8.55239207749e-08	0
8.55670683669e-08	0
8.56102159589e-08	0
8.56533635509e-08	0
8.56965111428e-08	0
8.57396587348e-08	0
8.57828063268e-08	0
8.58259539188e-08	0
8.58691015108e-08	0
8.59122491028e-08	0
8.59553966948e-08	0
8.59985442868e-08	0
8.60416918788e-08	0
8.60848394708e-08	0
8.61279870628e-08	0
8.61711346547e-08	0
8.62142822467e-08	0
8.62574298387e-08	0
8.63005774307e-08	0
8.63437250227e-08	0
8.63868726147e-08	0
8.64300202067e-08	0
8.64731677987e-08	0
8.65163153907e-08	0
8.65594629827e-08	0
8.66026105747e-08	0
8.66457581666e-08	0
8.66889057586e-08	0
8.67320533506e-08	0
8.67752009426e-08	0
8.68183485346e-08	0
8.68614961266e-08	0
8.69046437186e-08	0
8.69477913106e-08	0
8.69909389026e-08	0
8.70340864946e-08	0
8.70772340866e-08	0
8.71203816785e-08	0
8.71635292705e-08	0
8.72066768625e-08	0
8.72498244545e-08	0
8.72929720465e-08	0
8.73361196385e-08	0
8.73792672305e-08	0
8.74224148225e-08	0
8.74655624145e-08	0
8.75087100065e-08	0
8.75518575985e-08	0
8.75950051904e-08	0
8.76381527824e-08	0
8.76813003744e-08	0
8.77244479664e-08	0
8.77675955584e-08	0
8.78107431504e-08	0
8.78538907424e-08	0
8.78970383344e-08	0
8.79401859264e-08	0
8.79833335184e-08	0
8.80264811104e-08	0
8.80696287023e-08	0
8.81127762943e-08	0
8.81559238863e-08	0
8.81990714783e-08	0
8.82422190703e-08	0
8.82853666623e-08	0
8.83285142543e-08	0
8.83716618463e-08	0
8.84148094383e-08	0
8.84579570303e-08	0
8.85011046223e-08	0
8.85442522142e-08	0
8.85873998062e-08	0
8.86305473982e-08	0
8.86736949902e-08	0
8.87168425822e-08	0
8.87599901742e-08	0
8.88031377662e-08	0
8.88462853582e-08	0
8.88894329502e-08	0
8.89325805422e-08	0
8.89757281342e-08	0
8.90188757261e-08	0
8.90620233181e-08	0
8.91051709101e-08	0
8.91483185021e-08	0
8.91914660941e-08	0
8.92346136861e-08	0
8.92777612781e-08	0
8.93209088701e-08	0
8.93640564621e-08	0
8.94072040541e-08	0
8.94503516461e-08	0
8.9493499238e-08	0
8.953664683e-08	0
8.9579794422e-08	0
8.9622942014e-08	0
8.9666089606e-08	0
8.9709237198e-08	0
8.975238479e-08	0
8.9795532382e-08	0
8.9838679974e-08	0
8.9881827566e-08	0
8.9924975158e-08	0
8.99681227499e-08	0
9.00112703419e-08	0
9.00544179339e-08	0
9.00975655259e-08	0
9.01407131179e-08	0
9.01838607099e-08	0
9.02270083019e-08	0
9.02701558939e-08	0
9.03133034859e-08	0
9.03564510779e-08	0
9.03995986699e-08	0
9.04427462618e-08	0
9.04858938538e-08	0
9.05290414458e-08	0
9.05721890378e-08	0
9.06153366298e-08	0
9.06584842218e-08	0
9.07016318138e-08	0
9.07447794058e-08	0
9.07879269978e-08	0
9.08310745898e-08	0
9.08742221818e-08	0
9.09173697737e-08	0
9.09605173657e-08	0
9.10036649577e-08	0
9.10468125497e-08	0
9.10899601417e-08	0
9.11331077337e-08	0
9.11762553257e-08	0
9.12194029177e-08	0
9.12625505097e-08	0
9.13056981017e-08	0
9.13488456937e-08	0
9.13919932856e-08	0
9.14351408776e-08	0
9.14782884696e-08	0
9.15214360616e-08	0
9.15645836536e-08	0
9.16077312456e-08	0
9.16508788376e-08	0
9.16940264296e-08	0
9.17371740216e-08	0
9.17803216136e-08	0
9.18234692056e-08	0
9.18666167975e-08	0
9.19097643895e-08	0
9.19529119815e-08	0
9.19960595735e-08	0
9.20392071655e-08	0
9.20823547575e-08	0
9.21255023495e-08	0
9.21686499415e-08	0
9.22117975335e-08	0
9.22549451255e-08	0
9.22980927174e-08	0
9.23412403094e-08	0
9.23843879014e-08	0
9.24275354934e-08	0
9.24706830854e-08	0
9.25138306774e-08	0
9.25569782694e-08	0
9.26001258614e-08	0
9.26432734534e-08	0
9.26864210454e-08	0
9.27295686374e-08	0
9.27727162293e-08	0
9.28158638213e-08	0
9.28590114133e-08	0
9.29021590053e-08	0
9.29453065973e-08	0
9.29884541893e-08	0
9.30316017813e-08	0
9.30747493733e-08	0
9.31178969653e-08	0
9.31610445573e-08	0
9.32041921493e-08	0
9.32473397412e-08	0
9.32904873332e-08	0
9.33336349252e-08	0
9.33767825172e-08	0
9.34199301092e-08	0
9.34630777012e-08	0
9.35062252932e-08	0
9.35493728852e-08	0
9.35925204772e-08	0
9.36356680692e-08	0
9.36788156612e-08	0
9.37219632531e-08	0
9.37651108451e-08	0
9.38082584371e-08	0
9.38514060291e-08	0
9.38945536211e-08	0
9.39377012131e-08	0
9.39808488051e-08	0
9.40239963971e-08	0
9.40671439891e-08	0
9.41102915811e-08	0
9.41534391731e-08	0
9.4196586765e-08	0
9.4239734357e-08	0
9.4282881949e-08	0
9.4326029541e-08	0
9.4369177133e-08	0
9.4412324725e-08	0
9.4455472317e-08	0
9.4498619909e-08	0
9.4541767501e-08	0
9.4584915093e-08	0
9.4628062685e-08	0
9.46712102769e-08	0
9.47143578689e-08	0
9.47575054609e-08	0
9.48006530529e-08	0
9.48438006449e-08	0
9.48869482369e-08	0
9.49300958289e-08	0
9.49732434209e-08	0
9.50163910129e-08	0
9.50595386049e-08	0
9.51026861969e-08	0
9.51458337888e-08	0
9.51889813808e-08	0
9.52321289728e-08	0
9.52752765648e-08	0
9.53184241568e-08	0
9.53615717488e-08	0
9.54047193408e-08	0
9.54478669328e-08	0
9.54910145248e-08	0
9.55341621168e-08	0
9.55773097088e-08	0
9.56204573007e-08	0
9.56636048927e-08	0
9.57067524847e-08	0
9.57499000767e-08	0
9.57930476687e-08	0
9.58361952607e-08	0
9.58793428527e-08	0
9.59224904447e-08	0
9.59656380367e-08	0
9.60087856287e-08	0
9.60519332207e-08	0
9.60950808126e-08	0
9.61382284046e-08	0
9.61813759966e-08	0
9.62245235886e-08	0
9.62676711806e-08	0
9.63108187726e-08	0
9.63539663646e-08	0
9.63971139566e-08	0
9.64402615486e-08	0
9.64834091406e-08	0
9.65265567326e-08	0
9.65697043245e-08	0
9.66128519165e-08	0
9.66559995085e-08	0
9.66991471005e-08	0
9.67422946925e-08	0
9.67854422845e-08	0
9.68285898765e-08	0
9.68717374685e-08	0
9.69148850605e-08	0
9.69580326525e-08	0
9.70011802445e-08	0
9.70443278364e-08	0
9.70874754284e-08	0
9.71306230204e-08	0
9.71737706124e-08	0
9.72169182044e-08	0
9.72600657964e-08	0
9.73032133884e-08	0
9.73463609804e-08	0
9.73895085724e-08	0
9.74326561644e-08	0
9.74758037564e-08	0
9.75189513483e-08	0
9.75620989403e-08	0
9.76052465323e-08	0
9.76483941243e-08	0
9.76915417163e-08	0
9.77346893083e-08	0
9.77778369003e-08	0
9.78209844923e-08	0
9.78641320843e-08	0
9.79072796763e-08	0
9.79504272683e-08	0
9.79935748602e-08	0
9.80367224522e-08	0
9.80798700442e-08	0
9.81230176362e-08	0
9.81661652282e-08	0
9.82093128202e-08	0
9.82524604122e-08	0
9.82956080042e-08	0
9.83387555962e-08	0
9.83819031882e-08	0
9.84250507802e-08	0
9.84681983721e-08	0
9.85113459641e-08	0
9.85544935561e-08	0
9.85976411481e-08	0
9.86407887401e-08	0
9.86839363321e-08	0
9.87270839241e-08	0
9.87702315161e-08	0
9.88133791081e-08	0
9.88565267001e-08	0
9.88996742921e-08	0
9.8942821884e-08	0
9.8985969476e-08	0
9.9029117068e-08	0
9.907226466e-08	0
9.9115412252e-08	0
9.9158559844e-08	0
9.9201707436e-08	0
9.9244855028e-08	0
9.928800262e-08	0
9.9331150212e-08	0
9.9374297804e-08	0
9.94174453959e-08	0
9.94605929879e-08	0
9.95037405799e-08	0
9.95468881719e-08	0
9.95900357639e-08	0
9.96331833559e-08	0
9.96763309479e-08	0
9.97194785399e-08	0
9.97626261319e-08	0
9.98057737239e-08	0
9.98489213159e-08	0
9.98920689078e-08	0
9.99352164998e-08	0
9.99783640918e-08	0
1.00021511684e-07	0
1.00064659276e-07	0
1.00107806868e-07	0
1.0015095446e-07	0
1.00194102052e-07	0
1.00237249644e-07	0
1.00280397236e-07	0
1.00323544828e-07	0
1.0036669242e-07	0
1.00409840012e-07	0
1.00452987604e-07	0
1.00496135196e-07	0
1.00539282788e-07	0
1.0058243038e-07	0
1.00625577972e-07	0
1.00668725564e-07	0
1.00711873156e-07	0
1.00755020748e-07	0
1.0079816834e-07	0
1.00841315932e-07	0
1.00884463524e-07	0
1.00927611116e-07	0
1.00970758708e-07	0
1.010139063e-07	0
1.01057053892e-07	0
1.01100201484e-07	0
1.01143349076e-07	0
1.01186496668e-07	0
1.0122964426e-07	0
1.01272791852e-07	0
1.01315939444e-07	0
1.01359087036e-07	0
1.01402234628e-07	0
1.0144538222e-07	0
1.01488529812e-07	0
1.01531677403e-07	0
1.01574824995e-07	0
1.01617972587e-07	0
1.01661120179e-07	0
1.01704267771e-07	0
1.01747415363e-07	0
1.01790562955e-07	0
1.01833710547e-07	0
1.01876858139e-07	0
1.01920005731e-07	0
1.01963153323e-07	0
1.02006300915e-07	0
1.02049448507e-07	0
1.02092596099e-07	0
1.02135743691e-07	0
1.02178891283e-07	0
1.02222038875e-07	0
1.02265186467e-07	0
1.02308334059e-07	0
1.02351481651e-07	0
1.02394629243e-07	0
1.02437776835e-07	0
1.02480924427e-07	0
1.02524072019e-07	0
1.02567219611e-07	0
1.02610367203e-07	0
1.02653514795e-07	0
1.02696662387e-07	0
1.02739809979e-07	0
1.02782957571e-07	0
1.02826105163e-07	0
1.02869252755e-07	0
1.02912400347e-07	0
1.02955547939e-07	0
1.02998695531e-07	0
1.03041843123e-07	0
1.03084990715e-07	0
1.03128138307e-07	0
1.03171285899e-07	0
1.03214433491e-07	0
1.03257581083e-07	0
1.03300728675e-07	0
1.03343876267e-07	0
1.03387023859e-07	0
1.03430171451e-07	0
1.03473319043e-07	0
1.03516466635e-07	0
1.03559614227e-07	0
1.03602761819e-07	0
1.03645909411e-07	0
1.03689057003e-07	0
1.03732204595e-07	0
1.03775352187e-07	0
1.03818499779e-07	0
1.03861647371e-07	0
1.03904794963e-07	0
1.03947942555e-07	0
1.03991090147e-07	0
1.04034237739e-07	0
1.04077385331e-07	0
1.04120532923e-07	0
1.04163680515e-07	0
1.04206828107e-07	0
1.04249975699e-07	0
1.04293123291e-07	0
1.04336270883e-07	0
1.04379418475e-07	0
1.04422566067e-07	0
1.04465713659e-07	0
1.04508861251e-07	0
1.04552008843e-07	0
1.04595156435e-07	0
1.04638304027e-07	0
1.04681451619e-07	0
1.04724599211e-07	0
1.04767746803e-07	0
1.04810894395e-07	0
1.04854041987e-07	0
1.04897189579e-07	0
1.04940337171e-07	0
1.04983484763e-07	0
1.05026632355e-07	0
1.05069779947e-07	0
1.05112927539e-07	0
1.05156075131e-07	0
1.05199222723e-07	0
1.05242370315e-07	0
1.05285517907e-07	0
1.05328665499e-07	0
1.05371813091e-07	0
1.05414960683e-07	0
1.05458108275e-07	0
1.05501255867e-07	0
1.05544403459e-07	0
1.05587551051e-07	0
1.05630698643e-07	0
1.05673846235e-07	0
1.05716993827e-07	0
1.05760141419e-07	0
1.05803289011e-07	0
1.05846436603e-07	0
1.05889584195e-07	0
1.05932731787e-07	0
1.05975879379e-07	0
1.06019026971e-07	0
1.06062174563e-07	0
1.06105322155e-07	0
1.06148469747e-07	0
1.06191617339e-07	0
1.0623476493e-07	0
1.06277912522e-07	0
1.06321060114e-07	0
1.06364207706e-07	0
1.06407355298e-07	0
1.0645050289e-07	0
1.06493650482e-07	0
1.06536798074e-07	0
1.06579945666e-07	0
1.06623093258e-07	0
1.0666624085e-07	0
1.06709388442e-07	0
1.06752536034e-07	0
1.06795683626e-07	0
1.06838831218e-07	0
1.0688197881e-07	0
1.06925126402e-07	0
1.06968273994e-07	0
1.07011421586e-07	0
1.07054569178e-07	0
1.0709771677e-07	0
1.07140864362e-07	0
1.07184011954e-07	0
1.07227159546e-07	0
1.07270307138e-07	0
1.0731345473e-07	0
1.07356602322e-07	0
1.07399749914e-07	0
1.07442897506e-07	0
1.07486045098e-07	0
1.0752919269e-07	0
1.07572340282e-07	0
1.07615487874e-07	0
1.07658635466e-07	0
1.07701783058e-07	0
1.0774493065e-07	0
1.07788078242e-07	0
1.07831225834e-07	0
1.07874373426e-07	0
1.07917521018e-07	0
1.0796066861e-07	0
1.08003816202e-07	0
1.08046963794e-07	0
1.08090111386e-07	0
1.08133258978e-07	0
1.0817640657e-07	0
1.08219554162e-07	0
1.08262701754e-07	0
1.08305849346e-07	0
1.08348996938e-07	0
1.0839214453e-07	0
1.08435292122e-07	0
1.08478439714e-07	0
1.08521587306e-07	0
1.08564734898e-07	0
1.0860788249e-07	0
1.08651030082e-07	0
1.08694177674e-07	0
1.08737325266e-07	0
1.08780472858e-07	0
1.0882362045e-07	0
1.08866768042e-07	0
1.08909915634e-07	0
1.08953063226e-07	0
1.08996210818e-07	0
1.0903935841e-07	0
1.09082506002e-07	0
1.09125653594e-07	0
1.09168801186e-07	0
1.09211948778e-07	0
1.0925509637e-07	0
1.09298243962e-07	0
1.09341391554e-07	0
1.09384539146e-07	0
1.09427686738e-07	0
1.0947083433e-07	0
1.09513981922e-07	0
1.09557129514e-07	0
1.09600277106e-07	0
1.09643424698e-07	0
1.0968657229e-07	0
1.09729719882e-07	0
1.09772867474e-07	0
1.09816015066e-07	0
1.09859162658e-07	0
1.0990231025e-07	0
1.09945457842e-07	0
1.09988605434e-07	0
1.10031753026e-07	0
1.10074900618e-07	0
1.1011804821e-07	0
1.10161195802e-07	0
1.10204343394e-07	0
1.10247490986e-07	0
1.10290638578e-07	0
1.1033378617e-07	0
1.10376933762e-07	0
1.10420081354e-07	0
1.10463228946e-07	0
1.10506376538e-07	0
1.1054952413e-07	0
1.10592671722e-07	0
1.10635819314e-07	0
1.10678966906e-07	0
1.10722114498e-07	0
1.1076526209e-07	0
1.10808409682e-07	0
1.10851557274e-07	0
1.10894704866e-07	0
1.10937852458e-07	0
1.10981000049e-07	0
1.11024147641e-07	0
1.11067295233e-07	0
1.11110442825e-07	0
1.11153590417e-07	0
1.11196738009e-07	0
1.11239885601e-07	0
1.11283033193e-07	0
1.11326180785e-07	0
1.11369328377e-07	0
1.11412475969e-07	0
1.11455623561e-07	0
1.11498771153e-07	0
1.11541918745e-07	0
1.11585066337e-07	0
1.11628213929e-07	0
1.11671361521e-07	0
1.11714509113e-07	0
1.11757656705e-07	0
1.11800804297e-07	0
1.11843951889e-07	0
1.11887099481e-07	0
1.11930247073e-07	0
1.11973394665e-07	0
1.12016542257e-07	0
1.12059689849e-07	0
1.12102837441e-07	0
1.12145985033e-07	0
1.12189132625e-07	0
1.12232280217e-07	0
1.12275427809e-07	0
1.12318575401e-07	0
1.12361722993e-07	0
1.12404870585e-07	0
1.12448018177e-07	0
1.12491165769e-07	0
1.12534313361e-07	0
1.12577460953e-07	0
1.12620608545e-07	0
1.12663756137e-07	0
1.12706903729e-07	0
1.12750051321e-07	0
1.12793198913e-07	0
1.12836346505e-07	0
1.12879494097e-07	0
1.12922641689e-07	0
1.12965789281e-07	0
1.13008936873e-07	0
1.13052084465e-07	0
1.13095232057e-07	0
1.13138379649e-07	0
1.13181527241e-07	0
1.13224674833e-07	0
1.13267822425e-07	0
1.13310970017e-07	0
1.13354117609e-07	0
1.13397265201e-07	0
1.13440412793e-07	0
1.13483560385e-07	0
1.13526707977e-07	0
1.13569855569e-07	0
1.13613003161e-07	0
1.13656150753e-07	0
1.13699298345e-07	0
1.13742445937e-07	0
1.13785593529e-07	0
1.13828741121e-07	0
1.13871888713e-07	0
1.13915036305e-07	0
1.13958183897e-07	0
1.14001331489e-07	0
1.14044479081e-07	0
1.14087626673e-07	0
1.14130774265e-07	0
1.14173921857e-07	0
1.14217069449e-07	0
1.14260217041e-07	0
1.14303364633e-07	0
1.14346512225e-07	0
1.14389659817e-07	0
1.14432807409e-07	0
1.14475955001e-07	0
1.14519102593e-07	0
1.14562250185e-07	0
1.14605397777e-07	0
1.14648545369e-07	0
1.14691692961e-07	0
1.14734840553e-07	0
1.14777988145e-07	0
1.14821135737e-07	0
1.14864283329e-07	0
1.14907430921e-07	0
1.14950578513e-07	0
1.14993726105e-07	0
1.15036873697e-07	0
1.15080021289e-07	0
1.15123168881e-07	0
1.15166316473e-07	0
1.15209464065e-07	0
1.15252611657e-07	0
1.15295759249e-07	0
1.15338906841e-07	0
1.15382054433e-07	0
1.15425202025e-07	0
1.15468349617e-07	0
1.15511497209e-07	0
1.15554644801e-07	0
1.15597792393e-07	0
1.15640939985e-07	0
1.15684087576e-07	0
1.15727235168e-07	0
1.1577038276e-07	0
1.15813530352e-07	0
1.15856677944e-07	0
1.15899825536e-07	0
1.15942973128e-07	0
1.1598612072e-07	0
1.16029268312e-07	0
1.16072415904e-07	0
1.16115563496e-07	0
1.16158711088e-07	0
1.1620185868e-07	0
1.16245006272e-07	0
1.16288153864e-07	0
1.16331301456e-07	0
1.16374449048e-07	0
1.1641759664e-07	0
1.16460744232e-07	0
1.16503891824e-07	0
1.16547039416e-07	0
1.16590187008e-07	0
1.166333346e-07	0
1.16676482192e-07	0
1.16719629784e-07	0
1.16762777376e-07	0
1.16805924968e-07	0
1.1684907256e-07	0
1.16892220152e-07	0
1.16935367744e-07	0
1.16978515336e-07	0
1.17021662928e-07	0
1.1706481052e-07	0
1.17107958112e-07	0
1.17151105704e-07	0
1.17194253296e-07	0
1.17237400888e-07	0
1.1728054848e-07	0
1.17323696072e-07	0
1.17366843664e-07	0
1.17409991256e-07	0
1.17453138848e-07	0
1.1749628644e-07	0
1.17539434032e-07	0
1.17582581624e-07	0
1.17625729216e-07	0
1.17668876808e-07	0
1.177120244e-07	0
1.17755171992e-07	0
1.17798319584e-07	0
1.17841467176e-07	0
1.17884614768e-07	0
1.1792776236e-07	0
1.17970909952e-07	0
1.18014057544e-07	0
1.18057205136e-07	0
1.18100352728e-07	0
1.1814350032e-07	0
1.18186647912e-07	0
1.18229795504e-07	0
1.18272943096e-07	0
1.18316090688e-07	0
1.1835923828e-07	0
1.18402385872e-07	0
1.18445533464e-07	0
1.18488681056e-07	0
1.18531828648e-07	0
1.1857497624e-07	0
1.18618123832e-07	0
1.18661271424e-07	0
1.18704419016e-07	0
1.18747566608e-07	0
1.187907142e-07	0
1.18833861792e-07	0
1.18877009384e-07	0
1.18920156976e-07	0
1.18963304568e-07	0
1.1900645216e-07	0
1.19049599752e-07	0
1.19092747344e-07	0
1.19135894936e-07	0
1.19179042528e-07	0
1.1922219012e-07	0
1.19265337712e-07	0
1.19308485304e-07	0
1.19351632896e-07	0
1.19394780488e-07	0
1.1943792808e-07	0
1.19481075672e-07	0
1.19524223264e-07	0
1.19567370856e-07	0
1.19610518448e-07	0
1.1965366604e-07	0
1.19696813632e-07	0
1.19739961224e-07	0
1.19783108816e-07	0
1.19826256408e-07	0
1.19869404e-07	0
1.19912551592e-07	0
1.19955699184e-07	0
1.19998846776e-07	0
1.20041994368e-07	0
1.2008514196e-07	0
1.20128289552e-07	0
1.20171437144e-07	0
1.20214584736e-07	0
1.20257732328e-07	0
1.2030087992e-07	0
1.20344027512e-07	0
1.20387175103e-07	0
1.20430322695e-07	0
1.20473470287e-07	0
1.20516617879e-07	0
1.20559765471e-07	0
1.20602913063e-07	0
1.20646060655e-07	0
1.20689208247e-07	0
1.20732355839e-07	0
1.20775503431e-07	0
1.20818651023e-07	0
1.20861798615e-07	0
1.20904946207e-07	0
1.20948093799e-07	0
1.20991241391e-07	0
1.21034388983e-07	0
1.21077536575e-07	0
1.21120684167e-07	0
1.21163831759e-07	0
1.21206979351e-07	0
1.21250126943e-07	0
1.21293274535e-07	0
1.21336422127e-07	0
1.21379569719e-07	0
1.21422717311e-07	0
1.21465864903e-07	0
1.21509012495e-07	0
1.21552160087e-07	0
1.21595307679e-07	0
1.21638455271e-07	0
1.21681602863e-07	0
1.21724750455e-07	0
1.21767898047e-07	0
1.21811045639e-07	0
1.21854193231e-07	0
1.21897340823e-07	0
1.21940488415e-07	0
1.21983636007e-07	0
1.22026783599e-07	0
1.22069931191e-07	0
1.22113078783e-07	0
1.22156226375e-07	0
1.22199373967e-07	0
1.22242521559e-07	0
1.22285669151e-07	0
1.22328816743e-07	0
1.22371964335e-07	0
1.22415111927e-07	0
1.22458259519e-07	0
1.22501407111e-07	0
1.22544554703e-07	0
1.22587702295e-07	0
1.22630849887e-07	0
1.22673997479e-07	0
1.22717145071e-07	0
1.22760292663e-07	0
1.22803440255e-07	0
1.22846587847e-07	0
1.22889735439e-07	0
1.22932883031e-07	0
1.22976030623e-07	0
1.23019178215e-07	0
1.23062325807e-07	0
1.23105473399e-07	0
1.23148620991e-07	0
1.23191768583e-07	0
1.23234916175e-07	0
1.23278063767e-07	0
1.23321211359e-07	0
1.23364358951e-07	0
1.23407506543e-07	0
1.23450654135e-07	0
1.23493801727e-07	0
1.23536949319e-07	0
1.23580096911e-07	0
1.23623244503e-07	0
1.23666392095e-07	0
1.23709539687e-07	0
1.23752687279e-07	0
1.23795834871e-07	0
1.23838982463e-07	0
1.23882130055e-07	0
1.23925277647e-07	0
1.23968425239e-07	0
1.24011572831e-07	0
1.24054720423e-07	0
1.24097868015e-07	0
1.24141015607e-07	0
1.24184163199e-07	0
1.24227310791e-07	0
1.24270458383e-07	0
1.24313605975e-07	0
1.24356753567e-07	0
1.24399901159e-07	0
1.24443048751e-07	0
1.24486196343e-07	0
1.24529343935e-07	0
1.24572491527e-07	0
1.24615639119e-07	0
1.24658786711e-07	0
1.24701934303e-07	0
1.24745081895e-07	0
1.24788229487e-07	0
1.24831377079e-07	0
1.24874524671e-07	0
1.24917672263e-07	0
1.24960819855e-07	0
1.25003967447e-07	0
1.25047115039e-07	0
1.25090262631e-07	0
1.25133410222e-07	0
1.25176557814e-07	0
1.25219705406e-07	0
1.25262852998e-07	0
1.2530600059e-07	0
1.25349148182e-07	0
1.25392295774e-07	0
1.25435443366e-07	0
1.25478590958e-07	0
1.2552173855e-07	0
1.25564886142e-07	0
1.25608033734e-07	0
1.25651181326e-07	0
1.25694328918e-07	0
1.2573747651e-07	0
1.25780624102e-07	0
1.25823771694e-07	0
1.25866919286e-07	0
1.25910066878e-07	0
1.2595321447e-07	0
1.25996362062e-07	0
1.26039509654e-07	0
1.26082657246e-07	0
1.26125804838e-07	0
1.2616895243e-07	0
1.26212100022e-07	0
1.26255247614e-07	0
1.26298395206e-07	0
1.26341542798e-07	0
1.2638469039e-07	0
1.26427837982e-07	0
1.26470985574e-07	0
1.26514133166e-07	0
1.26557280758e-07	0
1.2660042835e-07	0
1.26643575942e-07	0
1.26686723534e-07	0
1.26729871126e-07	0
1.26773018718e-07	0
1.2681616631e-07	0
1.26859313902e-07	0
1.26902461494e-07	0
1.26945609086e-07	0
1.26988756678e-07	0
1.2703190427e-07	0
1.27075051862e-07	0
1.27118199454e-07	0
1.27161347046e-07	0
1.27204494638e-07	0
1.2724764223e-07	0
1.27290789822e-07	0
1.27333937414e-07	0
1.27377085006e-07	0
1.27420232598e-07	0
1.2746338019e-07	0
1.27506527782e-07	0
1.27549675374e-07	0
1.27592822966e-07	0
1.27635970558e-07	0
1.2767911815e-07	0
1.27722265742e-07	0
1.27765413334e-07	0
1.27808560926e-07	0
1.27851708518e-07	0
1.2789485611e-07	0
1.27938003702e-07	0
1.27981151294e-07	0
1.28024298886e-07	0
1.28067446478e-07	0
1.2811059407e-07	0
1.28153741662e-07	0
1.28196889254e-07	0
1.28240036846e-07	0
1.28283184438e-07	0
1.2832633203e-07	0
1.28369479622e-07	0
1.28412627214e-07	0
1.28455774806e-07	0
1.28498922398e-07	0
1.2854206999e-07	0
1.28585217582e-07	0
1.28628365174e-07	0
1.28671512766e-07	0
1.28714660358e-07	0
1.2875780795e-07	0
1.28800955542e-07	0
1.28844103134e-07	0
1.28887250726e-07	0
1.28930398318e-07	0
1.2897354591e-07	0
1.29016693502e-07	0
1.29059841094e-07	0
1.29102988686e-07	0
1.29146136278e-07	0
1.2918928387e-07	0
1.29232431462e-07	0
1.29275579054e-07	0
1.29318726646e-07	0
1.29361874238e-07	0
1.2940502183e-07	0
1.29448169422e-07	0
1.29491317014e-07	0
1.29534464606e-07	0
1.29577612198e-07	0
1.2962075979e-07	0
1.29663907382e-07	0
1.29707054974e-07	0
1.29750202566e-07	0
1.29793350158e-07	0
1.29836497749e-07	0
1.29879645341e-07	0
1.29922792933e-07	0
1.29965940525e-07	0
1.30009088117e-07	0
1.30052235709e-07	0
1.30095383301e-07	0
1.30138530893e-07	0
1.30181678485e-07	0
1.30224826077e-07	0
1.30267973669e-07	0
1.30311121261e-07	0
1.30354268853e-07	0
1.30397416445e-07	0
1.30440564037e-07	0
1.30483711629e-07	0
1.30526859221e-07	0
1.30570006813e-07	0
1.30613154405e-07	0
1.30656301997e-07	0
1.30699449589e-07	0
1.30742597181e-07	0
1.30785744773e-07	0
1.30828892365e-07	0
1.30872039957e-07	0
1.30915187549e-07	0
1.30958335141e-07	0
1.31001482733e-07	0
1.31044630325e-07	0
1.31087777917e-07	0
1.31130925509e-07	0
1.31174073101e-07	0
1.31217220693e-07	0
1.31260368285e-07	0
1.31303515877e-07	0
1.31346663469e-07	0
1.31389811061e-07	0
1.31432958653e-07	0
1.31476106245e-07	0
1.31519253837e-07	0
1.31562401429e-07	0
1.31605549021e-07	0
1.31648696613e-07	0
1.31691844205e-07	0
1.31734991797e-07	0
1.31778139389e-07	0
1.31821286981e-07	0
1.31864434573e-07	0
1.31907582165e-07	0
1.31950729757e-07	0
1.31993877349e-07	0
1.32037024941e-07	0
1.32080172533e-07	0
1.32123320125e-07	0
1.32166467717e-07	0
1.32209615309e-07	0
1.32252762901e-07	0
1.32295910493e-07	0
1.32339058085e-07	0
1.32382205677e-07	0
1.32425353269e-07	0
1.32468500861e-07	0
1.32511648453e-07	0
1.32554796045e-07	0
1.32597943637e-07	0
1.32641091229e-07	0
1.32684238821e-07	0
1.32727386413e-07	0
1.32770534005e-07	0
1.32813681597e-07	0
1.32856829189e-07	0
1.32899976781e-07	0
1.32943124373e-07	0
1.32986271965e-07	0
1.33029419557e-07	0
1.33072567149e-07	0
1.33115714741e-07	0
1.33158862333e-07	0
1.33202009925e-07	0
1.33245157517e-07	0
1.33288305109e-07	0
1.33331452701e-07	0
1.33374600293e-07	0
1.33417747885e-07	0
1.33460895477e-07	0
1.33504043069e-07	0
1.33547190661e-07	0
1.33590338253e-07	0
1.33633485845e-07	0
1.33676633437e-07	0
1.33719781029e-07	0
1.33762928621e-07	0
1.33806076213e-07	0
1.33849223805e-07	0
1.33892371397e-07	0
1.33935518989e-07	0
1.33978666581e-07	0
1.34021814173e-07	0
1.34064961765e-07	0
1.34108109357e-07	0
1.34151256949e-07	0
1.34194404541e-07	0
1.34237552133e-07	0
1.34280699725e-07	0
1.34323847317e-07	0
1.34366994909e-07	0
1.34410142501e-07	0
1.34453290093e-07	0
1.34496437685e-07	0
1.34539585277e-07	0
1.34582732868e-07	0
1.3462588046e-07	0
1.34669028052e-07	0
1.34712175644e-07	0
1.34755323236e-07	0
1.34798470828e-07	0
1.3484161842e-07	0
1.34884766012e-07	0
1.34927913604e-07	0
1.34971061196e-07	0
1.35014208788e-07	0
1.3505735638e-07	0
1.35100503972e-07	0
1.35143651564e-07	0
1.35186799156e-07	0
1.35229946748e-07	0
1.3527309434e-07	0
1.35316241932e-07	0
1.35359389524e-07	0
1.35402537116e-07	0
1.35445684708e-07	0
1.354888323e-07	0
1.35531979892e-07	0
1.35575127484e-07	0
1.35618275076e-07	0
1.35661422668e-07	0
1.3570457026e-07	0
1.35747717852e-07	0
1.35790865444e-07	0
1.35834013036e-07	0
1.35877160628e-07	0
1.3592030822e-07	0
1.35963455812e-07	0
1.36006603404e-07	0
1.36049750996e-07	0
1.36092898588e-07	0
1.3613604618e-07	0
1.36179193772e-07	0
1.36222341364e-07	0
1.36265488956e-07	0
1.36308636548e-07	0
1.3635178414e-07	0
1.36394931732e-07	0
1.36438079324e-07	0
1.36481226916e-07	0
1.36524374508e-07	0
1.365675221e-07	0
1.36610669692e-07	0
1.36653817284e-07	0
1.36696964876e-07	0
1.36740112468e-07	0
1.3678326006e-07	0
1.36826407652e-07	0
1.36869555244e-07	0
1.36912702836e-07	0
1.36955850428e-07	0
1.3699899802e-07	0
1.37042145612e-07	0
1.37085293204e-07	0
1.37128440796e-07	0
1.37171588388e-07	0
1.3721473598e-07	0
1.37257883572e-07	0
1.37301031164e-07	0
1.37344178756e-07	0
1.37387326348e-07	0
1.3743047394e-07	0
1.37473621532e-07	0
1.37516769124e-07	0
1.37559916716e-07	0
1.37603064308e-07	0
1.376462119e-07	0
1.37689359492e-07	0
1.37732507084e-07	0
1.37775654676e-07	0
1.37818802268e-07	0
1.3786194986e-07	0
1.37905097452e-07	0
1.37948245044e-07	0
1.37991392636e-07	0
1.38034540228e-07	0
1.3807768782e-07	0
1.38120835412e-07	0
1.38163983004e-07	0
1.38207130596e-07	0
1.38250278188e-07	0
1.3829342578e-07	0
1.38336573372e-07	0
1.38379720964e-07	0
1.38422868556e-07	0
1.38466016148e-07	0
1.3850916374e-07	0
1.38552311332e-07	0
1.38595458924e-07	0
1.38638606516e-07	0
1.38681754108e-07	0
1.387249017e-07	0
1.38768049292e-07	0
1.38811196884e-07	0
1.38854344476e-07	0
1.38897492068e-07	0
1.3894063966e-07	0
1.38983787252e-07	0
1.39026934844e-07	0
1.39070082436e-07	0
1.39113230028e-07	0
1.3915637762e-07	0
1.39199525212e-07	0
1.39242672804e-07	0
1.39285820395e-07	0
1.39328967987e-07	0
1.39372115579e-07	0
1.39415263171e-07	0
1.39458410763e-07	0
1.39501558355e-07	0
1.39544705947e-07	0
1.39587853539e-07	0
1.39631001131e-07	0
1.39674148723e-07	0
1.39717296315e-07	0
1.39760443907e-07	0
1.39803591499e-07	0
1.39846739091e-07	0
1.39889886683e-07	0
1.39933034275e-07	0
1.39976181867e-07	0
1.40019329459e-07	0
1.40062477051e-07	0
1.40105624643e-07	0
1.40148772235e-07	0
1.40191919827e-07	0
1.40235067419e-07	0
1.40278215011e-07	0
1.40321362603e-07	0
1.40364510195e-07	0
1.40407657787e-07	0
1.40450805379e-07	0
1.40493952971e-07	0
1.40537100563e-07	0
1.40580248155e-07	0
1.40623395747e-07	0
1.40666543339e-07	0
1.40709690931e-07	0
1.40752838523e-07	0
1.40795986115e-07	0
1.40839133707e-07	0
1.40882281299e-07	0
1.40925428891e-07	0
1.40968576483e-07	0
1.41011724075e-07	0
1.41054871667e-07	0
1.41098019259e-07	0
1.41141166851e-07	0
1.41184314443e-07	0
1.41227462035e-07	0
1.41270609627e-07	0
1.41313757219e-07	0
1.41356904811e-07	0
1.41400052403e-07	0
1.41443199995e-07	0
1.41486347587e-07	0
1.41529495179e-07	0
1.41572642771e-07	0
1.41615790363e-07	0
1.41658937955e-07	0
1.41702085547e-07	0
1.41745233139e-07	0
1.41788380731e-07	0
1.41831528323e-07	0
1.41874675915e-07	0
1.41917823507e-07	0
1.41960971099e-07	0
1.42004118691e-07	0
1.42047266283e-07	0
1.42090413875e-07	0
1.42133561467e-07	0
1.42176709059e-07	0
1.42219856651e-07	0
1.42263004243e-07	0
1.42306151835e-07	0
1.42349299427e-07	0
1.42392447019e-07	0
1.42435594611e-07	0
1.42478742203e-07	0
1.42521889795e-07	0
1.42565037387e-07	0
1.42608184979e-07	0
1.42651332571e-07	0
1.42694480163e-07	0
1.42737627755e-07	0
1.42780775347e-07	0
1.42823922939e-07	0
1.42867070531e-07	0
1.42910218123e-07	0
1.42953365715e-07	0
1.42996513307e-07	0
1.43039660899e-07	0
1.43082808491e-07	0
1.43125956083e-07	0
1.43169103675e-07	0
1.43212251267e-07	0
1.43255398859e-07	0
1.43298546451e-07	0
1.43341694043e-07	0
1.43384841635e-07	0
1.43427989227e-07	0
1.43471136819e-07	0
1.43514284411e-07	0
1.43557432003e-07	0
1.43600579595e-07	0
1.43643727187e-07	0
1.43686874779e-07	0
1.43730022371e-07	0
1.43773169963e-07	0
1.43816317555e-07	0
1.43859465147e-07	0
1.43902612739e-07	0
1.43945760331e-07	0
1.43988907923e-07	0
1.44032055514e-07	0
1.44075203106e-07	0
1.44118350698e-07	0
1.4416149829e-07	0
1.44204645882e-07	0
1.44247793474e-07	0
1.44290941066e-07	0
1.44334088658e-07	0
1.4437723625e-07	0
1.44420383842e-07	0
1.44463531434e-07	0
1.44506679026e-07	0
1.44549826618e-07	0
1.4459297421e-07	0
1.44636121802e-07	0
1.44679269394e-07	0
1.44722416986e-07	0
1.44765564578e-07	0
1.4480871217e-07	0
1.44851859762e-07	0
1.44895007354e-07	0
1.44938154946e-07	0
1.44981302538e-07	0
1.4502445013e-07	0
1.45067597722e-07	0
1.45110745314e-07	0
1.45153892906e-07	0
1.45197040498e-07	0
1.4524018809e-07	0
1.45283335682e-07	0
1.45326483274e-07	0
1.45369630866e-07	0
1.45412778458e-07	0
1.4545592605e-07	0
1.45499073642e-07	0
1.45542221234e-07	0
1.45585368826e-07	0
1.45628516418e-07	0
1.4567166401e-07	0
1.45714811602e-07	0
1.45757959194e-07	0
1.45801106786e-07	0
1.45844254378e-07	0
1.4588740197e-07	0
1.45930549562e-07	0
1.45973697154e-07	0
1.46016844746e-07	0
1.46059992338e-07	0
1.4610313993e-07	0
1.46146287522e-07	0
1.46189435114e-07	0
1.46232582706e-07	0
1.46275730298e-07	0
1.4631887789e-07	0
1.46362025482e-07	0
1.46405173074e-07	0
1.46448320666e-07	0
1.46491468258e-07	0
1.4653461585e-07	0
1.46577763442e-07	0
1.46620911034e-07	0
1.46664058626e-07	0
1.46707206218e-07	0
1.4675035381e-07	0
1.46793501402e-07	0
1.46836648994e-07	0
1.46879796586e-07	0
1.46922944178e-07	0
1.4696609177e-07	0
1.47009239362e-07	0
1.47052386954e-07	0
1.47095534546e-07	0
1.47138682138e-07	0
1.4718182973e-07	0
1.47224977322e-07	0
1.47268124914e-07	0
1.47311272506e-07	0
1.47354420098e-07	0
1.4739756769e-07	0
1.47440715282e-07	0
1.47483862874e-07	0
1.47527010466e-07	0
1.47570158058e-07	0
1.4761330565e-07	0
1.47656453242e-07	0
1.47699600834e-07	0
1.47742748426e-07	0
1.47785896018e-07	0
1.4782904361e-07	0
1.47872191202e-07	0
1.47915338794e-07	0
1.47958486386e-07	0
1.48001633978e-07	0
1.4804478157e-07	0
1.48087929162e-07	0
1.48131076754e-07	0
1.48174224346e-07	0
1.48217371938e-07	0
1.4826051953e-07	0
1.48303667122e-07	0
1.48346814714e-07	0
1.48389962306e-07	0
1.48433109898e-07	0
1.4847625749e-07	0
1.48519405082e-07	0
1.48562552674e-07	0
1.48605700266e-07	0
1.48648847858e-07	0
1.4869199545e-07	0
1.48735143041e-07	0
1.48778290633e-07	0
1.48821438225e-07	0
1.48864585817e-07	0
1.48907733409e-07	0
1.48950881001e-07	0
1.48994028593e-07	0
1.49037176185e-07	0
1.49080323777e-07	0
1.49123471369e-07	0
1.49166618961e-07	0
1.49209766553e-07	0
1.49252914145e-07	0
1.49296061737e-07	0
1.49339209329e-07	0
1.49382356921e-07	0
1.49425504513e-07	0
1.49468652105e-07	0
1.49511799697e-07	0
1.49554947289e-07	0
1.49598094881e-07	0
1.49641242473e-07	0
1.49684390065e-07	0
1.49727537657e-07	0
1.49770685249e-07	0
1.49813832841e-07	0
1.49856980433e-07	0
1.49900128025e-07	0
1.49943275617e-07	0
1.49986423209e-07	0
1.50029570801e-07	0
1.50072718393e-07	0
1.50115865985e-07	0
1.50159013577e-07	0
1.50202161169e-07	0
1.50245308761e-07	0
1.50288456353e-07	0
1.50331603945e-07	0
1.50374751537e-07	0
1.50417899129e-07	0
1.50461046721e-07	0
1.50504194313e-07	0
1.50547341905e-07	0
1.50590489497e-07	0
1.50633637089e-07	0
1.50676784681e-07	0
1.50719932273e-07	0
1.50763079865e-07	0
1.50806227457e-07	0
1.50849375049e-07	0
1.50892522641e-07	0
1.50935670233e-07	0
1.50978817825e-07	0
1.51021965417e-07	0
1.51065113009e-07	0
1.51108260601e-07	0
1.51151408193e-07	0
1.51194555785e-07	0
1.51237703377e-07	0
1.51280850969e-07	0
1.51323998561e-07	0
1.51367146153e-07	0
1.51410293745e-07	0
1.51453441337e-07	0
1.51496588929e-07	0
1.51539736521e-07	0
1.51582884113e-07	0
1.51626031705e-07	0
1.51669179297e-07	0
1.51712326889e-07	0
1.51755474481e-07	0
1.51798622073e-07	0
1.51841769665e-07	0
1.51884917257e-07	0
1.51928064849e-07	0
1.51971212441e-07	0
1.52014360033e-07	0
1.52057507625e-07	0
1.52100655217e-07	0
1.52143802809e-07	0
1.52186950401e-07	0
1.52230097993e-07	0
1.52273245585e-07	0
1.52316393177e-07	0
1.52359540769e-07	0
1.52402688361e-07	0
1.52445835953e-07	0
1.52488983545e-07	0
1.52532131137e-07	0
1.52575278729e-07	0
1.52618426321e-07	0
1.52661573913e-07	0
1.52704721505e-07	0
1.52747869097e-07	0
1.52791016689e-07	0
1.52834164281e-07	0
1.52877311873e-07	0
1.52920459465e-07	0
1.52963607057e-07	0
1.53006754649e-07	0
1.53049902241e-07	0
1.53093049833e-07	0
1.53136197425e-07	0
1.53179345017e-07	0
1.53222492609e-07	0
1.53265640201e-07	0
1.53308787793e-07	0
1.53351935385e-07	0
1.53395082977e-07	0
1.53438230568e-07	0
1.5348137816e-07	0
1.53524525752e-07	0
1.53567673344e-07	0
1.53610820936e-07	0
1.53653968528e-07	0
1.5369711612e-07	0
1.53740263712e-07	0
1.53783411304e-07	0
1.53826558896e-07	0
1.53869706488e-07	0
1.5391285408e-07	0
1.53956001672e-07	0
1.53999149264e-07	0
1.54042296856e-07	0
1.54085444448e-07	0
1.5412859204e-07	0
1.54171739632e-07	0
1.54214887224e-07	0
1.54258034816e-07	0
1.54301182408e-07	0
1.5434433e-07	0
1.54387477592e-07	0
1.54430625184e-07	0
1.54473772776e-07	0
1.54516920368e-07	0
1.5456006796e-07	0
1.54603215552e-07	0
1.54646363144e-07	0
1.54689510736e-07	0
1.54732658328e-07	0
1.5477580592e-07	0
1.54818953512e-07	0
1.54862101104e-07	0
1.54905248696e-07	0
1.54948396288e-07	0
1.5499154388e-07	0
1.55034691472e-07	0
1.55077839064e-07	0
1.55120986656e-07	0
1.55164134248e-07	0
1.5520728184e-07	0
1.55250429432e-07	0
1.55293577024e-07	0
1.55336724616e-07	0
1.55379872208e-07	0
1.554230198e-07	0
1.55466167392e-07	0
1.55509314984e-07	0
1.55552462576e-07	0
1.55595610168e-07	0
1.5563875776e-07	0
1.55681905352e-07	0
1.55725052944e-07	0
1.55768200536e-07	0
1.55811348128e-07	0
1.5585449572e-07	0
1.55897643312e-07	0
1.55940790904e-07	0
1.55983938496e-07	0
1.56027086088e-07	0
1.5607023368e-07	0
1.56113381272e-07	0
1.56156528864e-07	0
1.56199676456e-07	0
1.56242824048e-07	0
1.5628597164e-07	0
1.56329119232e-07	0
1.56372266824e-07	0
1.56415414416e-07	0
1.56458562008e-07	0
1.565017096e-07	0
1.56544857192e-07	0
1.56588004784e-07	0
1.56631152376e-07	0
1.56674299968e-07	0
1.5671744756e-07	0
1.56760595152e-07	0
1.56803742744e-07	0
1.56846890336e-07	0
1.56890037928e-07	0
1.5693318552e-07	0
1.56976333112e-07	0
1.57019480704e-07	0
1.57062628296e-07	0
1.57105775888e-07	0
1.5714892348e-07	0
1.57192071072e-07	0
1.57235218664e-07	0
1.57278366256e-07	0
1.57321513848e-07	0
1.5736466144e-07	0
1.57407809032e-07	0
1.57450956624e-07	0
1.57494104216e-07	0
1.57537251808e-07	0
1.575803994e-07	0
1.57623546992e-07	0
1.57666694584e-07	0
1.57709842176e-07	0
1.57752989768e-07	0
1.5779613736e-07	0
1.57839284952e-07	0
1.57882432544e-07	0
1.57925580136e-07	0
1.57968727728e-07	0
1.5801187532e-07	0
1.58055022912e-07	0
1.58098170504e-07	0
1.58141318096e-07	0
1.58184465687e-07	0
1.58227613279e-07	0
1.58270760871e-07	0
1.58313908463e-07	0
1.58357056055e-07	0
1.58400203647e-07	0
1.58443351239e-07	0
1.58486498831e-07	0
1.58529646423e-07	0
1.58572794015e-07	0
1.58615941607e-07	0
1.58659089199e-07	0
1.58702236791e-07	0
1.58745384383e-07	0
1.58788531975e-07	0
1.58831679567e-07	0
1.58874827159e-07	0
1.58917974751e-07	0
1.58961122343e-07	0
1.59004269935e-07	0
1.59047417527e-07	0
1.59090565119e-07	0
1.59133712711e-07	0
1.59176860303e-07	0
1.59220007895e-07	0
1.59263155487e-07	0
1.59306303079e-07	0
1.59349450671e-07	0
1.59392598263e-07	0
1.59435745855e-07	0
1.59478893447e-07	0
1.59522041039e-07	0
1.59565188631e-07	0
1.59608336223e-07	0
1.59651483815e-07	0
1.59694631407e-07	0
1.59737778999e-07	0
1.59780926591e-07	0
1.59824074183e-07	0
1.59867221775e-07	0
1.59910369367e-07	0
1.59953516959e-07	0
1.59996664551e-07	0
1.60039812143e-07	0
1.60082959735e-07	0
1.60126107327e-07	0
1.60169254919e-07	0
1.60212402511e-07	0
1.60255550103e-07	0
1.60298697695e-07	0
1.60341845287e-07	0
1.60384992879e-07	0
1.60428140471e-07	0
1.60471288063e-07	0
1.60514435655e-07	0
1.60557583247e-07	0
1.60600730839e-07	0
1.60643878431e-07	0
1.60687026023e-07	0
1.60730173615e-07	0
1.60773321207e-07	0
1.60816468799e-07	0
1.60859616391e-07	0
1.60902763983e-07	0
1.60945911575e-07	0
1.60989059167e-07	0
1.61032206759e-07	0
1.61075354351e-07	0
1.61118501943e-07	0
1.61161649535e-07	0
1.61204797127e-07	0
1.61247944719e-07	0
1.61291092311e-07	0
1.61334239903e-07	0
1.61377387495e-07	0
1.61420535087e-07	0
1.61463682679e-07	0
1.61506830271e-07	0
1.61549977863e-07	0
1.61593125455e-07	0
1.61636273047e-07	0
1.61679420639e-07	0
1.61722568231e-07	0
1.61765715823e-07	0
1.61808863415e-07	0
1.61852011007e-07	0
1.61895158599e-07	0
1.61938306191e-07	0
1.61981453783e-07	0
1.62024601375e-07	0
1.62067748967e-07	0
1.62110896559e-07	0
1.62154044151e-07	0
1.62197191743e-07	0
1.62240339335e-07	0
1.62283486927e-07	0
1.62326634519e-07	0
1.62369782111e-07	0
1.62412929703e-07	0
1.62456077295e-07	0
1.62499224887e-07	0
1.62542372479e-07	0
1.62585520071e-07	0
1.62628667663e-07	0
1.62671815255e-07	0
1.62714962847e-07	0
1.62758110439e-07	0
1.62801258031e-07	0
1.62844405623e-07	0
1.62887553214e-07	0
1.62930700806e-07	0
1.62973848398e-07	0
1.6301699599e-07	0
1.63060143582e-07	0
1.63103291174e-07	0
1.63146438766e-07	0
1.63189586358e-07	0
1.6323273395e-07	0
1.63275881542e-07	0
1.63319029134e-07	0
1.63362176726e-07	0
1.63405324318e-07	0
1.6344847191e-07	0
1.63491619502e-07	0
1.63534767094e-07	0
1.63577914686e-07	0
1.63621062278e-07	0
1.6366420987e-07	0
1.63707357462e-07	0
1.63750505054e-07	0
1.63793652646e-07	0
1.63836800238e-07	0
1.6387994783e-07	0
1.63923095422e-07	0
1.63966243014e-07	0
1.64009390606e-07	0
1.64052538198e-07	0
1.6409568579e-07	0
1.64138833382e-07	0
1.64181980974e-07	0
1.64225128566e-07	0
1.64268276158e-07	0
1.6431142375e-07	0
1.64354571342e-07	0
1.64397718934e-07	0
1.64440866526e-07	0
1.64484014118e-07	0
1.6452716171e-07	0
1.64570309302e-07	0
1.64613456894e-07	0
1.64656604486e-07	0
1.64699752078e-07	0
1.6474289967e-07	0
1.64786047262e-07	0
1.64829194854e-07	0
1.64872342446e-07	0
1.64915490038e-07	0
1.6495863763e-07	0
1.65001785222e-07	0
1.65044932814e-07	0
1.65088080406e-07	0
1.65131227998e-07	0
1.6517437559e-07	0
1.65217523182e-07	0
1.65260670774e-07	0
1.65303818366e-07	0
1.65346965958e-07	0
1.6539011355e-07	0
1.65433261142e-07	0
1.65476408734e-07	0
1.65519556326e-07	0
1.65562703918e-07	0
1.6560585151e-07	0
1.65648999102e-07	0
1.65692146694e-07	0
1.65735294286e-07	0
1.65778441878e-07	0
1.6582158947e-07	0
1.65864737062e-07	0
1.65907884654e-07	0
1.65951032246e-07	0
1.65994179838e-07	0
1.6603732743e-07	0
1.66080475022e-07	0
1.66123622614e-07	0
1.66166770206e-07	0
1.66209917798e-07	0
1.6625306539e-07	0
1.66296212982e-07	0
1.66339360574e-07	0
1.66382508166e-07	0
1.66425655758e-07	0
1.6646880335e-07	0
1.66511950942e-07	0
1.66555098534e-07	0
1.66598246126e-07	0
1.66641393718e-07	0
1.6668454131e-07	0
1.66727688902e-07	0
1.66770836494e-07	0
1.66813984086e-07	0
1.66857131678e-07	0
1.6690027927e-07	0
1.66943426862e-07	0
1.66986574454e-07	0
1.67029722046e-07	0
1.67072869638e-07	0
1.6711601723e-07	0
1.67159164822e-07	0
1.67202312414e-07	0
1.67245460006e-07	0
1.67288607598e-07	0
1.6733175519e-07	0
1.67374902782e-07	0
1.67418050374e-07	0
1.67461197966e-07	0
1.67504345558e-07	0
1.6754749315e-07	0
1.67590640742e-07	0
1.67633788333e-07	0
1.67676935925e-07	0
1.67720083517e-07	0
1.67763231109e-07	0
1.67806378701e-07	0
1.67849526293e-07	0
1.67892673885e-07	0
1.67935821477e-07	0
1.67978969069e-07	0
1.68022116661e-07	0
1.68065264253e-07	0
1.68108411845e-07	0
1.68151559437e-07	0
1.68194707029e-07	0
1.68237854621e-07	0
1.68281002213e-07	0
1.68324149805e-07	0
1.68367297397e-07	0
1.68410444989e-07	0
1.68453592581e-07	0
1.68496740173e-07	0
1.68539887765e-07	0
1.68583035357e-07	0
1.68626182949e-07	0
1.68669330541e-07	0
1.68712478133e-07	0
1.68755625725e-07	0
1.68798773317e-07	0
1.68841920909e-07	0
1.68885068501e-07	0
1.68928216093e-07	0
1.68971363685e-07	0
1.69014511277e-07	0
1.69057658869e-07	0
1.69100806461e-07	0
1.69143954053e-07	0
1.69187101645e-07	0
1.69230249237e-07	0
1.69273396829e-07	0
1.69316544421e-07	0
1.69359692013e-07	0
1.69402839605e-07	0
1.69445987197e-07	0
1.69489134789e-07	0
1.69532282381e-07	0
1.69575429973e-07	0
1.69618577565e-07	0
1.69661725157e-07	0
1.69704872749e-07	0
1.69748020341e-07	0
1.69791167933e-07	0
1.69834315525e-07	0
1.69877463117e-07	0
1.69920610709e-07	0
1.69963758301e-07	0
1.70006905893e-07	0
1.70050053485e-07	0
1.70093201077e-07	0
1.70136348669e-07	0
1.70179496261e-07	0
1.70222643853e-07	0
1.70265791445e-07	0
1.70308939037e-07	0
1.70352086629e-07	0
1.70395234221e-07	0
1.70438381813e-07	0
1.70481529405e-07	0
1.70524676997e-07	0
1.70567824589e-07	0
1.70610972181e-07	0
1.70654119773e-07	0
1.70697267365e-07	0
1.70740414957e-07	0
1.70783562549e-07	0
1.70826710141e-07	0
1.70869857733e-07	0
1.70913005325e-07	0
1.70956152917e-07	0
1.70999300509e-07	0
1.71042448101e-07	0
1.71085595693e-07	0
1.71128743285e-07	0
1.71171890877e-07	0
1.71215038469e-07	0
1.71258186061e-07	0
1.71301333653e-07	0
1.71344481245e-07	0
1.71387628837e-07	0
1.71430776429e-07	0
1.71473924021e-07	0
1.71517071613e-07	0
1.71560219205e-07	0
1.71603366797e-07	0
1.71646514389e-07	0
1.71689661981e-07	0
1.71732809573e-07	0
1.71775957165e-07	0
1.71819104757e-07	0
1.71862252349e-07	0
1.71905399941e-07	0
1.71948547533e-07	0
1.71991695125e-07	0
1.72034842717e-07	0
1.72077990309e-07	0
1.72121137901e-07	0
1.72164285493e-07	0
1.72207433085e-07	0
1.72250580677e-07	0
1.72293728269e-07	0
1.7233687586e-07	0
1.72380023452e-07	0
1.72423171044e-07	0
1.72466318636e-07	0
1.72509466228e-07	0
1.7255261382e-07	0
1.72595761412e-07	0
1.72638909004e-07	0
1.72682056596e-07	0
1.72725204188e-07	0
1.7276835178e-07	0
1.72811499372e-07	0
1.72854646964e-07	0
1.72897794556e-07	0
1.72940942148e-07	0
1.7298408974e-07	0
1.73027237332e-07	0
1.73070384924e-07	0
1.73113532516e-07	0
1.73156680108e-07	0
1.731998277e-07	0
1.73242975292e-07	0
1.73286122884e-07	0
1.73329270476e-07	0
1.73372418068e-07	0
1.7341556566e-07	0
1.73458713252e-07	0
1.73501860844e-07	0
1.73545008436e-07	0
1.73588156028e-07	0
1.7363130362e-07	0
1.73674451212e-07	0
1.73717598804e-07	0
1.73760746396e-07	0
1.73803893988e-07	0
1.7384704158e-07	0
1.73890189172e-07	0
1.73933336764e-07	0
1.73976484356e-07	0
1.74019631948e-07	0
1.7406277954e-07	0
1.74105927132e-07	0
1.74149074724e-07	0
1.74192222316e-07	0
1.74235369908e-07	0
1.742785175e-07	0
1.74321665092e-07	0
1.74364812684e-07	0
1.74407960276e-07	0
1.74451107868e-07	0
1.7449425546e-07	0
1.74537403052e-07	0
1.74580550644e-07	0
1.74623698236e-07	0
1.74666845828e-07	0
1.7470999342e-07	0
1.74753141012e-07	0
1.74796288604e-07	0
1.74839436196e-07	0
1.74882583788e-07	0
1.7492573138e-07	0
1.74968878972e-07	0
1.75012026564e-07	0
1.75055174156e-07	0
1.75098321748e-07	0
1.7514146934e-07	0
1.75184616932e-07	0
1.75227764524e-07	0
1.75270912116e-07	0
1.75314059708e-07	0
1.753572073e-07	0
1.75400354892e-07	0
1.75443502484e-07	0
1.75486650076e-07	0
1.75529797668e-07	0
1.7557294526e-07	0
1.75616092852e-07	0
1.75659240444e-07	0
1.75702388036e-07	0
1.75745535628e-07	0
1.7578868322e-07	0
1.75831830812e-07	0
1.75874978404e-07	0
1.75918125996e-07	0
1.75961273588e-07	0
1.7600442118e-07	0
1.76047568772e-07	0
1.76090716364e-07	0
1.76133863956e-07	0
1.76177011548e-07	0
1.7622015914e-07	0
1.76263306732e-07	0
1.76306454324e-07	0
1.76349601916e-07	0
1.76392749508e-07	0
1.764358971e-07	0
1.76479044692e-07	0
1.76522192284e-07	0
1.76565339876e-07	0
1.76608487468e-07	0
1.7665163506e-07	0
1.76694782652e-07	0
1.76737930244e-07	0
1.76781077836e-07	0
1.76824225428e-07	0
1.7686737302e-07	0
1.76910520612e-07	0
1.76953668204e-07	0
1.76996815796e-07	0
1.77039963387e-07	0
1.77083110979e-07	0
1.77126258571e-07	0
1.77169406163e-07	0
1.77212553755e-07	0
1.77255701347e-07	0
1.77298848939e-07	0
1.77341996531e-07	0
1.77385144123e-07	0
1.77428291715e-07	0
1.77471439307e-07	0
1.77514586899e-07	0
1.77557734491e-07	0
1.77600882083e-07	0
1.77644029675e-07	0
1.77687177267e-07	0
1.77730324859e-07	0
1.77773472451e-07	0
1.77816620043e-07	0
1.77859767635e-07	0
1.77902915227e-07	0
1.77946062819e-07	0
1.77989210411e-07	0
1.78032358003e-07	0
1.78075505595e-07	0
1.78118653187e-07	0
1.78161800779e-07	0
1.78204948371e-07	0
1.78248095963e-07	0
1.78291243555e-07	0
1.78334391147e-07	0
1.78377538739e-07	0
1.78420686331e-07	0
1.78463833923e-07	0
1.78506981515e-07	0
1.78550129107e-07	0
1.78593276699e-07	0
1.78636424291e-07	0
1.78679571883e-07	0
1.78722719475e-07	0
1.78765867067e-07	0
1.78809014659e-07	0
1.78852162251e-07	0
1.78895309843e-07	0
1.78938457435e-07	0
1.78981605027e-07	0
1.79024752619e-07	0
1.79067900211e-07	0
1.79111047803e-07	0
1.79154195395e-07	0
1.79197342987e-07	0
1.79240490579e-07	0
1.79283638171e-07	0
1.79326785763e-07	0
1.79369933355e-07	0
1.79413080947e-07	0
1.79456228539e-07	0
1.79499376131e-07	0
1.79542523723e-07	0
1.79585671315e-07	0
1.79628818907e-07	0
1.79671966499e-07	0
1.79715114091e-07	0
1.79758261683e-07	0
1.79801409275e-07	0
1.79844556867e-07	0
1.79887704459e-07	0
1.79930852051e-07	0
1.79973999643e-07	0
1.80017147235e-07	0
1.80060294827e-07	0
1.80103442419e-07	0
1.80146590011e-07	0
1.80189737603e-07	0
1.80232885195e-07	0
1.80276032787e-07	0
1.80319180379e-07	0
1.80362327971e-07	0
1.80405475563e-07	0
1.80448623155e-07	0
1.80491770747e-07	0
1.80534918339e-07	0
1.80578065931e-07	0
1.80621213523e-07	0
1.80664361115e-07	0
1.80707508707e-07	0
1.80750656299e-07	0
1.80793803891e-07	0
1.80836951483e-07	0
1.80880099075e-07	0
1.80923246667e-07	0
1.80966394259e-07	0
1.81009541851e-07	0
1.81052689443e-07	0
1.81095837035e-07	0
1.81138984627e-07	0
1.81182132219e-07	0
1.81225279811e-07	0
1.81268427403e-07	0
1.81311574995e-07	0
1.81354722587e-07	0
1.81397870179e-07	0
1.81441017771e-07	0
1.81484165363e-07	0
1.81527312955e-07	0
1.81570460547e-07	0
1.81613608139e-07	0
1.81656755731e-07	0
1.81699903323e-07	0
1.81743050915e-07	0
1.81786198506e-07	0
1.81829346098e-07	0
1.8187249369e-07	0
1.81915641282e-07	0
1.81958788874e-07	0
1.82001936466e-07	0
1.82045084058e-07	0
1.8208823165e-07	0
1.82131379242e-07	0
1.82174526834e-07	0
1.82217674426e-07	0
1.82260822018e-07	0
1.8230396961e-07	0
1.82347117202e-07	0
1.82390264794e-07	0
1.82433412386e-07	0
1.82476559978e-07	0
1.8251970757e-07	0
1.82562855162e-07	0
1.82606002754e-07	0
1.82649150346e-07	0
1.82692297938e-07	0
1.8273544553e-07	0
1.82778593122e-07	0
1.82821740714e-07	0
1.82864888306e-07	0
1.82908035898e-07	0
1.8295118349e-07	0
1.82994331082e-07	0
1.83037478674e-07	0
1.83080626266e-07	0
1.83123773858e-07	0
1.8316692145e-07	0
1.83210069042e-07	0
1.83253216634e-07	0
1.83296364226e-07	0
1.83339511818e-07	0
1.8338265941e-07	0
1.83425807002e-07	0
1.83468954594e-07	0
1.83512102186e-07	0
1.83555249778e-07	0
1.8359839737e-07	0
1.83641544962e-07	0
1.83684692554e-07	0
1.83727840146e-07	0
1.83770987738e-07	0
1.8381413533e-07	0
1.83857282922e-07	0
1.83900430514e-07	0
1.83943578106e-07	0
1.83986725698e-07	0
1.8402987329e-07	0
1.84073020882e-07	0
1.84116168474e-07	0
1.84159316066e-07	0
1.84202463658e-07	0
1.8424561125e-07	0
1.84288758842e-07	0
1.84331906434e-07	0
1.84375054026e-07	0
1.84418201618e-07	0
1.8446134921e-07	0
1.84504496802e-07	0
1.84547644394e-07	0
1.84590791986e-07	0
1.84633939578e-07	0
1.8467708717e-07	0
1.84720234762e-07	0
1.84763382354e-07	0
1.84806529946e-07	0
1.84849677538e-07	0
1.8489282513e-07	0
1.84935972722e-07	0
1.84979120314e-07	0
1.85022267906e-07	0
1.85065415498e-07	0
1.8510856309e-07	0
1.85151710682e-07	0
1.85194858274e-07	0
1.85238005866e-07	0
1.85281153458e-07	0
1.8532430105e-07	0
1.85367448642e-07	0
1.85410596234e-07	0
1.85453743826e-07	0
1.85496891418e-07	0
1.8554003901e-07	0
1.85583186602e-07	0
1.85626334194e-07	0
1.85669481786e-07	0
1.85712629378e-07	0
1.8575577697e-07	0
1.85798924562e-07	0
1.85842072154e-07	0
1.85885219746e-07	0
1.85928367338e-07	0
1.8597151493e-07	0
1.86014662522e-07	0
1.86057810114e-07	0
1.86100957706e-07	0
1.86144105298e-07	0
1.8618725289e-07	0
1.86230400482e-07	0
1.86273548074e-07	0
1.86316695666e-07	0
1.86359843258e-07	0
1.8640299085e-07	0
1.86446138442e-07	0
1.86489286033e-07	0
1.86532433625e-07	0
1.86575581217e-07	0
1.86618728809e-07	0
1.86661876401e-07	0
1.86705023993e-07	0
1.86748171585e-07	0
1.86791319177e-07	0
1.86834466769e-07	0
1.86877614361e-07	0
1.86920761953e-07	0
1.86963909545e-07	0
1.87007057137e-07	0
1.87050204729e-07	0
1.87093352321e-07	0
1.87136499913e-07	0
1.87179647505e-07	0
1.87222795097e-07	0
1.87265942689e-07	0
1.87309090281e-07	0
1.87352237873e-07	0
1.87395385465e-07	0
1.87438533057e-07	0
1.87481680649e-07	0
1.87524828241e-07	0
1.87567975833e-07	0
1.87611123425e-07	0
1.87654271017e-07	0
1.87697418609e-07	0
1.87740566201e-07	0
1.87783713793e-07	0
1.87826861385e-07	0
1.87870008977e-07	0
1.87913156569e-07	0
1.87956304161e-07	0
1.87999451753e-07	0
1.88042599345e-07	0
1.88085746937e-07	0
1.88128894529e-07	0
1.88172042121e-07	0
1.88215189713e-07	0
1.88258337305e-07	0
1.88301484897e-07	0
1.88344632489e-07	0
1.88387780081e-07	0
1.88430927673e-07	0
1.88474075265e-07	0
1.88517222857e-07	0
1.88560370449e-07	0
1.88603518041e-07	0
1.88646665633e-07	0
1.88689813225e-07	0
1.88732960817e-07	0
1.88776108409e-07	0
1.88819256001e-07	0
1.88862403593e-07	0
1.88905551185e-07	0
1.88948698777e-07	0
1.88991846369e-07	0
1.89034993961e-07	0
1.89078141553e-07	0
1.89121289145e-07	0
1.89164436737e-07	0
1.89207584329e-07	0
1.89250731921e-07	0
1.89293879513e-07	0
1.89337027105e-07	0
1.89380174697e-07	0
1.89423322289e-07	0
1.89466469881e-07	0
1.89509617473e-07	0
1.89552765065e-07	0
1.89595912657e-07	0
1.89639060249e-07	0
1.89682207841e-07	0
1.89725355433e-07	0
1.89768503025e-07	0
1.89811650617e-07	0
1.89854798209e-07	0
1.89897945801e-07	0
1.89941093393e-07	0
1.89984240985e-07	0
1.90027388577e-07	0
1.90070536169e-07	0
1.90113683761e-07	0
1.90156831353e-07	0
1.90199978945e-07	0
1.90243126537e-07	0
1.90286274129e-07	0
1.90329421721e-07	0
1.90372569313e-07	0
1.90415716905e-07	0
1.90458864497e-07	0
1.90502012089e-07	0
1.90545159681e-07	0
1.90588307273e-07	0
1.90631454865e-07	0
1.90674602457e-07	0
1.90717750049e-07	0
1.90760897641e-07	0
1.90804045233e-07	0
1.90847192825e-07	0
1.90890340417e-07	0
1.90933488009e-07	0
1.90976635601e-07	0
1.91019783193e-07	0
1.91062930785e-07	0
1.91106078377e-07	0
1.91149225969e-07	0
1.91192373561e-07	0
1.91235521152e-07	0
1.91278668744e-07	0
1.91321816336e-07	0
1.91364963928e-07	0
1.9140811152e-07	0
1.91451259112e-07	0
1.91494406704e-07	0
1.91537554296e-07	0
1.91580701888e-07	0
1.9162384948e-07	0
1.91666997072e-07	0
1.91710144664e-07	0
1.91753292256e-07	0
1.91796439848e-07	0
1.9183958744e-07	0
1.91882735032e-07	0
1.91925882624e-07	0
1.91969030216e-07	0
1.92012177808e-07	0
1.920553254e-07	0
1.92098472992e-07	0
1.92141620584e-07	0
1.92184768176e-07	0
1.92227915768e-07	0
1.9227106336e-07	0
1.92314210952e-07	0
1.92357358544e-07	0
1.92400506136e-07	0
1.92443653728e-07	0
1.9248680132e-07	0
1.92529948912e-07	0
1.92573096504e-07	0
1.92616244096e-07	0
1.92659391688e-07	0
1.9270253928e-07	0
1.92745686872e-07	0
1.92788834464e-07	0
1.92831982056e-07	0
1.92875129648e-07	0
1.9291827724e-07	0
1.92961424832e-07	0
1.93004572424e-07	0
1.93047720016e-07	0
1.93090867608e-07	0
1.931340152e-07	0
1.93177162792e-07	0
1.93220310384e-07	0
1.93263457976e-07	0
1.93306605568e-07	0
1.9334975316e-07	0
1.93392900752e-07	0
1.93436048344e-07	0
1.93479195936e-07	0
1.93522343528e-07	0
1.9356549112e-07	0
1.93608638712e-07	0
1.93651786304e-07	0
1.93694933896e-07	0
1.93738081488e-07	0
1.9378122908e-07	0
1.93824376672e-07	0
1.93867524264e-07	0
1.93910671856e-07	0
1.93953819448e-07	0
1.9399696704e-07	0
1.94040114632e-07	0
1.94083262224e-07	0
1.94126409816e-07	0
1.94169557408e-07	0
1.94212705e-07	0
1.94255852592e-07	0
1.94299000184e-07	0
1.94342147776e-07	0
1.94385295368e-07	0
1.9442844296e-07	0
1.94471590552e-07	0
1.94514738144e-07	0
1.94557885736e-07	0
1.94601033328e-07	0
1.9464418092e-07	0
1.94687328512e-07	0
1.94730476104e-07	0
1.94773623696e-07	0
1.94816771288e-07	0
1.9485991888e-07	0
1.94903066472e-07	0
1.94946214064e-07	0
1.94989361656e-07	0
1.95032509248e-07	0
1.9507565684e-07	0
1.95118804432e-07	0
1.95161952024e-07	0
1.95205099616e-07	0
1.95248247208e-07	0
1.952913948e-07	0
1.95334542392e-07	0
1.95377689984e-07	0
1.95420837576e-07	0
1.95463985168e-07	0
1.9550713276e-07	0
1.95550280352e-07	0
1.95593427944e-07	0
1.95636575536e-07	0
1.95679723128e-07	0
1.9572287072e-07	0
1.95766018312e-07	0
1.95809165904e-07	0
1.95852313496e-07	0
1.95895461088e-07	0
1.95938608679e-07	0
1.95981756271e-07	0
1.96024903863e-07	0
1.96068051455e-07	0
1.96111199047e-07	0
1.96154346639e-07	0
1.96197494231e-07	0
1.96240641823e-07	0
1.96283789415e-07	0
1.96326937007e-07	0
1.96370084599e-07	0
1.96413232191e-07	0
1.96456379783e-07	0
1.96499527375e-07	0
1.96542674967e-07	0
1.96585822559e-07	0
1.96628970151e-07	0
1.96672117743e-07	0
1.96715265335e-07	0
1.96758412927e-07	0
1.96801560519e-07	0
1.96844708111e-07	0
1.96887855703e-07	0
1.96931003295e-07	0
1.96974150887e-07	0
1.97017298479e-07	0
1.97060446071e-07	0
1.97103593663e-07	0
1.97146741255e-07	0
1.97189888847e-07	0
1.97233036439e-07	0
1.97276184031e-07	0
1.97319331623e-07	0
1.97362479215e-07	0
1.97405626807e-07	0
1.97448774399e-07	0
1.97491921991e-07	0
1.97535069583e-07	0
1.97578217175e-07	0
1.97621364767e-07	0
1.97664512359e-07	0
1.97707659951e-07	0
1.97750807543e-07	0
1.97793955135e-07	0
1.97837102727e-07	0
1.97880250319e-07	0
1.97923397911e-07	0
1.97966545503e-07	0
1.98009693095e-07	0
1.98052840687e-07	0
1.98095988279e-07	0
1.98139135871e-07	0
1.98182283463e-07	0
1.98225431055e-07	0
1.98268578647e-07	0
1.98311726239e-07	0
1.98354873831e-07	0
1.98398021423e-07	0
1.98441169015e-07	0
1.98484316607e-07	0
1.98527464199e-07	0
1.98570611791e-07	0
1.98613759383e-07	0
1.98656906975e-07	0
1.98700054567e-07	0
1.98743202159e-07	0
1.98786349751e-07	0
1.98829497343e-07	0
1.98872644935e-07	0
1.98915792527e-07	0
1.98958940119e-07	0
1.99002087711e-07	0
1.99045235303e-07	0
1.99088382895e-07	0
1.99131530487e-07	0
1.99174678079e-07	0
1.99217825671e-07	0
1.99260973263e-07	0
1.99304120855e-07	0
1.99347268447e-07	0
1.99390416039e-07	0
1.99433563631e-07	0
1.99476711223e-07	0
1.99519858815e-07	0
1.99563006407e-07	0
1.99606153999e-07	0
1.99649301591e-07	0
1.99692449183e-07	0
1.99735596775e-07	0
1.99778744367e-07	0
1.99821891959e-07	0
1.99865039551e-07	0
1.99908187143e-07	0
1.99951334735e-07	0
1.99994482327e-07	0
2.00037629919e-07	0
2.00080777511e-07	0
2.00123925103e-07	0
2.00167072695e-07	0
2.00210220287e-07	0
2.00253367879e-07	0
2.00296515471e-07	0
2.00339663063e-07	0
2.00382810655e-07	0
2.00425958247e-07	0
2.00469105839e-07	0
2.00512253431e-07	0
2.00555401023e-07	0
2.00598548615e-07	0
2.00641696207e-07	0
2.00684843798e-07	0
2.0072799139e-07	0
2.00771138982e-07	0
2.00814286574e-07	0
2.00857434166e-07	0
2.00900581758e-07	0
2.0094372935e-07	0
2.00986876942e-07	0
2.01030024534e-07	0
2.01073172126e-07	0
2.01116319718e-07	0
2.0115946731e-07	0
2.01202614902e-07	0
2.01245762494e-07	0
2.01288910086e-07	0
2.01332057678e-07	0
2.0137520527e-07	0
2.01418352862e-07	0
2.01461500454e-07	0
2.01504648046e-07	0
2.01547795638e-07	0
2.0159094323e-07	0
2.01634090822e-07	0
2.01677238414e-07	0
2.01720386006e-07	0
2.01763533598e-07	0
2.0180668119e-07	0
2.01849828782e-07	0
2.01892976374e-07	0
2.01936123966e-07	0
2.01979271558e-07	0
2.0202241915e-07	0
2.02065566742e-07	0
2.02108714334e-07	0
2.02151861926e-07	0
2.02195009518e-07	0
2.0223815711e-07	0
2.02281304702e-07	0
2.02324452294e-07	0
2.02367599886e-07	0
2.02410747478e-07	0
2.0245389507e-07	0
2.02497042662e-07	0
2.02540190254e-07	0
2.02583337846e-07	0
2.02626485438e-07	0
2.0266963303e-07	0
2.02712780622e-07	0
2.02755928214e-07	0
2.02799075806e-07	0
2.02842223398e-07	0
2.0288537099e-07	0
2.02928518582e-07	0
2.02971666174e-07	0
2.03014813766e-07	0
2.03057961358e-07	0
2.0310110895e-07	0
2.03144256542e-07	0
2.03187404134e-07	0
2.03230551726e-07	0
2.03273699318e-07	0
2.0331684691e-07	0
2.03359994502e-07	0
2.03403142094e-07	0
2.03446289686e-07	0
2.03489437278e-07	0
2.0353258487e-07	0
2.03575732462e-07	0
2.03618880054e-07	0
2.03662027646e-07	0
2.03705175238e-07	0
2.0374832283e-07	0
2.03791470422e-07	0
2.03834618014e-07	0
2.03877765606e-07	0
2.03920913198e-07	0
2.0396406079e-07	0
2.04007208382e-07	0
2.04050355974e-07	0
2.04093503566e-07	0
2.04136651158e-07	0
2.0417979875e-07	0
2.04222946342e-07	0
2.04266093934e-07	0
2.04309241526e-07	0
2.04352389118e-07	0
2.0439553671e-07	0
2.04438684302e-07	0
2.04481831894e-07	0
2.04524979486e-07	0
2.04568127078e-07	0
2.0461127467e-07	0
2.04654422262e-07	0
2.04697569854e-07	0
2.04740717446e-07	0
2.04783865038e-07	0
2.0482701263e-07	0
2.04870160222e-07	0
2.04913307814e-07	0
2.04956455406e-07	0
2.04999602998e-07	0
2.0504275059e-07	0
2.05085898182e-07	0
2.05129045774e-07	0
2.05172193366e-07	0
2.05215340958e-07	0
2.0525848855e-07	0
2.05301636142e-07	0
2.05344783734e-07	0
2.05387931325e-07	0
2.05431078917e-07	0
2.05474226509e-07	0
2.05517374101e-07	0
2.05560521693e-07	0
2.05603669285e-07	0
2.05646816877e-07	0
2.05689964469e-07	0
2.05733112061e-07	0
2.05776259653e-07	0
2.05819407245e-07	0
2.05862554837e-07	0
2.05905702429e-07	0
2.05948850021e-07	0
2.05991997613e-07	0
2.06035145205e-07	0
2.06078292797e-07	0
2.06121440389e-07	0
2.06164587981e-07	0
2.06207735573e-07	0
2.06250883165e-07	0
2.06294030757e-07	0
2.06337178349e-07	0
2.06380325941e-07	0
2.06423473533e-07	0
2.06466621125e-07	0
2.06509768717e-07	0
2.06552916309e-07	0
2.06596063901e-07	0
2.06639211493e-07	0
2.06682359085e-07	0
2.06725506677e-07	0
2.06768654269e-07	0
2.06811801861e-07	0
2.06854949453e-07	0
2.06898097045e-07	0
2.06941244637e-07	0
2.06984392229e-07	0
2.07027539821e-07	0
2.07070687413e-07	0
2.07113835005e-07	0
2.07156982597e-07	0
2.07200130189e-07	0
2.07243277781e-07	0
2.07286425373e-07	0
2.07329572965e-07	0
2.07372720557e-07	0
2.07415868149e-07	0
2.07459015741e-07	0
2.07502163333e-07	0
2.07545310925e-07	0
2.07588458517e-07	0
2.07631606109e-07	0
2.07674753701e-07	0
2.07717901293e-07	0
2.07761048885e-07	0
2.07804196477e-07	0
2.07847344069e-07	0
2.07890491661e-07	0
2.07933639253e-07	0
2.07976786845e-07	0
2.08019934437e-07	0
2.08063082029e-07	0
2.08106229621e-07	0
2.08149377213e-07	0
2.08192524805e-07	0
2.08235672397e-07	0
2.08278819989e-07	0
2.08321967581e-07	0
2.08365115173e-07	0
2.08408262765e-07	0
2.08451410357e-07	0
2.08494557949e-07	0
2.08537705541e-07	0
2.08580853133e-07	0
2.08624000725e-07	0
2.08667148317e-07	0
2.08710295909e-07	0
2.08753443501e-07	0
2.08796591093e-07	0
2.08839738685e-07	0
2.08882886277e-07	0
2.08926033869e-07	0
2.08969181461e-07	0
2.09012329053e-07	0
2.09055476645e-07	0
2.09098624237e-07	0
2.09141771829e-07	0
2.09184919421e-07	0
2.09228067013e-07	0
2.09271214605e-07	0
2.09314362197e-07	0
2.09357509789e-07	0
2.09400657381e-07	0
2.09443804973e-07	0
2.09486952565e-07	0
2.09530100157e-07	0
2.09573247749e-07	0
2.09616395341e-07	0
2.09659542933e-07	0
2.09702690525e-07	0
2.09745838117e-07	0
2.09788985709e-07	0
2.09832133301e-07	0
2.09875280893e-07	0
2.09918428485e-07	0
2.09961576077e-07	0
2.10004723669e-07	0
2.10047871261e-07	0
2.10091018852e-07	0
2.10134166444e-07	0
2.10177314036e-07	0
2.10220461628e-07	0
2.1026360922e-07	0
2.10306756812e-07	0
2.10349904404e-07	0
2.10393051996e-07	0
2.10436199588e-07	0
2.1047934718e-07	0
2.10522494772e-07	0
2.10565642364e-07	0
2.10608789956e-07	0
2.10651937548e-07	0
2.1069508514e-07	0
2.10738232732e-07	0
2.10781380324e-07	0
2.10824527916e-07	0
2.10867675508e-07	0
2.109108231e-07	0
2.10953970692e-07	0
2.10997118284e-07	0
2.11040265876e-07	0
2.11083413468e-07	0
2.1112656106e-07	0
2.11169708652e-07	0
2.11212856244e-07	0
2.11256003836e-07	0
2.11299151428e-07	0
2.1134229902e-07	0
2.11385446612e-07	0
2.11428594204e-07	0
2.11471741796e-07	0
2.11514889388e-07	0
2.1155803698e-07	0
2.11601184572e-07	0
2.11644332164e-07	0
2.11687479756e-07	0
2.11730627348e-07	0
2.1177377494e-07	0
2.11816922532e-07	0
2.11860070124e-07	0
2.11903217716e-07	0
2.11946365308e-07	0
2.119895129e-07	0
2.12032660492e-07	0
2.12075808084e-07	0
2.12118955676e-07	0
2.12162103268e-07	0
2.1220525086e-07	0
2.12248398452e-07	0
2.12291546044e-07	0
2.12334693636e-07	0
2.12377841228e-07	0
2.1242098882e-07	0
2.12464136412e-07	0
2.12507284004e-07	0
2.12550431596e-07	0
2.12593579188e-07	0
2.1263672678e-07	0
2.12679874372e-07	0
2.12723021964e-07	0
2.12766169556e-07	0
2.12809317148e-07	0
2.1285246474e-07	0
2.12895612332e-07	0
2.12938759924e-07	0
2.12981907516e-07	0
2.13025055108e-07	0
2.130682027e-07	0
2.13111350292e-07	0
2.13154497884e-07	0
2.13197645476e-07	0
2.13240793068e-07	0
2.1328394066e-07	0
2.13327088252e-07	0
2.13370235844e-07	0
2.13413383436e-07	0
2.13456531028e-07	0
2.1349967862e-07	0
2.13542826212e-07	0
2.13585973804e-07	0
2.13629121396e-07	0
2.13672268988e-07	0
2.1371541658e-07	0
2.13758564172e-07	0
2.13801711764e-07	0
2.13844859356e-07	0
2.13888006948e-07	0
2.1393115454e-07	0
2.13974302132e-07	0
2.14017449724e-07	0
2.14060597316e-07	0
2.14103744908e-07	0
2.141468925e-07	0
2.14190040092e-07	0
2.14233187684e-07	0
2.14276335276e-07	0
2.14319482868e-07	0
2.1436263046e-07	0
2.14405778052e-07	0
2.14448925644e-07	0
2.14492073236e-07	0
2.14535220828e-07	0
2.1457836842e-07	0
2.14621516012e-07	0
2.14664663604e-07	0
2.14707811196e-07	0
2.14750958788e-07	0
2.1479410638e-07	0
2.14837253971e-07	0
2.14880401563e-07	0
2.14923549155e-07	0
2.14966696747e-07	0
2.15009844339e-07	0
2.15052991931e-07	0
2.15096139523e-07	0
2.15139287115e-07	0
2.15182434707e-07	0
2.15225582299e-07	0
2.15268729891e-07	0
2.15311877483e-07	0
2.15355025075e-07	0
2.15398172667e-07	0
2.15441320259e-07	0
2.15484467851e-07	0
2.15527615443e-07	0
2.15570763035e-07	0
2.15613910627e-07	0
2.15657058219e-07	0
2.15700205811e-07	0
2.15743353403e-07	0
