0	-0.000119368
1.13889e-11	-0.000117178
2.27777e-11	-0.000110956
3.41666e-11	-0.000100549
4.55554e-11	-8.59275e-05
5.69443e-11	-6.71987e-05
6.83331e-11	-4.46153e-05
7.9722e-11	-1.85798e-05
9.11108e-11	1.03563e-05
1.025e-10	4.14973e-05
1.13889e-10	7.40139e-05
1.25277e-10	0.000106959
1.36666e-10	0.00013929
1.48055e-10	0.000169894
1.59444e-10	0.000197618
1.70833e-10	0.000221304
1.82222e-10	0.00023983
1.93611e-10	0.000252146
2.04999e-10	0.000257316
2.16388e-10	0.000254561
2.27777e-10	0.000243295
2.39166e-10	0.000223163
2.50555e-10	0.00019407
2.61944e-10	0.000156209
2.73333e-10	0.000110077
2.84721e-10	5.64829e-05
2.9611e-10	-3.45058e-06
3.07499e-10	-6.82992e-05
3.18888e-10	-0.000136359
3.30277e-10	-0.000205679
3.41666e-10	-0.000274105
3.53055e-10	-0.000339336
3.64443e-10	-0.000398982
3.75832e-10	-0.000450643
3.87221e-10	-0.000491982
3.9861e-10	-0.00052081
4.09999e-10	-0.000535166
4.21388e-10	-0.000533404
4.32777e-10	-0.000514273
4.44165e-10	-0.000476985
4.55554e-10	-0.000421283
4.66943e-10	-0.000347491
4.78332e-10	-0.00025655
4.89721e-10	-0.000150032
5.0111e-10	-3.01459e-05
5.12498e-10	0.000100289
5.23887e-10	0.000237885
5.35276e-10	0.000378755
5.46665e-10	0.000518597
5.58054e-10	0.000652804
5.69443e-10	0.000776592
5.80832e-10	0.000885141
5.9222e-10	0.00097375
6.03609e-10	0.001038
6.14998e-10	0.00107392
6.26387e-10	0.00107816
6.37776e-10	0.00104813
6.49165e-10	0.000982164
6.60554e-10	0.000879616
6.71942e-10	0.000740996
6.83331e-10	0.000568016
6.9472e-10	0.000363633
7.06109e-10	0.000132044
7.17498e-10	-0.000121353
7.28887e-10	-0.000390047
7.40276e-10	-0.000666543
7.51664e-10	-0.000942531
7.63053e-10	-0.0012091
7.74442e-10	-0.00145697
7.85831e-10	-0.00167678
7.9722e-10	-0.0018594
8.08609e-10	-0.00199619
8.19998e-10	-0.0020794
8.31386e-10	-0.0021024
8.42775e-10	-0.00206004
8.54164e-10	-0.00194891
8.65553e-10	-0.00176754
8.76942e-10	-0.00151665
8.88331e-10	-0.00119924
8.9972e-10	-0.000820672
9.11108e-10	-0.000388659
9.22497e-10	8.68051e-05
9.33886e-10	0.000593616
9.45275e-10	0.0011178
9.56664e-10	0.00164382
9.68053e-10	0.00215501
9.79442e-10	0.00263396
9.9083e-10	0.00306311
1.00222e-09	0.00342524
1.01361e-09	0.00370411
1.025e-09	0.00388499
1.03639e-09	0.0039553
1.04777e-09	0.0039051
1.05916e-09	0.00372767
1.07055e-09	0.00341988
1.08194e-09	0.00298258
1.09333e-09	0.00242083
1.10472e-09	0.00174401
1.11611e-09	0.000965826
1.1275e-09	0.000104173
1.13889e-09	-0.000819186
1.15027e-09	-0.00177905
1.16166e-09	-0.00274734
1.17305e-09	-0.00369386
1.18444e-09	-0.00458707
1.19583e-09	-0.00539505
1.20722e-09	-0.00608648
1.21861e-09	-0.00663171
1.23e-09	-0.0070038
1.24139e-09	-0.00717957
1.25277e-09	-0.00714058
1.26416e-09	-0.00687405
1.27555e-09	-0.00637363
1.28694e-09	-0.00564001
1.29833e-09	-0.00468136
1.30972e-09	-0.00351354
1.32111e-09	-0.00216011
1.3325e-09	-0.000652009
1.34388e-09	0.000972897
1.35527e-09	0.00267064
1.36666e-09	0.00439215
1.37805e-09	0.00608452
1.38944e-09	0.00769244
1.40083e-09	0.00915981
1.41222e-09	0.0104315
1.42361e-09	0.0114553
1.435e-09	0.0121833
1.44638e-09	0.0125745
1.45777e-09	0.0125957
1.46916e-09	0.0122235
1.48055e-09	0.0114456
1.49194e-09	0.0102618
1.50333e-09	0.00868483
1.51472e-09	0.00674046
1.52611e-09	0.0044678
1.5375e-09	0.00191867
1.54888e-09	-0.000843269
1.56027e-09	-0.00374381
1.57166e-09	-0.00669999
1.58305e-09	-0.00962215
1.59444e-09	-0.0124164
1.60583e-09	-0.0149876
1.61722e-09	-0.0172417
1.62861e-09	-0.0190895
1.64e-09	-0.0204494
1.65138e-09	-0.0212505
1.66277e-09	-0.0214354
1.67416e-09	-0.0209628
1.68555e-09	-0.0198101
1.69694e-09	-0.0179744
1.70833e-09	-0.0154745
1.71972e-09	-0.0123512
1.73111e-09	-0.00866713
1.74249e-09	-0.00450611
1.75388e-09	2.8268e-05
1.76527e-09	0.00481493
1.77666e-09	0.00971811
1.78805e-09	0.0145909
1.79944e-09	0.0192793
1.81083e-09	0.0236266
1.82222e-09	0.0274783
1.83361e-09	0.0306871
1.84499e-09	0.0331179
1.85638e-09	0.0346527
1.86777e-09	0.0351955
1.87916e-09	0.0346762
1.89055e-09	0.0330542
1.90194e-09	0.0303215
1.91333e-09	0.0265046
1.92472e-09	0.0216652
1.93611e-09	0.0159004
1.94749e-09	0.0093416
1.95888e-09	0.00215156
1.97027e-09	-0.00547853
1.98166e-09	-0.0133339
1.99305e-09	-0.0211816
2.00444e-09	-0.0287771
2.01583e-09	-0.0358713
2.02722e-09	-0.042218
2.03861e-09	-0.0475823
2.04999e-09	-0.0517478
2.06138e-09	-0.0545251
2.07277e-09	-0.0557585
2.08416e-09	-0.0553329
2.09555e-09	-0.0531794
2.10694e-09	-0.0492797
2.11833e-09	-0.0436691
2.12972e-09	-0.036438
2.1411e-09	-0.0277319
2.15249e-09	-0.0177492
2.16388e-09	-0.00673785
2.17527e-09	0.00501029
2.18666e-09	0.0171665
2.19805e-09	0.0293735
2.20944e-09	0.0412559
2.22083e-09	0.0524305
2.23222e-09	0.062518
2.2436e-09	0.0711557
2.25499e-09	0.0780089
2.26638e-09	0.0827829
2.27777e-09	0.0852344
2.28916e-09	0.085181
2.30055e-09	0.0825101
2.31194e-09	0.0771851
2.32333e-09	0.0692504
2.33472e-09	0.0588337
2.3461e-09	0.0461453
2.35749e-09	0.0314755
2.36888e-09	0.015189
2.38027e-09	-0.00228307
2.39166e-09	-0.020454
2.40305e-09	-0.0387941
2.41444e-09	-0.0567453
2.42583e-09	-0.0737376
2.43722e-09	-0.089206
2.4486e-09	-0.102609
2.45999e-09	-0.113445
2.47138e-09	-0.121272
2.48277e-09	-0.125721
2.49416e-09	-0.126514
2.50555e-09	-0.123474
2.51694e-09	-0.116534
2.52833e-09	-0.105747
2.53971e-09	-0.0912846
2.5511e-09	-0.0734422
2.56249e-09	-0.0526299
2.57388e-09	-0.0293665
2.58527e-09	-0.00426795
2.59666e-09	0.0219688
2.60805e-09	0.0485837
2.61944e-09	0.0747747
2.63083e-09	0.0997214
2.64221e-09	0.12261
2.6536e-09	0.142657
2.66499e-09	0.159138
2.67638e-09	0.171409
2.68777e-09	0.178934
2.69916e-09	0.181299
2.71055e-09	0.178237
2.72194e-09	0.169635
2.73333e-09	0.15555
2.74471e-09	0.136207
2.7561e-09	0.112004
2.76749e-09	0.0835009
2.77888e-09	0.0514123
2.79027e-09	0.0165888
2.80166e-09	-0.0200039
2.81305e-09	-0.0573108
2.82444e-09	-0.094217
2.83582e-09	-0.12958
2.84721e-09	-0.162266
2.8586e-09	-0.19118
2.86999e-09	-0.215308
2.88138e-09	-0.233746
2.89277e-09	-0.245734
2.90416e-09	-0.250685
2.91555e-09	-0.248206
2.92694e-09	-0.238122
2.93832e-09	-0.220482
2.94971e-09	-0.195571
2.9611e-09	-0.163905
2.97249e-09	-0.126228
2.98388e-09	-0.0834873
2.99527e-09	-0.0368213
3.00666e-09	0.0124764
3.01805e-09	0.0629894
3.02944e-09	0.113218
3.04082e-09	0.161625
3.05221e-09	0.206679
3.0636e-09	0.246902
3.07499e-09	0.280921
3.08638e-09	0.307508
3.09777e-09	0.325625
3.10916e-09	0.334462
3.12055e-09	0.333468
3.13194e-09	0.322377
3.14332e-09	0.301222
3.15471e-09	0.270348
3.1661e-09	0.230404
3.17749e-09	0.182338
3.18888e-09	0.127371
3.20027e-09	0.0669737
3.21166e-09	0.00282281
3.22305e-09	-0.0632421
3.23443e-09	-0.129271
3.24582e-09	-0.193259
3.25721e-09	-0.253209
3.2686e-09	-0.307192
3.27999e-09	-0.353408
3.29138e-09	-0.390242
3.30277e-09	-0.416327
3.31416e-09	-0.430582
3.32555e-09	-0.432261
3.33693e-09	-0.420981
3.34832e-09	-0.396744
3.35971e-09	-0.359947
3.3711e-09	-0.311379
3.38249e-09	-0.25221
3.39388e-09	-0.183962
3.40527e-09	-0.108469
3.41666e-09	-0.0278355
3.42805e-09	0.0556276
3.43943e-09	0.139466
3.45082e-09	0.221155
3.46221e-09	0.298172
3.4736e-09	0.36808
3.48499e-09	0.428597
3.49638e-09	0.477675
3.50777e-09	0.513565
3.51916e-09	0.534878
3.53055e-09	0.540639
3.54193e-09	0.530321
3.55332e-09	0.503875
3.56471e-09	0.461739
3.5761e-09	0.404841
3.58749e-09	0.334573
3.59888e-09	0.252767
3.61027e-09	0.161642
3.62166e-09	0.0637483
3.63304e-09	-0.0381049
3.64443e-09	-0.14093
3.65582e-09	-0.241649
3.66721e-09	-0.337184
3.6786e-09	-0.424553
3.68999e-09	-0.500961
3.70138e-09	-0.563891
3.71277e-09	-0.611186
3.72416e-09	-0.641119
3.73554e-09	-0.652457
3.74693e-09	-0.644509
3.75832e-09	-0.617152
3.76971e-09	-0.570851
3.7811e-09	-0.506652
3.79249e-09	-0.426163
3.80388e-09	-0.331513
3.81527e-09	-0.225297
3.82666e-09	-0.110507
3.83804e-09	0.00955591
3.84943e-09	0.131373
3.86082e-09	0.251314
3.87221e-09	0.365744
3.8836e-09	0.471137
3.89499e-09	0.564181
3.90638e-09	0.641884
3.91777e-09	0.701671
3.92916e-09	0.741469
3.94054e-09	0.759777
3.95193e-09	0.755718
3.96332e-09	0.72908
3.97471e-09	0.680329
3.9861e-09	0.610606
3.99749e-09	0.521701
4.00888e-09	0.416009
4.02027e-09	0.296465
4.03165e-09	0.166461
4.04304e-09	0.0297544
4.05443e-09	-0.109649
4.06582e-09	-0.247606
4.07721e-09	-0.379967
4.0886e-09	-0.502695
4.09999e-09	-0.611994
4.11138e-09	-0.704428
4.12277e-09	-0.777023
4.13415e-09	-0.827373
4.14554e-09	-0.853711
4.15693e-09	-0.854975
4.16832e-09	-0.830843
4.17971e-09	-0.781759
4.1911e-09	-0.708921
4.20249e-09	-0.614255
4.21388e-09	-0.500366
4.22527e-09	-0.370462
4.23665e-09	-0.228268
4.24804e-09	-0.0779139
4.25943e-09	0.0761836
4.27082e-09	0.229454
4.28221e-09	0.37731
4.2936e-09	0.515286
4.30499e-09	0.639171
4.31638e-09	0.745146
4.32777e-09	0.829895
4.33915e-09	0.890715
4.35054e-09	0.9256
4.36193e-09	0.933307
4.37332e-09	0.913403
4.38471e-09	0.866278
4.3961e-09	0.793146
4.40749e-09	0.696009
4.41888e-09	0.577605
4.43026e-09	0.441327
4.44165e-09	0.291129
4.45304e-09	0.131405
4.46443e-09	-0.0331372
4.47582e-09	-0.197619
4.48721e-09	-0.357135
4.4986e-09	-0.506905
4.50999e-09	-0.642414
4.52138e-09	-0.759555
4.53276e-09	-0.854751
4.54415e-09	-0.925069
4.55554e-09	-0.968307
4.56693e-09	-0.983068
4.57832e-09	-0.968804
4.58971e-09	-0.925833
4.6011e-09	-0.855338
4.61249e-09	-0.759329
4.62388e-09	-0.640587
4.63526e-09	-0.502584
4.64665e-09	-0.349377
4.65804e-09	-0.185491
4.66943e-09	-0.0157776
4.68082e-09	0.154723
4.69221e-09	0.32094
4.7036e-09	0.477921
4.71499e-09	0.620984
4.72637e-09	0.745857
4.73776e-09	0.848809
4.74915e-09	0.926762
4.76054e-09	0.977383
4.77193e-09	0.999157
4.78332e-09	0.991434
4.79471e-09	0.954445
4.8061e-09	0.889295
4.81749e-09	0.797935
4.82887e-09	0.683097
4.84026e-09	0.548213
4.85165e-09	0.397313
4.86304e-09	0.2349
4.87443e-09	0.0658146
4.88582e-09	-0.104909
4.89721e-09	-0.272197
4.9086e-09	-0.431089
4.91999e-09	-0.576886
4.93137e-09	-0.705293
4.94276e-09	-0.812543
4.95415e-09	-0.895516
4.96554e-09	-0.951823
4.97693e-09	-0.979882
4.98832e-09	-0.978959
4.99971e-09	-0.949189
5.0111e-09	-0.89157
5.02249e-09	-0.807925
5.03387e-09	-0.700849
5.04526e-09	-0.573624
5.05665e-09	-0.430119
5.06804e-09	-0.274671
5.07943e-09	-0.111952
5.09082e-09	0.0531747
5.10221e-09	0.215799
5.1136e-09	0.371115
5.12498e-09	0.51456
5.13637e-09	0.641955
5.14776e-09	0.749626
5.15915e-09	0.834512
5.17054e-09	0.894251
5.18193e-09	0.927247
5.19332e-09	0.932715
5.20471e-09	0.910695
5.2161e-09	0.862049
5.22748e-09	0.788425
5.23887e-09	0.692203
5.25026e-09	0.576417
5.26165e-09	0.444663
5.27304e-09	0.300978
5.28443e-09	0.149724
5.29582e-09	-0.00455337
5.30721e-09	-0.157257
5.3186e-09	-0.303882
5.32998e-09	-0.440144
5.34137e-09	-0.562111
5.35276e-09	-0.666316
5.36415e-09	-0.749856
5.37554e-09	-0.810473
5.38693e-09	-0.846615
5.39832e-09	-0.85748
5.40971e-09	-0.843022
5.4211e-09	-0.803954
5.43248e-09	-0.741713
5.44387e-09	-0.65841
5.45526e-09	-0.556758
5.46665e-09	-0.439985
5.47804e-09	-0.311731
5.48943e-09	-0.175931
5.50082e-09	-0.0366974
5.51221e-09	0.101807
5.52359e-09	0.235497
5.53498e-09	0.360481
5.54637e-09	0.473181
5.55776e-09	0.570432
5.56915e-09	0.649572
5.58054e-09	0.708516
5.59193e-09	0.745808
5.60332e-09	0.760658
5.61471e-09	0.752957
5.62609e-09	0.723266
5.63748e-09	0.672794
5.64887e-09	0.60335
5.66026e-09	0.517279
5.67165e-09	0.417384
5.68304e-09	0.306838
5.69443e-09	0.189078
5.70582e-09	0.0677005
5.71721e-09	-0.0536478
5.72859e-09	-0.171382
5.73998e-09	-0.282085
5.75137e-09	-0.382605
5.76276e-09	-0.470149
5.77415e-09	-0.542356
5.78554e-09	-0.597365
5.79693e-09	-0.633858
5.80832e-09	-0.65109
5.81971e-09	-0.648905
5.83109e-09	-0.627726
5.84248e-09	-0.588532
5.85387e-09	-0.53282
5.86526e-09	-0.462551
5.87665e-09	-0.38008
5.88804e-09	-0.28808
5.89943e-09	-0.189455
5.91082e-09	-0.087249
5.9222e-09	0.0154486
5.93359e-09	0.115595
5.94498e-09	0.210287
5.95637e-09	0.296839
5.96776e-09	0.372868
5.97915e-09	0.436349
5.99054e-09	0.485676
6.00193e-09	0.519695
6.01332e-09	0.537735
6.0247e-09	0.539611
6.03609e-09	0.525626
6.04748e-09	0.496544
6.05887e-09	0.453564
6.07026e-09	0.398268
6.08165e-09	0.33257
6.09304e-09	0.25865
6.10443e-09	0.178879
6.11582e-09	0.0957502
6.1272e-09	0.0117956
6.13859e-09	-0.0704871
6.14998e-09	-0.14871
6.16137e-09	-0.220663
6.17276e-09	-0.284376
6.18415e-09	-0.338171
6.19554e-09	-0.380708
6.20693e-09	-0.411014
6.21832e-09	-0.428503
6.2297e-09	-0.432984
6.24109e-09	-0.42466
6.25248e-09	-0.404107
6.26387e-09	-0.372249
6.27526e-09	-0.330323
6.28665e-09	-0.279833
6.29804e-09	-0.222497
6.30943e-09	-0.160189
6.32081e-09	-0.0948837
6.3322e-09	-0.0285882
6.34359e-09	0.0367138
6.35498e-09	0.099123
6.36637e-09	0.156879
6.37776e-09	0.208407
6.38915e-09	0.252363
6.40054e-09	0.287666
6.41193e-09	0.313521
6.42331e-09	0.329439
6.4347e-09	0.335237
6.44609e-09	0.33104
6.45748e-09	0.317267
6.46887e-09	0.294606
6.48026e-09	0.263992
6.49165e-09	0.226567
6.50304e-09	0.183639
6.51443e-09	0.136644
6.52581e-09	0.0870926
6.5372e-09	0.0365247
6.54859e-09	-0.0135358
6.55998e-09	-0.0616277
6.57137e-09	-0.106394
6.58276e-09	-0.146619
6.59415e-09	-0.181259
6.60554e-09	-0.209473
6.61692e-09	-0.230633
6.62831e-09	-0.244344
6.6397e-09	-0.250445
6.65109e-09	-0.249004
6.66248e-09	-0.240312
6.67387e-09	-0.224868
6.68526e-09	-0.203351
6.69665e-09	-0.176601
6.70804e-09	-0.145583
6.71942e-09	-0.111358
6.73081e-09	-0.0750455
6.7422e-09	-0.0377884
6.75359e-09	-0.000718829
6.76498e-09	0.0350757
6.77637e-09	0.0685833
6.78776e-09	0.0988957
6.79915e-09	0.125231
6.81054e-09	0.146954
6.82192e-09	0.163587
6.83331e-09	0.174823
6.8447e-09	0.180525
6.85609e-09	0.180726
6.86748e-09	0.175621
6.87887e-09	0.165556
6.89026e-09	0.151009
6.90165e-09	0.132578
6.91304e-09	0.110951
6.92442e-09	0.0868871
6.93581e-09	0.0611874
6.9472e-09	0.0346731
6.95859e-09	0.00815801
6.96998e-09	-0.0175751
6.98137e-09	-0.0417966
6.99276e-09	-0.0638497
7.00415e-09	-0.0831678
7.01553e-09	-0.0992872
7.02692e-09	-0.111858
7.03831e-09	-0.120648
7.0497e-09	-0.125548
7.06109e-09	-0.126569
7.07248e-09	-0.123836
7.08387e-09	-0.11758
7.09526e-09	-0.10813
7.10665e-09	-0.0958926
7.11803e-09	-0.0813446
7.12942e-09	-0.0650102
7.14081e-09	-0.0474454
7.1522e-09	-0.0292202
7.16359e-09	-0.0109004
7.17498e-09	0.00696897
7.18637e-09	0.0238788
7.19776e-09	0.03937
7.20915e-09	0.053045
7.22053e-09	0.0645773
7.23192e-09	0.0737176
7.24331e-09	0.0802988
7.2547e-09	0.0842368
7.26609e-09	0.08553
7.27748e-09	0.0842554
7.28887e-09	0.0805631
7.30026e-09	0.0746684
7.31165e-09	0.0668429
7.32303e-09	0.0574035
7.33442e-09	0.0467012
7.34581e-09	0.0351088
7.3572e-09	0.0230092
7.36859e-09	0.0107828
7.37998e-09	-0.00120309
7.39137e-09	-0.012605
7.40276e-09	-0.0231124
7.41414e-09	-0.0324557
7.42553e-09	-0.0404122
7.43692e-09	-0.046811
7.44831e-09	-0.0515351
7.4597e-09	-0.0545229
7.47109e-09	-0.0557676
7.48248e-09	-0.0553144
7.49387e-09	-0.053257
7.50526e-09	-0.0497324
7.51664e-09	-0.0449147
7.52803e-09	-0.0390085
7.53942e-09	-0.0322409
7.55081e-09	-0.0248536
7.5622e-09	-0.0170953
7.57359e-09	-0.00921365
7.58498e-09	-0.001448
7.59637e-09	0.00597749
7.60776e-09	0.0128598
7.61914e-09	0.0190219
7.63053e-09	0.0243172
7.64192e-09	0.028632
7.65331e-09	0.0318876
7.6647e-09	0.0340408
7.67609e-09	0.0350833
7.68748e-09	0.0350405
7.69887e-09	0.0339687
7.71026e-09	0.031952
7.72164e-09	0.0290987
7.73303e-09	0.0255361
7.74442e-09	0.0214064
7.75581e-09	0.0168613
7.7672e-09	0.012057
7.77859e-09	0.00714943
7.78998e-09	0.00228944
7.80137e-09	-0.00238143
7.81275e-09	-0.0067347
7.82414e-09	-0.0106581
7.83553e-09	-0.0140582
7.84692e-09	-0.0168621
7.85831e-09	-0.0190185
7.8697e-09	-0.0204981
7.88109e-09	-0.0212937
7.89248e-09	-0.0214185
7.90387e-09	-0.0209053
7.91525e-09	-0.0198041
7.92664e-09	-0.0181795
7.93803e-09	-0.0161086
7.94942e-09	-0.0136773
7.96081e-09	-0.0109776
7.9722e-09	-0.00810464
7.98359e-09	-0.0051532
7.99498e-09	-0.00221529
8.00637e-09	0.000622644
8.01775e-09	0.00328197
8.02914e-09	0.0056938
8.04053e-09	0.00780053
8.05192e-09	0.00955693
8.06331e-09	0.0109308
8.0747e-09	0.0119031
8.08609e-09	0.0124681
8.09748e-09	0.0126325
8.10887e-09	0.0124143
8.12025e-09	0.0118424
8.13164e-09	0.0109541
8.14303e-09	0.0097945
8.15442e-09	0.00841376
8.16581e-09	0.00686594
8.1772e-09	0.0052069
8.18859e-09	0.00349251
8.19998e-09	0.00177703
8.21136e-09	0.000111537
8.22275e-09	-0.00145743
8.23414e-09	-0.00288898
8.24553e-09	-0.0041488
8.25692e-09	-0.00520973
8.26831e-09	-0.00605225
8.2797e-09	-0.00666451
8.29109e-09	-0.0070423
8.30248e-09	-0.00718867
8.31386e-09	-0.00711344
8.32525e-09	-0.00683243
8.33664e-09	-0.00636668
8.34803e-09	-0.00574147
8.35942e-09	-0.00498529
8.37081e-09	-0.00412879
8.3822e-09	-0.00320373
8.39359e-09	-0.00224196
8.40498e-09	-0.00127443
8.41636e-09	-0.000330312
8.42775e-09	0.000563731
8.43914e-09	0.00138423
8.45053e-09	0.0021114
8.46192e-09	0.00272951
8.47331e-09	0.00322711
8.4847e-09	0.00359707
8.49609e-09	0.00383656
8.50747e-09	0.00394686
8.51886e-09	0.00393302
8.53025e-09	0.0038035
8.54164e-09	0.00356968
8.55303e-09	0.00324534
8.56442e-09	0.00284607
8.57581e-09	0.00238871
8.5872e-09	0.00189071
8.59859e-09	0.00136964
8.60997e-09	0.000842557
8.62136e-09	0.000325608
8.63275e-09	-0.00016645
8.64414e-09	-0.000620582
8.65553e-09	-0.00102577
8.66692e-09	-0.00137318
8.67831e-09	-0.00165634
8.6897e-09	-0.00187111
8.70109e-09	-0.00201572
8.71247e-09	-0.00209059
8.72386e-09	-0.00209824
8.73525e-09	-0.00204303
8.74664e-09	-0.0019309
8.75803e-09	-0.00176913
8.76942e-09	-0.00156595
8.78081e-09	-0.00133031
8.7922e-09	-0.0010715
8.80359e-09	-0.000798868
8.81497e-09	-0.000521536
8.82636e-09	-0.000248128
8.83775e-09	1.34457e-05
8.84914e-09	0.000256187
8.86053e-09	0.000474155
8.87192e-09	0.000662569
8.88331e-09	0.000817878
8.8947e-09	0.000937778
8.90608e-09	0.0010212
8.91747e-09	0.00106823
8.92886e-09	0.00108008
8.94025e-09	0.0010589
8.95164e-09	0.00100771
8.96303e-09	0.0009302
8.97442e-09	0.000830595
8.98581e-09	0.000713483
8.9972e-09	0.000583646
9.00858e-09	0.000445905
9.01997e-09	0.000304968
9.03136e-09	0.000165296
9.04275e-09	3.09885e-05
9.05414e-09	-9.432e-05
9.06553e-09	-0.000207532
9.07692e-09	-0.000306144
9.08831e-09	-0.000388277
9.0997e-09	-0.00045269
9.11108e-09	-0.000498769
9.12247e-09	-0.0005265
9.13386e-09	-0.000536422
9.14525e-09	-0.000529576
9.15664e-09	-0.000507429
9.16803e-09	-0.0004718
9.17942e-09	-0.000424781
9.19081e-09	-0.000368649
9.2022e-09	-0.000305783
9.21358e-09	-0.000238588
9.22497e-09	-0.000169415
9.23636e-09	-0.000100497
9.24775e-09	-3.38874e-05
9.25914e-09	2.85875e-05
9.27053e-09	8.53663e-05
9.28192e-09	0.00013518
9.29331e-09	0.00017707
9.30469e-09	0.00021039
9.31608e-09	0.000234804
9.32747e-09	0.000250273
9.33886e-09	0.000257031
9.35025e-09	0.000255557
9.36164e-09	0.000246543
9.37303e-09	0.000230857
9.38442e-09	0.000209497
9.39581e-09	0.000183557
9.40719e-09	0.000154183
9.41858e-09	0.000122534
9.42997e-09	8.9747e-05
9.44136e-09	5.69011e-05
9.45275e-09	2.49924e-05
9.46414e-09	-5.0913e-06
9.47553e-09	-3.25891e-05
9.48692e-09	-5.68795e-05
9.49831e-09	-7.74888e-05
9.50969e-09	-9.40929e-05
9.52108e-09	-0.000106516
9.53247e-09	-0.000114723
9.54386e-09	-0.000118811
