5.69443e-12	-0.000118763
1.70833e-11	-0.000114583
2.84721e-11	-0.000106281
3.9861e-11	-9.37618e-05
5.12498e-11	-7.70642e-05
6.26387e-11	-5.63672e-05
7.40276e-11	-3.19981e-05
8.54164e-11	-4.4341e-06
9.68053e-11	2.57e-05
1.08194e-10	5.76403e-05
1.19583e-10	9.04962e-05
1.30972e-10	0.00012327
1.42361e-10	0.00015488
1.5375e-10	0.000184188
1.65138e-10	0.000210037
1.76527e-10	0.00023128
1.87916e-10	0.000246826
1.99305e-10	0.000255677
2.10694e-10	0.000256971
2.22083e-10	0.00025002
2.33472e-10	0.000234349
2.4486e-10	0.000209731
2.56249e-10	0.000176212
2.67638e-10	0.000134134
2.79027e-10	8.41498e-05
2.90416e-10	2.72264e-05
3.01805e-10	-3.53608e-05
3.13194e-10	-0.000102044
3.24582e-10	-0.000170992
3.35971e-10	-0.000240145
3.4736e-10	-0.000307268
3.58749e-10	-0.000370007
3.70138e-10	-0.000425959
3.81527e-10	-0.000472744
3.92916e-10	-0.000508089
4.04304e-10	-0.000529908
4.15693e-10	-0.000536388
4.27082e-10	-0.00052607
4.38471e-10	-0.000497927
4.4986e-10	-0.000451429
4.61249e-10	-0.000386605
4.72637e-10	-0.000304081
4.84026e-10	-0.000205114
4.95415e-10	-9.15975e-05
5.06804e-10	3.39518e-05
5.18193e-10	0.000168424
5.29582e-10	0.000308171
5.40971e-10	0.000449086
5.52359e-10	0.000586701
5.63748e-10	0.000716303
5.75137e-10	0.00083307
5.86526e-10	0.000932223
5.97915e-10	0.00100918
6.09304e-10	0.00105973
6.20693e-10	0.00108019
6.32081e-10	0.00106756
6.4347e-10	0.00101971
6.54859e-10	0.000935458
6.66248e-10	0.000814737
6.77637e-10	0.000658646
6.89026e-10	0.000469516
7.00415e-10	0.000250929
7.11803e-10	7.68912e-06
7.23192e-10	-0.000254235
7.34581e-10	-0.000527822
7.4597e-10	-0.000805146
7.57359e-10	-0.00107757
7.68748e-10	-0.00133595
7.80137e-10	-0.00157096
7.91525e-10	-0.00177329
8.02914e-10	-0.00193403
8.14303e-10	-0.00204494
8.25692e-10	-0.00209879
8.37081e-10	-0.00208965
8.4847e-10	-0.00201321
8.59859e-10	-0.00186701
8.71247e-10	-0.00165066
8.82636e-10	-0.00136598
8.94025e-10	-0.00101717
9.05414e-10	-0.000610774
9.16803e-10	-0.000155649
9.28192e-10	0.000337125
9.39581e-10	0.000854474
9.50969e-10	0.0013816
9.62358e-10	0.00190235
9.73747e-10	0.00239961
9.85136e-10	0.00285585
9.96525e-10	0.0032536
1.00791e-09	0.00357605
1.0193e-09	0.00380764
1.03069e-09	0.00393466
1.04208e-09	0.00394576
1.05347e-09	0.00383257
1.06486e-09	0.00359011
1.07625e-09	0.0032172
1.08764e-09	0.00271678
1.09902e-09	0.00209604
1.11041e-09	0.00136656
1.1218e-09	0.000544159
1.13319e-09	-0.000351294
1.14458e-09	-0.00129625
1.15597e-09	-0.00226399
1.16736e-09	-0.00322527
1.17875e-09	-0.00414912
1.19014e-09	-0.00500369
1.20152e-09	-0.00575724
1.21291e-09	-0.00637913
1.2243e-09	-0.00684095
1.23569e-09	-0.0071175
1.24708e-09	-0.00718786
1.25847e-09	-0.00703631
1.26986e-09	-0.0066532
1.28125e-09	-0.00603563
1.29264e-09	-0.005188
1.30402e-09	-0.0041223
1.31541e-09	-0.00285826
1.3268e-09	-0.00142318
1.33819e-09	0.000148459
1.34958e-09	0.00181563
1.36097e-09	0.00353166
1.37236e-09	0.0052454
1.38375e-09	0.00690254
1.39513e-09	0.00844718
1.40652e-09	0.00982349
1.41791e-09	0.0109775
1.4293e-09	0.011859
1.44069e-09	0.0124233
1.45208e-09	0.0126331
1.46347e-09	0.0124598
1.47486e-09	0.0118856
1.48625e-09	0.010904
1.49763e-09	0.00952118
1.50902e-09	0.00775643
1.52041e-09	0.00564221
1.5318e-09	0.00322408
1.54319e-09	0.00055989
1.55458e-09	-0.00228122
1.56597e-09	-0.00522042
1.57736e-09	-0.00817112
1.58875e-09	-0.0110412
1.60013e-09	-0.0137358
1.61152e-09	-0.01616
1.62291e-09	-0.0182217
1.6343e-09	-0.0198352
1.64569e-09	-0.0209237
1.65708e-09	-0.0214229
1.66847e-09	-0.0212832
1.67986e-09	-0.0204721
1.69125e-09	-0.0189769
1.70263e-09	-0.0168055
1.71402e-09	-0.0139874
1.72541e-09	-0.0105745
1.7368e-09	-0.00664021
1.74819e-09	-0.00227841
1.75958e-09	0.00239824
1.77097e-09	0.00726092
1.78236e-09	0.0121678
1.79374e-09	0.016968
1.80513e-09	0.0215054
1.81652e-09	0.0256238
1.82791e-09	0.0291719
1.8393e-09	0.0320076
1.85069e-09	0.0340039
1.86208e-09	0.0350532
1.87347e-09	0.0350719
1.88486e-09	0.0340043
1.89624e-09	0.0318258
1.90763e-09	0.0285455
1.91902e-09	0.0242074
1.93041e-09	0.0188911
1.9418e-09	0.0127108
1.95319e-09	0.00581415
1.96458e-09	-0.00162141
1.97597e-09	-0.00939225
1.98736e-09	-0.0172738
1.99874e-09	-0.0250264
2.01013e-09	-0.0324024
2.02152e-09	-0.0391531
2.03291e-09	-0.045037
2.0443e-09	-0.0498275
2.05569e-09	-0.0533206
2.06708e-09	-0.055343
2.07847e-09	-0.0557585
2.08985e-09	-0.0544745
2.10124e-09	-0.0514469
2.11263e-09	-0.0466839
2.12402e-09	-0.0402483
2.13541e-09	-0.0322581
2.1468e-09	-0.0228857
2.15819e-09	-0.0123548
2.16958e-09	-0.000936103
2.18097e-09	0.0110591
2.19235e-09	0.0232868
2.20374e-09	0.0353792
2.21513e-09	0.0469556
2.22652e-09	0.0576333
2.23791e-09	0.0670398
2.2493e-09	0.0748248
2.26069e-09	0.0806723
2.27208e-09	0.0843119
2.28347e-09	0.0855296
2.29485e-09	0.0841769
2.30624e-09	0.0801785
2.31763e-09	0.0735379
2.32902e-09	0.0643411
2.34041e-09	0.0527571
2.3518e-09	0.0390369
2.36319e-09	0.0235088
2.37458e-09	0.00657192
2.38597e-09	-0.0113134
2.39735e-09	-0.0296373
2.40874e-09	-0.0478539
2.42013e-09	-0.065397
2.43152e-09	-0.0816969
2.44291e-09	-0.096198
2.4543e-09	-0.108377
2.46569e-09	-0.117759
2.47708e-09	-0.123938
2.48846e-09	-0.126588
2.49985e-09	-0.12548
2.51124e-09	-0.120491
2.52263e-09	-0.111613
2.53402e-09	-0.0989593
2.54541e-09	-0.082763
2.5568e-09	-0.0633773
2.56819e-09	-0.0412682
2.57958e-09	-0.0170048
2.59096e-09	0.00875443
2.60235e-09	0.0352784
2.61374e-09	0.0617833
2.62513e-09	0.0874549
2.63652e-09	0.111473
2.64791e-09	0.133035
2.6593e-09	0.151385
2.67069e-09	0.165836
2.68208e-09	0.175794
2.69346e-09	0.180782
2.70485e-09	0.180457
2.71624e-09	0.174629
2.72763e-09	0.163268
2.73902e-09	0.146515
2.75041e-09	0.124682
2.7618e-09	0.0982487
2.77319e-09	0.0678546
2.78458e-09	0.0342844
2.79596e-09	-0.00155061
2.80735e-09	-0.0386367
2.81874e-09	-0.0758851
2.83013e-09	-0.112163
2.84152e-09	-0.146327
2.85291e-09	-0.17726
2.8643e-09	-0.203901
2.87569e-09	-0.225289
2.88707e-09	-0.240587
2.89846e-09	-0.249118
2.90985e-09	-0.250391
2.92124e-09	-0.244117
2.93263e-09	-0.230234
2.94402e-09	-0.208908
2.95541e-09	-0.180541
2.9668e-09	-0.145763
2.97819e-09	-0.105423
2.98957e-09	-0.0605674
3.00096e-09	-0.0124153
3.01235e-09	0.0376732
3.02374e-09	0.0882351
3.03513e-09	0.137746
3.04652e-09	0.184665
3.05791e-09	0.227483
3.0693e-09	0.264768
3.08069e-09	0.295213
3.09207e-09	0.317681
3.10346e-09	0.331244
3.11485e-09	0.335217
3.12624e-09	0.32919
3.13763e-09	0.313043
3.14902e-09	0.286967
3.16041e-09	0.251457
3.1718e-09	0.207316
3.18319e-09	0.15563
3.19457e-09	0.0977508
3.20596e-09	0.0352557
3.21735e-09	-0.0300903
3.22874e-09	-0.0963855
3.24013e-09	-0.161645
3.25152e-09	-0.223862
3.26291e-09	-0.281063
3.2743e-09	-0.331377
3.28568e-09	-0.373089
3.29707e-09	-0.404703
3.30846e-09	-0.424988
3.31985e-09	-0.433026
3.33124e-09	-0.42825
3.34263e-09	-0.410467
3.35402e-09	-0.379875
3.36541e-09	-0.33707
3.3768e-09	-0.283033
3.38818e-09	-0.219113
3.39957e-09	-0.146995
3.41096e-09	-0.0686546
3.42235e-09	0.0136932
3.43374e-09	0.097657
3.44513e-09	0.180738
3.45652e-09	0.260403
3.46791e-09	0.334162
3.4793e-09	0.399647
3.49068e-09	0.454683
3.50207e-09	0.497364
3.51346e-09	0.526115
3.52485e-09	0.539747
3.53624e-09	0.537505
3.54763e-09	0.519098
3.55902e-09	0.484722
3.57041e-09	0.435059
3.5818e-09	0.371273
3.59318e-09	0.294982
3.60457e-09	0.208217
3.61596e-09	0.113371
3.62735e-09	0.0131331
3.63874e-09	-0.0895874
3.65013e-09	-0.191746
3.66152e-09	-0.290254
3.67291e-09	-0.382069
3.68429e-09	-0.464292
3.69568e-09	-0.534255
3.70707e-09	-0.589612
3.71846e-09	-0.628411
3.72985e-09	-0.649168
3.74124e-09	-0.650915
3.75263e-09	-0.633241
3.76402e-09	-0.596318
3.77541e-09	-0.540901
3.78679e-09	-0.468323
3.79818e-09	-0.380456
3.80957e-09	-0.279672
3.82096e-09	-0.168774
3.83235e-09	-0.0509185
3.84374e-09	0.0704707
3.85513e-09	0.191806
3.86652e-09	0.309442
3.87791e-09	0.419784
3.88929e-09	0.519398
3.90068e-09	0.605121
3.91207e-09	0.674159
3.92346e-09	0.724177
3.93485e-09	0.753379
3.94624e-09	0.760572
3.95763e-09	0.745208
3.96902e-09	0.707413
3.9804e-09	0.647992
3.99179e-09	0.568415
4.00318e-09	0.470782
4.01457e-09	0.357766
4.02596e-09	0.232543
4.03735e-09	0.0986999
4.04874e-09	-0.0398673
4.06013e-09	-0.179069
4.07152e-09	-0.314743
4.0829e-09	-0.44278
4.09429e-09	-0.559248
4.10568e-09	-0.660517
4.11707e-09	-0.74337
4.12846e-09	-0.805105
4.13985e-09	-0.843627
4.15124e-09	-0.857515
4.16263e-09	-0.846074
4.17402e-09	-0.809363
4.1854e-09	-0.748206
4.19679e-09	-0.664169
4.20818e-09	-0.559526
4.21957e-09	-0.437194
4.23096e-09	-0.300651
4.24235e-09	-0.15384
4.25374e-09	-0.00104951
4.26513e-09	0.15321
4.27652e-09	0.304343
4.2879e-09	0.447804
4.29929e-09	0.579239
4.31068e-09	0.694618
4.32207e-09	0.790358
4.33346e-09	0.863439
4.34485e-09	0.911496
4.35624e-09	0.932897
4.36763e-09	0.926802
4.37901e-09	0.893186
4.3904e-09	0.832856
4.40179e-09	0.747423
4.41318e-09	0.639267
4.42457e-09	0.511465
4.43596e-09	0.367702
4.44735e-09	0.212169
4.45874e-09	0.0494335
4.47013e-09	-0.115693
4.48151e-09	-0.278301
4.4929e-09	-0.433528
4.50429e-09	-0.57671
4.51568e-09	-0.703518
4.52707e-09	-0.810096
4.53846e-09	-0.893176
4.54985e-09	-0.95018
4.56124e-09	-0.979302
4.57263e-09	-0.979565
4.58401e-09	-0.950853
4.5954e-09	-0.89392
4.60679e-09	-0.810366
4.61818e-09	-0.702598
4.62957e-09	-0.573752
4.64096e-09	-0.427608
4.65235e-09	-0.268472
4.66374e-09	-0.10105
4.67513e-09	0.0696923
4.68651e-09	0.238681
4.6979e-09	0.400886
4.70929e-09	0.551471
4.72068e-09	0.685942
4.73207e-09	0.800282
4.74346e-09	0.891074
4.75485e-09	0.955603
4.76624e-09	0.991937
4.77762e-09	0.998989
4.78901e-09	0.976549
4.8004e-09	0.925287
4.81179e-09	0.846738
4.82318e-09	0.743251
4.83457e-09	0.617921
4.84596e-09	0.474493
4.85735e-09	0.317249
4.86874e-09	0.150879
4.88012e-09	-0.0196602
4.89151e-09	-0.189296
4.9029e-09	-0.352994
4.91429e-09	-0.505904
4.92568e-09	-0.643512
4.93707e-09	-0.761774
4.94846e-09	-0.857232
4.95985e-09	-0.927121
4.97124e-09	-0.969449
4.98262e-09	-0.983055
4.99401e-09	-0.967637
5.0054e-09	-0.923766
5.01679e-09	-0.852856
5.02818e-09	-0.757126
5.03957e-09	-0.639526
5.05096e-09	-0.503645
5.06235e-09	-0.353602
5.07374e-09	-0.19392
5.08512e-09	-0.0293821
5.09651e-09	0.135104
5.1079e-09	0.294663
5.11929e-09	0.444593
5.13068e-09	0.580506
5.14207e-09	0.698463
5.15346e-09	0.795082
5.16485e-09	0.867643
5.17623e-09	0.91416
5.18762e-09	0.933439
5.19901e-09	0.925106
5.2104e-09	0.889616
5.22179e-09	0.828227
5.23318e-09	0.742963
5.24457e-09	0.636543
5.25596e-09	0.512293
5.26735e-09	0.374045
5.27873e-09	0.226016
5.29012e-09	0.0726754
5.30151e-09	-0.0813874
5.3129e-09	-0.231604
5.32429e-09	-0.373564
5.33568e-09	-0.503143
5.34707e-09	-0.61663
5.35846e-09	-0.710826
5.36985e-09	-0.783144
5.38123e-09	-0.831671
5.39262e-09	-0.855228
5.40401e-09	-0.853389
5.4154e-09	-0.826491
5.42679e-09	-0.775613
5.43818e-09	-0.702538
5.44957e-09	-0.609687
5.46096e-09	-0.500043
5.47235e-09	-0.377053
5.48373e-09	-0.24452
5.49512e-09	-0.106483
5.50651e-09	0.0329047
5.5179e-09	0.169503
5.52929e-09	0.299309
5.54068e-09	0.418575
5.55207e-09	0.523917
5.56346e-09	0.612411
5.57484e-09	0.681675
5.58623e-09	0.729934
5.59762e-09	0.756061
5.60901e-09	0.759607
5.6204e-09	0.740799
5.63179e-09	0.700528
5.64318e-09	0.640309
5.65457e-09	0.562227
5.66596e-09	0.468868
5.67734e-09	0.363233
5.68873e-09	0.248637
5.70012e-09	0.128613
5.71151e-09	0.00679593
5.7229e-09	-0.113185
5.73429e-09	-0.227817
5.74568e-09	-0.333802
5.75707e-09	-0.428157
5.76846e-09	-0.508298
5.77984e-09	-0.572106
5.79123e-09	-0.617986
5.80262e-09	-0.644905
5.81401e-09	-0.652412
5.8254e-09	-0.640641
5.83679e-09	-0.610299
5.84818e-09	-0.562628
5.85957e-09	-0.499366
5.87095e-09	-0.42268
5.88234e-09	-0.335094
5.89373e-09	-0.239408
5.90512e-09	-0.138607
5.91651e-09	-0.0357693
5.9279e-09	0.0660266
5.93929e-09	0.163797
5.95068e-09	0.254737
5.96207e-09	0.336305
5.97345e-09	0.406287
5.98484e-09	0.462865
5.99623e-09	0.504652
6.00762e-09	0.530735
6.01901e-09	0.540686
6.0304e-09	0.534564
6.04179e-09	0.512907
6.05318e-09	0.476701
6.06457e-09	0.427343
6.07595e-09	0.366588
6.08734e-09	0.296493
6.09873e-09	0.219342
6.11012e-09	0.137576
6.12151e-09	0.0537183
6.1329e-09	-0.0297074
6.14429e-09	-0.110249
6.15568e-09	-0.1856
6.16707e-09	-0.253661
6.17845e-09	-0.312605
6.18984e-09	-0.360917
6.20123e-09	-0.397436
6.21262e-09	-0.421382
6.22401e-09	-0.432366
6.2354e-09	-0.430395
6.24679e-09	-0.415862
6.25818e-09	-0.38952
6.26956e-09	-0.352456
6.28095e-09	-0.306046
6.29234e-09	-0.251907
6.30373e-09	-0.191843
6.31512e-09	-0.127786
6.32651e-09	-0.0617344
6.3379e-09	0.00430828
6.34929e-09	0.0683939
6.36068e-09	0.128686
6.37206e-09	0.183511
6.38345e-09	0.231406
6.39484e-09	0.271153
6.40623e-09	0.301813
6.41762e-09	0.322741
6.42901e-09	0.333602
6.4404e-09	0.334368
6.45179e-09	0.325314
6.46318e-09	0.306994
6.47456e-09	0.280226
6.48595e-09	0.246052
6.49734e-09	0.205703
6.50873e-09	0.160557
6.52012e-09	0.112092
6.53151e-09	0.0618395
6.5429e-09	0.0113377
6.55429e-09	-0.0379156
6.56568e-09	-0.0845062
6.57706e-09	-0.127143
6.58845e-09	-0.164695
6.59984e-09	-0.196214
6.61123e-09	-0.220965
6.62262e-09	-0.238435
6.63401e-09	-0.248347
6.6454e-09	-0.250654
6.65679e-09	-0.245538
6.66817e-09	-0.233396
6.67956e-09	-0.21482
6.69095e-09	-0.190572
6.70234e-09	-0.161561
6.71373e-09	-0.128803
6.72512e-09	-0.0933916
6.73651e-09	-0.0564636
6.7479e-09	-0.0191608
6.75929e-09	0.0174032
6.77067e-09	0.0521749
6.78206e-09	0.084191
6.79345e-09	0.112604
6.80484e-09	0.136703
6.81623e-09	0.15593
6.82762e-09	0.169892
6.83901e-09	0.178368
6.8504e-09	0.181305
6.86179e-09	0.178819
6.87317e-09	0.171181
6.88456e-09	0.158808
6.89595e-09	0.142238
6.90734e-09	0.122118
6.91873e-09	0.0991746
6.93012e-09	0.0741905
6.94151e-09	0.0479808
6.9529e-09	0.0213658
6.96429e-09	-0.00485339
6.97567e-09	-0.0299178
6.98706e-09	-0.0531319
6.99845e-09	-0.0738822
7.00984e-09	-0.0916519
7.02123e-09	-0.106033
7.03262e-09	-0.116735
7.04401e-09	-0.123586
7.0554e-09	-0.126538
7.06678e-09	-0.12566
7.07817e-09	-0.12113
7.08956e-09	-0.113231
7.10095e-09	-0.102331
7.11234e-09	-0.0888756
7.12373e-09	-0.0733665
7.13512e-09	-0.0563461
7.14651e-09	-0.0383797
7.1579e-09	-0.0200374
7.16928e-09	-0.00187655
7.18067e-09	0.0155738
7.19206e-09	0.0318281
7.20345e-09	0.0464567
7.21484e-09	0.0590965
7.22623e-09	0.0694588
7.23762e-09	0.0773353
7.24901e-09	0.0826002
7.2604e-09	0.085211
7.27178e-09	0.085206
7.28317e-09	0.0826994
7.29456e-09	0.0778753
7.30595e-09	0.0709781
7.31734e-09	0.0623037
7.32873e-09	0.0521873
7.34012e-09	0.0409924
7.35151e-09	0.0290984
7.3629e-09	0.0168884
7.37428e-09	0.00473763
7.38567e-09	-0.0069973
7.39706e-09	-0.0179884
7.40845e-09	-0.0279446
7.41984e-09	-0.0366192
7.43123e-09	-0.0438149
7.44262e-09	-0.0493875
7.45401e-09	-0.0532477
7.46539e-09	-0.0553615
7.47678e-09	-0.0557485
7.48817e-09	-0.0544786
7.49956e-09	-0.051668
7.51095e-09	-0.047473
7.52234e-09	-0.0420839
7.53373e-09	-0.0357175
7.54512e-09	-0.0286092
7.55651e-09	-0.0210052
7.56789e-09	-0.0131546
7.57928e-09	-0.00530189
7.59067e-09	0.00232052
7.60206e-09	0.00949825
7.61345e-09	0.0160408
7.62484e-09	0.0217858
7.63623e-09	0.0266029
7.64762e-09	0.0303958
7.65901e-09	0.0331034
7.67039e-09	0.0347001
7.68178e-09	0.0351948
7.69317e-09	0.0346286
7.70456e-09	0.0330722
7.71595e-09	0.0306224
7.72734e-09	0.0273974
7.73873e-09	0.0235328
7.75012e-09	0.019176
7.7615e-09	0.0144817
7.77289e-09	0.00960652
7.78428e-09	0.00470438
7.79567e-09	-7.8006e-05
7.80706e-09	-0.00460519
7.81845e-09	-0.00875646
7.82984e-09	-0.0124287
7.84123e-09	-0.0155384
7.85262e-09	-0.0180236
7.864e-09	-0.0198439
7.87539e-09	-0.0209811
7.88678e-09	-0.0214383
7.89817e-09	-0.0212389
7.90956e-09	-0.0204245
7.92095e-09	-0.0190526
7.93234e-09	-0.0171946
7.94373e-09	-0.0149323
7.95512e-09	-0.0123551
7.9665e-09	-0.00955684
7.97789e-09	-0.00663288
7.98928e-09	-0.00367699
8.00067e-09	-0.000778702
8.01206e-09	0.00197919
8.02345e-09	0.0045227
8.03484e-09	0.00678843
8.04623e-09	0.00872485
8.05762e-09	0.0102932
8.069e-09	0.0114678
8.08039e-09	0.0122364
8.09178e-09	0.0125995
8.10317e-09	0.0125696
8.11456e-09	0.0121704
8.12595e-09	0.0114351
8.13734e-09	0.0104052
8.14873e-09	0.00912845
8.16011e-09	0.00765727
8.1715e-09	0.00604681
8.18289e-09	0.00435317
8.19428e-09	0.00263162
8.20567e-09	0.000935007
8.21706e-09	-0.000687713
8.22845e-09	-0.00219269
8.23984e-09	-0.00354223
8.25123e-09	-0.00470553
8.26261e-09	-0.00565921
8.274e-09	-0.0063876
8.28539e-09	-0.00688269
8.29678e-09	-0.00714395
8.30817e-09	-0.0071779
8.31956e-09	-0.00699745
8.33095e-09	-0.00662116
8.34234e-09	-0.00607229
8.35373e-09	-0.00537787
8.36511e-09	-0.00456761
8.3765e-09	-0.00367283
8.38789e-09	-0.00272547
8.39928e-09	-0.00175704
8.41067e-09	-0.000797708
8.42206e-09	0.000124517
8.43345e-09	0.000984501
8.44484e-09	0.00176056
8.45623e-09	0.00243491
8.46761e-09	0.00299392
8.479e-09	0.00342832
8.49039e-09	0.00373314
8.50178e-09	0.00390763
8.51317e-09	0.003955
8.52456e-09	0.00388207
8.53595e-09	0.00369881
8.54734e-09	0.00341788
8.55872e-09	0.00305404
8.57011e-09	0.00262357
8.5815e-09	0.00214369
8.59289e-09	0.00163198
8.60428e-09	0.00110581
8.61567e-09	0.000581857
8.62706e-09	7.56088e-05
8.63845e-09	-0.000398996
8.64984e-09	-0.000829897
8.66122e-09	-0.00120716
8.67261e-09	-0.00152311
8.684e-09	-0.00177244
8.69539e-09	-0.00195221
8.70678e-09	-0.00206176
8.71817e-09	-0.00210259
8.72956e-09	-0.00207816
8.74095e-09	-0.00199365
8.75234e-09	-0.00185573
8.76372e-09	-0.00167217
8.77511e-09	-0.00145161
8.7865e-09	-0.00120321
8.79789e-09	-0.000936333
8.80928e-09	-0.000660236
8.82067e-09	-0.000383828
8.83206e-09	-0.000115402
8.84345e-09	0.000137568
8.85484e-09	0.000368595
8.86622e-09	0.000572307
8.87761e-09	0.000744535
8.889e-09	0.00088235
8.90039e-09	0.000984068
8.91178e-09	0.00104921
8.92317e-09	0.00107844
8.93456e-09	0.00107345
8.94595e-09	0.00103684
8.95733e-09	0.000971992
8.96872e-09	0.000882879
8.98011e-09	0.000773932
8.9915e-09	0.000649853
9.00289e-09	0.000515465
9.01428e-09	0.00037555
9.02567e-09	0.000234708
9.03706e-09	9.72328e-05
9.04845e-09	-3.29976e-05
9.05983e-09	-0.000152609
9.07122e-09	-0.000258795
9.08261e-09	-0.000349363
9.094e-09	-0.000422751
9.10539e-09	-0.000478036
9.11678e-09	-0.000514907
9.12817e-09	-0.000533633
9.13956e-09	-0.000535013
9.15095e-09	-0.000520309
9.16233e-09	-0.000491174
9.17372e-09	-0.000449576
9.18511e-09	-0.000397707
9.1965e-09	-0.000337907
9.20789e-09	-0.000272578
9.21928e-09	-0.000204106
9.23067e-09	-0.000134791
9.24206e-09	-6.67838e-05
9.25345e-09	-2.02887e-06
9.26483e-09	5.77753e-05
9.27622e-09	0.000111211
9.28761e-09	0.000157163
9.299e-09	0.000194829
9.31039e-09	0.00022372
9.32178e-09	0.000243648
9.33317e-09	0.000254716
9.34456e-09	0.000257284
9.35594e-09	0.000251942
9.36733e-09	0.000239474
9.37872e-09	0.000220819
9.39011e-09	0.000197028
9.4015e-09	0.000169227
9.41289e-09	0.000138571
9.42428e-09	0.000106214
9.43567e-09	7.32668e-05
9.44706e-09	4.07713e-05
9.45844e-09	9.67175e-06
9.46983e-09	-1.92057e-05
9.48122e-09	-4.51684e-05
9.49261e-09	-6.76681e-05
9.504e-09	-8.63059e-05
9.51539e-09	-0.000100832
9.52678e-09	-0.000111144
9.53817e-09	-0.000117271
9.54956e-09	-0.000119373
