0	8.75341e-05
5.84368e-12	8.25101e-05
1.16874e-11	7.63186e-05
1.7531e-11	6.89312e-05
2.33747e-11	6.03292e-05
2.92184e-11	5.0504e-05
3.50621e-11	3.94586e-05
4.09058e-11	2.72079e-05
4.67495e-11	1.37795e-05
5.25931e-11	-7.85305e-07
5.84368e-11	-1.64314e-05
6.42805e-11	-3.3089e-05
7.01242e-11	-5.06734e-05
7.59679e-11	-6.90849e-05
8.18115e-11	-8.82082e-05
8.76552e-11	-0.000107913
9.34989e-11	-0.000128054
9.93426e-11	-0.000148471
1.05186e-10	-0.000168989
1.1103e-10	-0.00018942
1.16874e-10	-0.000209564
1.22717e-10	-0.000229208
1.28561e-10	-0.000248129
1.34405e-10	-0.000266095
1.40248e-10	-0.000282868
1.46092e-10	-0.000298201
1.51936e-10	-0.000311847
1.57779e-10	-0.000323555
1.63623e-10	-0.000333077
1.69467e-10	-0.000340167
1.7531e-10	-0.000344584
1.81154e-10	-0.000346099
1.86998e-10	-0.000344491
1.92841e-10	-0.000339556
1.98685e-10	-0.000331106
2.04529e-10	-0.000318974
2.10373e-10	-0.000303016
2.16216e-10	-0.000283115
2.2206e-10	-0.000259184
2.27904e-10	-0.000231168
2.33747e-10	-0.000199046
2.39591e-10	-0.000162835
2.45435e-10	-0.000122594
2.51278e-10	-7.84224e-05
2.57122e-10	-3.04636e-05
2.62966e-10	2.10924e-05
2.68809e-10	7.6009e-05
2.74653e-10	0.000134002
2.80497e-10	0.000194737
2.8634e-10	0.000257835
2.92184e-10	0.000322864
2.98028e-10	0.00038935
3.03871e-10	0.000456768
3.09715e-10	0.000524554
3.15559e-10	0.000592101
3.21402e-10	0.000658763
3.27246e-10	0.00072386
3.3309e-10	0.000786682
3.38934e-10	0.000846493
3.44777e-10	0.000902539
3.50621e-10	0.000954049
3.56465e-10	0.00100024
3.62308e-10	0.00104035
3.68152e-10	0.00107359
3.73996e-10	0.0010992
3.79839e-10	0.00111646
3.85683e-10	0.00112465
3.91527e-10	0.00112311
3.9737e-10	0.00111122
4.03214e-10	0.00108842
4.09058e-10	0.00105422
4.14901e-10	0.0010082
4.20745e-10	0.000950011
4.26589e-10	0.000879422
4.32432e-10	0.000796286
4.38276e-10	0.000700567
4.4412e-10	0.000592344
4.49963e-10	0.000471818
4.55807e-10	0.000339316
4.61651e-10	0.000195299
4.67495e-10	4.03623e-05
4.73338e-10	-0.000124759
4.79182e-10	-0.000299191
4.85026e-10	-0.000481916
4.90869e-10	-0.000671781
4.96713e-10	-0.00086749
5.02557e-10	-0.00106762
5.084e-10	-0.00127061
5.14244e-10	-0.00147478
5.20088e-10	-0.00167835
5.25931e-10	-0.00187941
5.31775e-10	-0.00207598
5.37619e-10	-0.002266
5.43462e-10	-0.00244733
5.49306e-10	-0.00261779
5.5515e-10	-0.00277517
5.60993e-10	-0.00291724
5.66837e-10	-0.0030418
5.72681e-10	-0.00314666
5.78524e-10	-0.00322967
5.84368e-10	-0.00328879
5.90212e-10	-0.00332203
5.96056e-10	-0.00332757
6.01899e-10	-0.00330371
6.07743e-10	-0.00324891
6.13587e-10	-0.00316185
6.1943e-10	-0.00304141
6.25274e-10	-0.00288671
6.31118e-10	-0.00269716
6.36961e-10	-0.00247241
6.42805e-10	-0.00221245
6.48649e-10	-0.00191757
6.54492e-10	-0.00158841
6.60336e-10	-0.00122594
6.6618e-10	-0.000831517
6.72023e-10	-0.000406846
6.77867e-10	4.59871e-05
6.83711e-10	0.000524523
6.89554e-10	0.00102593
6.95398e-10	0.001547
7.01242e-10	0.00208417
7.07085e-10	0.00263354
7.12929e-10	0.00319088
7.18773e-10	0.00375162
7.24617e-10	0.00431094
7.3046e-10	0.00486375
7.36304e-10	0.00540475
7.42148e-10	0.00592843
7.47991e-10	0.00642916
7.53835e-10	0.00690119
7.59679e-10	0.00733873
7.65522e-10	0.00773596
7.71366e-10	0.00808714
7.7721e-10	0.00838661
7.83053e-10	0.00862889
7.88897e-10	0.0088087
7.94741e-10	0.00892106
8.00584e-10	0.00896132
8.06428e-10	0.00892524
8.12272e-10	0.00880903
8.18115e-10	0.00860942
8.23959e-10	0.00832373
8.29803e-10	0.00794991
8.35646e-10	0.00748659
8.4149e-10	0.00693313
8.47334e-10	0.00628969
8.53178e-10	0.0055572
8.59021e-10	0.00473749
8.64865e-10	0.00383323
8.70709e-10	0.00284801
8.76552e-10	0.00178632
8.82396e-10	0.000653579
8.8824e-10	-0.0005439
8.94083e-10	-0.00179888
8.99927e-10	-0.00310326
9.05771e-10	-0.00444807
9.11614e-10	-0.00582351
9.17458e-10	-0.00721905
9.23302e-10	-0.00862342
9.29145e-10	-0.0100247
9.34989e-10	-0.0114104
9.40833e-10	-0.0127676
9.46676e-10	-0.014083
9.5252e-10	-0.0153428
9.58364e-10	-0.0165332
9.64207e-10	-0.0176405
9.70051e-10	-0.0186507
9.75895e-10	-0.0195501
9.81739e-10	-0.0203255
9.87582e-10	-0.020964
9.93426e-10	-0.0214533
9.9927e-10	-0.0217818
1.00511e-09	-0.0219389
1.01096e-09	-0.0219148
1.0168e-09	-0.0217011
1.02264e-09	-0.0212905
1.02849e-09	-0.020677
1.03433e-09	-0.0198564
1.04018e-09	-0.0188259
1.04602e-09	-0.0175846
1.05186e-09	-0.0161332
1.05771e-09	-0.0144745
1.06355e-09	-0.0126131
1.06939e-09	-0.0105557
1.07524e-09	-0.00831116
1.08108e-09	-0.00589012
1.08692e-09	-0.00330544
1.09277e-09	-0.000572003
1.09861e-09	0.00229335
1.10446e-09	0.00527182
1.1103e-09	0.00834277
1.11614e-09	0.0114838
1.12199e-09	0.014671
1.12783e-09	0.0178787
1.13367e-09	0.0210802
1.13952e-09	0.0242474
1.14536e-09	0.0273516
1.15121e-09	0.0303629
1.15705e-09	0.0332514
1.16289e-09	0.0359865
1.16874e-09	0.0385379
1.17458e-09	0.0408755
1.18042e-09	0.0429697
1.18627e-09	0.0447919
1.19211e-09	0.0463144
1.19795e-09	0.0475112
1.2038e-09	0.0483578
1.20964e-09	0.0488317
1.21549e-09	0.048913
1.22133e-09	0.0485841
1.22717e-09	0.0478302
1.23302e-09	0.0466398
1.23886e-09	0.0450046
1.2447e-09	0.0429198
1.25055e-09	0.0403844
1.25639e-09	0.0374012
1.26224e-09	0.0339771
1.26808e-09	0.030123
1.27392e-09	0.0258542
1.27977e-09	0.0211899
1.28561e-09	0.016154
1.29145e-09	0.010774
1.2973e-09	0.00508211
1.30314e-09	-0.000885892
1.30898e-09	-0.0070902
1.31483e-09	-0.0134874
1.32067e-09	-0.0200306
1.32652e-09	-0.02667
1.33236e-09	-0.0333527
1.3382e-09	-0.0400235
1.34405e-09	-0.0466251
1.34989e-09	-0.0530986
1.35573e-09	-0.0593838
1.36158e-09	-0.0654199
1.36742e-09	-0.0711459
1.37327e-09	-0.076501
1.37911e-09	-0.0814253
1.38495e-09	-0.0858605
1.3908e-09	-0.0897501
1.39664e-09	-0.0930403
1.40248e-09	-0.0956802
1.40833e-09	-0.0976229
1.41417e-09	-0.0988256
1.42001e-09	-0.0992503
1.42586e-09	-0.0988641
1.4317e-09	-0.0976402
1.43755e-09	-0.0955578
1.44339e-09	-0.0926027
1.44923e-09	-0.0887677
1.45508e-09	-0.0840531
1.46092e-09	-0.0784666
1.46676e-09	-0.0720235
1.47261e-09	-0.0647474
1.47845e-09	-0.0566694
1.4843e-09	-0.0478291
1.49014e-09	-0.0382737
1.49598e-09	-0.0280583
1.50183e-09	-0.0172456
1.50767e-09	-0.00590564
1.51351e-09	0.00588468
1.51936e-09	0.0180418
1.5252e-09	0.0304763
1.53104e-09	0.0430931
1.53689e-09	0.0557925
1.54273e-09	0.0684705
1.54858e-09	0.0810199
1.55442e-09	0.0933309
1.56026e-09	0.105292
1.56611e-09	0.116791
1.57195e-09	0.127716
1.57779e-09	0.137956
1.58364e-09	0.147403
1.58948e-09	0.15595
1.59533e-09	0.163498
1.60117e-09	0.169949
1.60701e-09	0.175213
1.61286e-09	0.179209
1.6187e-09	0.181862
1.62454e-09	0.183106
1.63039e-09	0.182885
1.63623e-09	0.181155
1.64207e-09	0.177882
1.64792e-09	0.173045
1.65376e-09	0.166635
1.65961e-09	0.158656
1.66545e-09	0.149125
1.67129e-09	0.138075
1.67714e-09	0.125551
1.68298e-09	0.111611
1.68882e-09	0.096328
1.69467e-09	0.0797893
1.70051e-09	0.0620942
1.70636e-09	0.0433553
1.7122e-09	0.0236971
1.71804e-09	0.00325575
1.72389e-09	-0.017822
1.72973e-09	-0.0393797
1.73557e-09	-0.0612523
1.74142e-09	-0.0832674
1.74726e-09	-0.105246
1.7531e-09	-0.127005
1.75895e-09	-0.148358
1.76479e-09	-0.169115
1.77064e-09	-0.189089
1.77648e-09	-0.20809
1.78232e-09	-0.225934
1.78817e-09	-0.242442
1.79401e-09	-0.257438
1.79985e-09	-0.270758
1.8057e-09	-0.282245
1.81154e-09	-0.291754
1.81739e-09	-0.299152
1.82323e-09	-0.304322
1.82907e-09	-0.30716
1.83492e-09	-0.30758
1.84076e-09	-0.305516
1.8466e-09	-0.300919
1.85245e-09	-0.293759
1.85829e-09	-0.284029
1.86413e-09	-0.271743
1.86998e-09	-0.256936
1.87582e-09	-0.239665
1.88167e-09	-0.220011
1.88751e-09	-0.198073
1.89335e-09	-0.173977
1.8992e-09	-0.147865
1.90504e-09	-0.119903
1.91088e-09	-0.0902748
1.91673e-09	-0.0591839
1.92257e-09	-0.0268499
1.92841e-09	0.00649132
1.93426e-09	0.0405901
1.9401e-09	0.0751844
1.94595e-09	0.110002
1.95179e-09	0.144761
1.95763e-09	0.179176
1.96348e-09	0.212956
1.96932e-09	0.245809
1.97516e-09	0.277444
1.98101e-09	0.307573
1.98685e-09	0.335916
1.9927e-09	0.362199
1.99854e-09	0.38616
2.00438e-09	0.407553
2.01023e-09	0.426144
2.01607e-09	0.441719
2.02191e-09	0.454085
2.02776e-09	0.463072
2.0336e-09	0.468532
2.03944e-09	0.470346
2.04529e-09	0.468422
2.05113e-09	0.462695
2.05698e-09	0.453134
2.06282e-09	0.439736
2.06866e-09	0.422533
2.07451e-09	0.401586
2.08035e-09	0.37699
2.08619e-09	0.348873
2.09204e-09	0.317393
2.09788e-09	0.28274
2.10373e-09	0.245135
2.10957e-09	0.204826
2.11541e-09	0.162089
2.12126e-09	0.117226
2.1271e-09	0.0705622
2.13294e-09	0.0224427
2.13879e-09	-0.0267674
2.14463e-09	-0.0766878
2.15047e-09	-0.126925
2.15632e-09	-0.177077
2.16216e-09	-0.226733
2.16801e-09	-0.27548
2.17385e-09	-0.322906
2.17969e-09	-0.368601
2.18554e-09	-0.412164
2.19138e-09	-0.453203
2.19722e-09	-0.491341
2.20307e-09	-0.526219
2.20891e-09	-0.557496
2.21476e-09	-0.58486
2.2206e-09	-0.608022
2.22644e-09	-0.626724
2.23229e-09	-0.640742
2.23813e-09	-0.649886
2.24397e-09	-0.654003
2.24982e-09	-0.652979
2.25566e-09	-0.646742
2.2615e-09	-0.635259
2.26735e-09	-0.618544
2.27319e-09	-0.596651
2.27904e-09	-0.569679
2.28488e-09	-0.537769
2.29072e-09	-0.501106
2.29657e-09	-0.459918
2.30241e-09	-0.414471
2.30825e-09	-0.365072
2.3141e-09	-0.312064
2.31994e-09	-0.255824
2.32579e-09	-0.196762
2.33163e-09	-0.135316
2.33747e-09	-0.0719517
2.34332e-09	-0.0071539
2.34916e-09	0.0585726
2.355e-09	0.124709
2.36085e-09	0.190727
2.36669e-09	0.256091
2.37253e-09	0.320265
2.37838e-09	0.382716
2.38422e-09	0.442918
2.39007e-09	0.500358
2.39591e-09	0.554538
2.40175e-09	0.604983
2.4076e-09	0.65124
2.41344e-09	0.692887
2.41928e-09	0.729536
2.42513e-09	0.760834
2.43097e-09	0.786467
2.43682e-09	0.806166
2.44266e-09	0.819707
2.4485e-09	0.826914
2.45435e-09	0.827661
2.46019e-09	0.821875
2.46603e-09	0.809533
2.47188e-09	0.790668
2.47772e-09	0.765366
2.48356e-09	0.733766
2.48941e-09	0.696062
2.49525e-09	0.652497
2.5011e-09	0.603366
2.50694e-09	0.549012
2.51278e-09	0.489825
2.51863e-09	0.426236
2.52447e-09	0.358717
2.53031e-09	0.287778
2.53616e-09	0.213958
2.542e-09	0.137826
2.54785e-09	0.0599751
2.55369e-09	-0.0189837
2.55953e-09	-0.0984251
2.56538e-09	-0.177715
2.57122e-09	-0.256215
2.57706e-09	-0.33329
2.58291e-09	-0.408309
2.58875e-09	-0.480657
2.59459e-09	-0.549734
2.60044e-09	-0.614961
2.60628e-09	-0.675791
2.61213e-09	-0.731705
2.61797e-09	-0.782224
2.62381e-09	-0.826907
2.62966e-09	-0.865361
2.6355e-09	-0.897239
2.64134e-09	-0.922246
2.64719e-09	-0.940143
2.65303e-09	-0.950747
2.65888e-09	-0.953932
2.66472e-09	-0.949633
2.67056e-09	-0.937847
2.67641e-09	-0.91863
2.68225e-09	-0.8921
2.68809e-09	-0.858435
2.69394e-09	-0.817872
2.69978e-09	-0.770705
2.70562e-09	-0.717283
2.71147e-09	-0.658008
2.71731e-09	-0.593333
2.72316e-09	-0.523752
2.729e-09	-0.449806
2.73484e-09	-0.37207
2.74069e-09	-0.291154
2.74653e-09	-0.207695
2.75237e-09	-0.122352
2.75822e-09	-0.0358025
2.76406e-09	0.0512647
2.76991e-09	0.138155
2.77575e-09	0.224172
2.78159e-09	0.308628
2.78744e-09	0.390843
2.79328e-09	0.470155
2.79912e-09	0.545926
2.80497e-09	0.617543
2.81081e-09	0.684427
2.81665e-09	0.746038
2.8225e-09	0.801876
2.82834e-09	0.851488
2.83419e-09	0.894472
2.84003e-09	0.930479
2.84587e-09	0.959216
2.85172e-09	0.98045
2.85756e-09	0.994008
2.8634e-09	0.99978
2.86925e-09	0.997719
2.87509e-09	0.987841
2.88094e-09	0.970228
2.88678e-09	0.945022
2.89262e-09	0.912428
2.89847e-09	0.872711
2.90431e-09	0.826193
2.91015e-09	0.773253
2.916e-09	0.714319
2.92184e-09	0.649869
2.92768e-09	0.580425
2.93353e-09	0.506549
2.93937e-09	0.428837
2.94522e-09	0.347917
2.95106e-09	0.264439
2.9569e-09	0.179077
2.96275e-09	0.0925138
2.96859e-09	0.00544382
2.97443e-09	-0.0814374
2.98028e-09	-0.167437
2.98612e-09	-0.251873
2.99197e-09	-0.334076
2.99781e-09	-0.413396
3.00365e-09	-0.489213
3.0095e-09	-0.560932
3.01534e-09	-0.627997
3.02118e-09	-0.689891
3.02703e-09	-0.74614
3.03287e-09	-0.796319
3.03871e-09	-0.840052
3.04456e-09	-0.87702
3.0504e-09	-0.906958
3.05625e-09	-0.929659
3.06209e-09	-0.944978
3.06793e-09	-0.952829
3.07378e-09	-0.953187
3.07962e-09	-0.946087
3.08546e-09	-0.931628
3.09131e-09	-0.909964
3.09715e-09	-0.881309
3.103e-09	-0.845932
3.10884e-09	-0.804156
3.11468e-09	-0.756351
3.12053e-09	-0.702936
3.12637e-09	-0.644374
3.13221e-09	-0.581164
3.13806e-09	-0.513842
3.1439e-09	-0.442971
3.14974e-09	-0.369142
3.15559e-09	-0.292964
3.16143e-09	-0.21506
3.16728e-09	-0.136065
3.17312e-09	-0.0566161
3.17896e-09	0.02265
3.18481e-09	0.101103
3.19065e-09	0.178125
3.19649e-09	0.253113
3.20234e-09	0.325487
3.20818e-09	0.394693
3.21402e-09	0.460205
3.21987e-09	0.521535
3.22571e-09	0.578231
3.23156e-09	0.629883
3.2374e-09	0.676126
3.24324e-09	0.716642
3.24909e-09	0.751163
3.25493e-09	0.77947
3.26077e-09	0.8014
3.26662e-09	0.816841
3.27246e-09	0.825735
3.27831e-09	0.828079
3.28415e-09	0.823921
3.28999e-09	0.813363
3.29584e-09	0.796558
3.30168e-09	0.773707
3.30752e-09	0.745058
3.31337e-09	0.710904
3.31921e-09	0.671579
3.32505e-09	0.627456
3.3309e-09	0.578942
3.33674e-09	0.526474
3.34259e-09	0.470519
3.34843e-09	0.411563
3.35427e-09	0.350112
3.36012e-09	0.286689
3.36596e-09	0.221822
3.3718e-09	0.156048
3.37765e-09	0.0899013
3.38349e-09	0.0239151
3.38934e-09	-0.0413868
3.39518e-09	-0.105493
3.40102e-09	-0.167907
3.40687e-09	-0.228155
3.41271e-09	-0.285785
3.41855e-09	-0.340375
3.4244e-09	-0.391529
3.43024e-09	-0.43889
3.43608e-09	-0.482133
3.44193e-09	-0.520971
3.44777e-09	-0.555159
3.45362e-09	-0.584492
3.45946e-09	-0.608808
3.4653e-09	-0.627987
3.47115e-09	-0.641953
3.47699e-09	-0.650675
3.48283e-09	-0.654164
3.48868e-09	-0.652472
3.49452e-09	-0.645694
3.50037e-09	-0.633965
3.50621e-09	-0.617457
3.51205e-09	-0.596379
3.5179e-09	-0.570973
3.52374e-09	-0.541512
3.52958e-09	-0.5083
3.53543e-09	-0.471664
3.54127e-09	-0.431954
3.54711e-09	-0.38954
3.55296e-09	-0.344805
3.5588e-09	-0.298149
3.56465e-09	-0.249977
3.57049e-09	-0.2007
3.57633e-09	-0.150732
3.58218e-09	-0.100485
3.58802e-09	-0.0503641
3.59386e-09	-0.000769001
3.59971e-09	0.0479139
3.60555e-09	0.0953121
3.6114e-09	0.141071
3.61724e-09	0.184854
3.62308e-09	0.22635
3.62893e-09	0.26527
3.63477e-09	0.301351
3.64061e-09	0.33436
3.64646e-09	0.364093
3.6523e-09	0.390376
3.65814e-09	0.413066
3.66399e-09	0.432054
3.66983e-09	0.447261
3.67568e-09	0.458642
3.68152e-09	0.466184
3.68736e-09	0.469905
3.69321e-09	0.469853
3.69905e-09	0.466107
3.70489e-09	0.458776
3.71074e-09	0.447991
3.71658e-09	0.433914
3.72243e-09	0.416727
3.72827e-09	0.396635
3.73411e-09	0.373861
3.73996e-09	0.348646
3.7458e-09	0.321247
3.75164e-09	0.29193
3.75749e-09	0.260973
3.76333e-09	0.228661
3.76917e-09	0.195284
3.77502e-09	0.161134
3.78086e-09	0.126502
3.78671e-09	0.0916764
3.79255e-09	0.0569419
3.79839e-09	0.0225749
3.80424e-09	-0.0111573
3.81008e-09	-0.043999
3.81592e-09	-0.0757075
3.82177e-09	-0.106055
3.82761e-09	-0.134831
3.83346e-09	-0.161842
3.8393e-09	-0.186913
3.84514e-09	-0.20989
3.85099e-09	-0.230641
3.85683e-09	-0.249053
3.86267e-09	-0.265036
3.86852e-09	-0.278523
3.87436e-09	-0.289467
3.8802e-09	-0.297846
3.88605e-09	-0.303655
3.89189e-09	-0.306915
3.89774e-09	-0.307665
3.90358e-09	-0.305963
3.90942e-09	-0.301887
3.91527e-09	-0.295531
3.92111e-09	-0.287007
3.92695e-09	-0.276441
3.9328e-09	-0.263971
3.93864e-09	-0.249748
3.94449e-09	-0.233936
3.95033e-09	-0.216703
3.95617e-09	-0.198227
3.96202e-09	-0.178692
3.96786e-09	-0.158283
3.9737e-09	-0.137188
3.97955e-09	-0.115598
3.98539e-09	-0.0937006
3.99123e-09	-0.0716801
3.99708e-09	-0.0497181
4.00292e-09	-0.02799
4.00877e-09	-0.00666476
4.01461e-09	0.0140971
4.02045e-09	0.0341442
4.0263e-09	0.0533351
4.03214e-09	0.0715397
4.03798e-09	0.0886397
4.04383e-09	0.104529
4.04967e-09	0.119116
4.05552e-09	0.132319
4.06136e-09	0.144075
4.0672e-09	0.15433
4.07305e-09	0.163047
4.07889e-09	0.170203
4.08473e-09	0.175785
4.09058e-09	0.179797
4.09642e-09	0.182255
4.10226e-09	0.183187
4.10811e-09	0.182631
4.11395e-09	0.180638
4.1198e-09	0.17727
4.12564e-09	0.172597
4.13148e-09	0.166698
4.13733e-09	0.159658
4.14317e-09	0.151573
4.14901e-09	0.142539
4.15486e-09	0.132662
4.1607e-09	0.122048
4.16655e-09	0.110807
4.17239e-09	0.0990507
4.17823e-09	0.0868916
4.18408e-09	0.0744414
4.18992e-09	0.0618108
4.19576e-09	0.0491084
4.20161e-09	0.0364397
4.20745e-09	0.0239067
4.21329e-09	0.0116066
4.21914e-09	-0.000368402
4.22498e-09	-0.0119318
4.23083e-09	-0.0230036
4.23667e-09	-0.0335104
4.24251e-09	-0.043386
4.24836e-09	-0.0525716
4.2542e-09	-0.0610163
4.26004e-09	-0.0686769
4.26589e-09	-0.0755182
4.27173e-09	-0.0815132
4.27758e-09	-0.0866425
4.28342e-09	-0.0908948
4.28926e-09	-0.0942665
4.29511e-09	-0.0967612
4.30095e-09	-0.0983898
4.30679e-09	-0.0991701
4.31264e-09	-0.099126
4.31848e-09	-0.0982877
4.32432e-09	-0.0966907
4.33017e-09	-0.0943756
4.33601e-09	-0.0913875
4.34186e-09	-0.0877755
4.3477e-09	-0.083592
4.35354e-09	-0.0788924
4.35939e-09	-0.0737341
4.36523e-09	-0.0681764
4.37107e-09	-0.0622796
4.37692e-09	-0.0561049
4.38276e-09	-0.0497131
4.38861e-09	-0.0431647
4.39445e-09	-0.0365195
4.40029e-09	-0.0298354
4.40614e-09	-0.0231688
4.41198e-09	-0.0165736
4.41782e-09	-0.0101011
4.42367e-09	-0.00379975
4.42951e-09	0.00228545
4.43535e-09	0.00811295
4.4412e-09	0.013645
4.44704e-09	0.0188477
4.45289e-09	0.0236913
4.45873e-09	0.0281503
4.46457e-09	0.0322031
4.47042e-09	0.0358326
4.47626e-09	0.0390259
4.4821e-09	0.0417741
4.48795e-09	0.0440726
4.49379e-09	0.0459205
4.49963e-09	0.047321
4.50548e-09	0.0482805
4.51132e-09	0.0488092
4.51717e-09	0.0489203
4.52301e-09	0.0486301
4.52885e-09	0.0479575
4.5347e-09	0.0469238
4.54054e-09	0.0455526
4.54638e-09	0.0438691
4.55223e-09	0.0419003
4.55807e-09	0.0396744
4.56392e-09	0.0372206
4.56976e-09	0.0345687
4.5756e-09	0.0317492
4.58145e-09	0.0287923
4.58729e-09	0.0257284
4.59313e-09	0.0225874
4.59898e-09	0.0193986
4.60482e-09	0.0161904
4.61066e-09	0.0129903
4.61651e-09	0.00982427
4.62235e-09	0.0067172
4.6282e-09	0.00369221
4.63404e-09	0.000770785
4.63988e-09	-0.0020274
4.64573e-09	-0.00468456
4.65157e-09	-0.00718489
4.65741e-09	-0.00951458
4.66326e-09	-0.0116619
4.6691e-09	-0.0136171
4.67495e-09	-0.0153726
4.68079e-09	-0.0169227
4.68663e-09	-0.0182638
4.69248e-09	-0.0193942
4.69832e-09	-0.0203141
4.70416e-09	-0.0210253
4.71001e-09	-0.0215314
4.71585e-09	-0.0218377
4.72169e-09	-0.0219506
4.72754e-09	-0.0218783
4.73338e-09	-0.0216297
4.73923e-09	-0.0212152
4.74507e-09	-0.020646
4.75091e-09	-0.0199339
4.75676e-09	-0.0190916
4.7626e-09	-0.0181322
4.76844e-09	-0.0170693
4.77429e-09	-0.0159165
4.78013e-09	-0.0146879
4.78598e-09	-0.0133971
4.79182e-09	-0.0120581
4.79766e-09	-0.0106842
4.80351e-09	-0.00928874
4.80935e-09	-0.00788431
4.81519e-09	-0.00648314
4.82104e-09	-0.00509681
4.82688e-09	-0.00373622
4.83272e-09	-0.00241151
4.83857e-09	-0.00113205
4.84441e-09	9.36424e-05
4.85026e-09	0.00125791
4.8561e-09	0.00235401
4.86194e-09	0.00337609
4.86779e-09	0.00431923
4.87363e-09	0.0051794
4.87947e-09	0.00595351
4.88532e-09	0.00663933
4.89116e-09	0.00723551
4.89701e-09	0.00774152
4.90285e-09	0.00815763
4.90869e-09	0.00848488
4.91454e-09	0.00872499
4.92038e-09	0.00888036
4.92622e-09	0.00895398
4.93207e-09	0.0089494
4.93791e-09	0.00887066
4.94375e-09	0.00872221
4.9496e-09	0.0085089
4.95544e-09	0.00823587
4.96129e-09	0.0079085
4.96713e-09	0.00753239
4.97297e-09	0.00711323
4.97882e-09	0.00665683
4.98466e-09	0.00616898
4.9905e-09	0.00565547
4.99635e-09	0.00512198
5.00219e-09	0.00457409
5.00804e-09	0.00401721
5.01388e-09	0.00345652
5.01972e-09	0.00289699
5.02557e-09	0.0023433
5.03141e-09	0.00179983
5.03725e-09	0.00127066
5.0431e-09	0.000759516
5.04894e-09	0.000269766
5.05478e-09	-0.00019558
5.06063e-09	-0.000633882
5.06647e-09	-0.00104288
5.07232e-09	-0.00142068
5.07816e-09	-0.00176577
5.084e-09	-0.002077
5.08985e-09	-0.00235357
5.09569e-09	-0.00259503
5.10153e-09	-0.00280124
5.10738e-09	-0.0029724
5.11322e-09	-0.00310898
5.11907e-09	-0.00321174
5.12491e-09	-0.00328168
5.13075e-09	-0.00332002
5.1366e-09	-0.00332822
5.14244e-09	-0.00330789
5.14828e-09	-0.00326079
5.15413e-09	-0.00318886
5.15997e-09	-0.00309409
5.16581e-09	-0.0029786
5.17166e-09	-0.00284455
5.1775e-09	-0.00269415
5.18335e-09	-0.00252961
5.18919e-09	-0.00235316
5.19503e-09	-0.00216699
5.20088e-09	-0.00197327
5.20672e-09	-0.00177408
5.21256e-09	-0.00157146
5.21841e-09	-0.00136734
5.22425e-09	-0.00116357
5.2301e-09	-0.000961889
5.23594e-09	-0.000763899
5.24178e-09	-0.000571095
5.24763e-09	-0.000384833
5.25347e-09	-0.000206335
5.25931e-09	-3.66831e-05
5.26516e-09	0.000123181
5.271e-09	0.000272457
5.27684e-09	0.000410482
5.28269e-09	0.000536733
5.28853e-09	0.000650821
5.29438e-09	0.000752484
5.30022e-09	0.000841586
5.30606e-09	0.000918111
5.31191e-09	0.00098215
5.31775e-09	0.0010339
5.32359e-09	0.00107366
5.32944e-09	0.00110181
5.33528e-09	0.0011188
5.34113e-09	0.00112517
5.34697e-09	0.00112151
5.35281e-09	0.00110847
5.35866e-09	0.00108672
5.3645e-09	0.001057
5.37034e-09	0.00102006
5.37619e-09	0.000976655
5.38203e-09	0.000927567
5.38787e-09	0.000873574
5.39372e-09	0.000815452
5.39956e-09	0.000753964
5.40541e-09	0.000689855
5.41125e-09	0.000623849
5.41709e-09	0.000556639
5.42294e-09	0.000488888
5.42878e-09	0.000421222
5.43462e-09	0.000354227
5.44047e-09	0.000288445
5.44631e-09	0.000224375
5.45216e-09	0.00016247
5.458e-09	0.000103132
5.46384e-09	4.67193e-05
5.46969e-09	-6.46201e-06
5.47553e-09	-5.61523e-05
5.48137e-09	-0.00010214
5.48722e-09	-0.000144259
5.49306e-09	-0.00018239
5.4989e-09	-0.000216454
5.50475e-09	-0.000246416
5.51059e-09	-0.000272279
5.51644e-09	-0.000294081
5.52228e-09	-0.000311895
5.52812e-09	-0.000325824
5.53397e-09	-0.000336
5.53981e-09	-0.000342579
5.54565e-09	-0.000345739
5.5515e-09	-0.000345678
5.55734e-09	-0.000342608
5.56319e-09	-0.000336755
5.56903e-09	-0.000328356
5.57487e-09	-0.000317653
5.58072e-09	-0.000304894
5.58656e-09	-0.00029033
5.5924e-09	-0.000274209
5.59825e-09	-0.000256778
5.60409e-09	-0.000238281
5.60993e-09	-0.000218951
5.61578e-09	-0.000199017
5.62162e-09	-0.000178696
5.62747e-09	-0.000158195
5.63331e-09	-0.000137707
5.63915e-09	-0.000117415
5.645e-09	-9.74841e-05
5.65084e-09	-7.80679e-05
5.65668e-09	-5.93037e-05
5.66253e-09	-4.13139e-05
5.66837e-09	-2.42055e-05
5.67422e-09	-8.07042e-06
5.68006e-09	7.01468e-06
5.6859e-09	2.09877e-05
5.69175e-09	3.38009e-05
5.69759e-09	4.54202e-05
5.70343e-09	5.58248e-05
5.70928e-09	6.50062e-05
5.71512e-09	7.29676e-05
5.72096e-09	7.97229e-05
5.72681e-09	8.52962e-05
