2.92184e-12	8.51659e-05
8.76552e-12	7.95623e-05
1.46092e-11	7.27758e-05
2.04529e-11	6.47828e-05
2.62966e-11	5.55696e-05
3.21402e-11	4.51332e-05
3.79839e-11	3.34825e-05
4.38276e-11	2.06387e-05
4.96713e-11	6.63606e-06
5.5515e-11	-8.47721e-06
6.13587e-11	-2.46387e-05
6.72023e-11	-4.17712e-05
7.3046e-11	-5.97826e-05
7.88897e-11	-7.85653e-05
8.47334e-11	-9.79967e-05
9.05771e-11	-0.000117939
9.64207e-11	-0.000138239
1.02264e-10	-0.000158729
1.08108e-10	-0.000179228
1.13952e-10	-0.000199541
1.19795e-10	-0.000219462
1.25639e-10	-0.000238773
1.31483e-10	-0.000257246
1.37327e-10	-0.000274646
1.4317e-10	-0.00029073
1.49014e-10	-0.00030525
1.54858e-10	-0.000317959
1.60701e-10	-0.000328605
1.66545e-10	-0.000336941
1.72389e-10	-0.000342724
1.78232e-10	-0.000345719
1.84076e-10	-0.000345699
1.8992e-10	-0.000342452
1.95763e-10	-0.000335782
2.01607e-10	-0.00032551
2.07451e-10	-0.000311481
2.13294e-10	-0.000293565
2.19138e-10	-0.000271658
2.24982e-10	-0.000245689
2.30825e-10	-0.00021562
2.36669e-10	-0.000181449
2.42513e-10	-0.000143213
2.48356e-10	-0.000100992
2.542e-10	-5.49056e-05
2.60044e-10	-5.1216e-06
2.65888e-10	4.81473e-05
2.71731e-10	0.000104641
2.77575e-10	0.000164049
2.83419e-10	0.000226017
2.89262e-10	0.000290137
2.95106e-10	0.000355956
3.0095e-10	0.000422977
3.06793e-10	0.000490652
3.12637e-10	0.000558397
3.18481e-10	0.000625584
3.24324e-10	0.00069155
3.30168e-10	0.0007556
3.36012e-10	0.000817011
3.41855e-10	0.000875035
3.47699e-10	0.000928909
3.53543e-10	0.000977859
3.59386e-10	0.00102111
3.6523e-10	0.00105787
3.71074e-10	0.00108739
3.76917e-10	0.00110892
3.82761e-10	0.00112173
3.88605e-10	0.00112513
3.94449e-10	0.00111849
4.00292e-10	0.00110122
4.06136e-10	0.00107277
4.1198e-10	0.00103271
4.17823e-10	0.000980641
4.23667e-10	0.000916278
4.29511e-10	0.000839428
4.35354e-10	0.000749998
4.41198e-10	0.000648009
4.47042e-10	0.000533601
4.52885e-10	0.000407038
4.58729e-10	0.000268713
4.64573e-10	0.000119153
4.70416e-10	-4.09767e-05
4.7626e-10	-0.000210871
4.82104e-10	-0.000389586
4.87947e-10	-0.000576034
4.93791e-10	-0.000768991
4.99635e-10	-0.000967096
5.05478e-10	-0.00116886
5.11322e-10	-0.00137266
5.17166e-10	-0.00157676
5.2301e-10	-0.00177931
5.28853e-10	-0.00197839
5.34697e-10	-0.00217194
5.40541e-10	-0.00235788
5.46384e-10	-0.00253405
5.52228e-10	-0.00269825
5.58072e-10	-0.00284826
5.63915e-10	-0.00298185
5.69759e-10	-0.00309683
5.75603e-10	-0.00319103
5.81446e-10	-0.00326234
5.8729e-10	-0.00330876
5.93134e-10	-0.00332838
5.98977e-10	-0.00331942
6.04821e-10	-0.00328026
6.10665e-10	-0.00320949
6.16508e-10	-0.00310586
6.22352e-10	-0.00296839
6.28196e-10	-0.00279632
6.34039e-10	-0.00258919
6.39883e-10	-0.00234682
6.45727e-10	-0.00206934
6.51571e-10	-0.00175722
6.57414e-10	-0.00141126
6.63258e-10	-0.00103263
6.69102e-10	-0.000622841
6.74945e-10	-0.000183805
6.80789e-10	0.000282211
6.86633e-10	0.000772558
6.92476e-10	0.00128422
6.9832e-10	0.00181381
7.04164e-10	0.00235759
7.10007e-10	0.00291149
7.15851e-10	0.00347112
7.21695e-10	0.00403177
7.27538e-10	0.00458849
7.33382e-10	0.00513607
7.39226e-10	0.00566911
7.45069e-10	0.00618203
7.50913e-10	0.00666913
7.56757e-10	0.00712464
7.626e-10	0.00754274
7.68444e-10	0.00791766
7.74288e-10	0.00824368
7.80132e-10	0.00851523
7.85975e-10	0.00872692
7.91819e-10	0.00887361
7.97663e-10	0.00895048
8.03506e-10	0.00895307
8.0935e-10	0.00887737
8.15194e-10	0.00871983
8.21037e-10	0.00847748
8.26881e-10	0.00814794
8.32725e-10	0.0077295
8.38568e-10	0.00722114
8.44412e-10	0.00662262
8.50256e-10	0.00593448
8.56099e-10	0.0051581
8.61943e-10	0.00429572
8.67787e-10	0.00335048
8.7363e-10	0.00232641
8.79474e-10	0.00122846
8.85318e-10	6.25004e-05
8.91161e-10	-0.00116469
8.97005e-10	-0.00244544
9.02849e-10	-0.0037712
9.08693e-10	-0.0051326
9.14536e-10	-0.00651946
9.2038e-10	-0.00792086
9.26224e-10	-0.00932521
9.32067e-10	-0.0107203
9.37911e-10	-0.0120934
9.43755e-10	-0.0134314
9.49598e-10	-0.0147207
9.55442e-10	-0.0159476
9.61286e-10	-0.0170981
9.67129e-10	-0.0181586
9.72973e-10	-0.0191151
9.78817e-10	-0.0199541
9.8466e-10	-0.0206627
9.90504e-10	-0.021228
9.96348e-10	-0.0216383
1.00219e-09	-0.0218824
1.00804e-09	-0.0219501
1.01388e-09	-0.0218322
1.01972e-09	-0.0215208
1.02557e-09	-0.0210094
1.03141e-09	-0.0202928
1.03725e-09	-0.0193675
1.0431e-09	-0.0182316
1.04894e-09	-0.016885
1.05478e-09	-0.0153295
1.06063e-09	-0.0135687
1.06647e-09	-0.0116084
1.07232e-09	-0.00945623
1.07816e-09	-0.00712194
1.084e-09	-0.00461735
1.08985e-09	-0.00195631
1.09569e-09	0.000845312
1.10153e-09	0.00376969
1.10738e-09	0.00679709
1.11322e-09	0.009906
1.11907e-09	0.0130732
1.12491e-09	0.0162739
1.13075e-09	0.0194819
1.1366e-09	0.0226699
1.14244e-09	0.0258092
1.14828e-09	0.0288707
1.15413e-09	0.0318244
1.15997e-09	0.03464
1.16581e-09	0.037287
1.17166e-09	0.0397353
1.1775e-09	0.0419549
1.18335e-09	0.0439166
1.18919e-09	0.0455923
1.19503e-09	0.0469551
1.20088e-09	0.0479797
1.20672e-09	0.0486426
1.21256e-09	0.0489226
1.21841e-09	0.0488008
1.22425e-09	0.048261
1.2301e-09	0.0472901
1.23594e-09	0.0458782
1.24178e-09	0.0440185
1.24763e-09	0.0417083
1.25347e-09	0.0389484
1.25931e-09	0.0357436
1.26516e-09	0.0321029
1.271e-09	0.0280393
1.27684e-09	0.0235701
1.28269e-09	0.0187168
1.28853e-09	0.0135051
1.29438e-09	0.00796492
1.30022e-09	0.00213022
1.30606e-09	-0.00396114
1.31191e-09	-0.0102675
1.31775e-09	-0.0167438
1.32359e-09	-0.0233415
1.32944e-09	-0.0300093
1.33528e-09	-0.0366931
1.34112e-09	-0.0433366
1.34697e-09	-0.0498816
1.35281e-09	-0.0562685
1.35866e-09	-0.0624368
1.3645e-09	-0.0683255
1.37034e-09	-0.0738736
1.37619e-09	-0.0790207
1.38203e-09	-0.0837077
1.38787e-09	-0.087877
1.39372e-09	-0.0914734
1.39956e-09	-0.0944446
1.40541e-09	-0.0967415
1.41125e-09	-0.0983193
1.41709e-09	-0.0991374
1.42294e-09	-0.0991604
1.42878e-09	-0.0983583
1.43462e-09	-0.0967073
1.44047e-09	-0.0941899
1.44631e-09	-0.0907953
1.45215e-09	-0.0865201
1.458e-09	-0.0813681
1.46384e-09	-0.0753508
1.46969e-09	-0.0684878
1.47553e-09	-0.0608063
1.48137e-09	-0.0523418
1.48722e-09	-0.0431376
1.49306e-09	-0.0332448
1.4989e-09	-0.0227224
1.50475e-09	-0.0116369
1.51059e-09	-6.1699e-05
1.51644e-09	0.0119229
1.52228e-09	0.0242302
1.52812e-09	0.0367681
1.53397e-09	0.0494389
1.53981e-09	0.0621408
1.54565e-09	0.0747681
1.5515e-09	0.0872121
1.55734e-09	0.0993622
1.56318e-09	0.111106
1.56903e-09	0.122332
1.57487e-09	0.132929
1.58072e-09	0.142785
1.58656e-09	0.151795
1.5924e-09	0.159855
1.59825e-09	0.166866
1.60409e-09	0.172735
1.60993e-09	0.177375
1.61578e-09	0.180708
1.62162e-09	0.182664
1.62747e-09	0.183181
1.63331e-09	0.182211
1.63915e-09	0.179713
1.645e-09	0.17566
1.65084e-09	0.170036
1.65668e-09	0.16284
1.66253e-09	0.154083
1.66837e-09	0.143788
1.67421e-09	0.131994
1.68006e-09	0.118753
1.6859e-09	0.104132
1.69175e-09	0.0882097
1.69759e-09	0.0710796
1.70343e-09	0.0528477
1.70928e-09	0.0336328
1.71512e-09	0.0135654
1.72096e-09	-0.00721312
1.72681e-09	-0.0285509
1.73265e-09	-0.0502872
1.7385e-09	-0.072253
1.74434e-09	-0.0942727
1.75018e-09	-0.116165
1.75603e-09	-0.137744
1.76187e-09	-0.158823
1.76771e-09	-0.179212
1.77356e-09	-0.198722
1.7794e-09	-0.217168
1.78524e-09	-0.234366
1.79109e-09	-0.250139
1.79693e-09	-0.264318
1.80278e-09	-0.27674
1.80862e-09	-0.287255
1.81446e-09	-0.295725
1.82031e-09	-0.302022
1.82615e-09	-0.306038
1.83199e-09	-0.307677
1.83784e-09	-0.306863
1.84368e-09	-0.303537
1.84953e-09	-0.29766
1.85537e-09	-0.289215
1.86121e-09	-0.278204
1.86706e-09	-0.264652
1.8729e-09	-0.248604
1.87874e-09	-0.23013
1.88459e-09	-0.20932
1.89043e-09	-0.186286
1.89627e-09	-0.161163
1.90212e-09	-0.134104
1.90796e-09	-0.105285
1.91381e-09	-0.0748989
1.91965e-09	-0.0431579
1.92549e-09	-0.0102899
1.93134e-09	0.0234621
1.93718e-09	0.0578421
1.94302e-09	0.0925825
1.94887e-09	0.127406
1.95471e-09	0.16203
1.96056e-09	0.196164
1.9664e-09	0.229517
1.97224e-09	0.261797
1.97809e-09	0.292714
1.98393e-09	0.321985
1.98977e-09	0.349331
1.99562e-09	0.374486
2.00146e-09	0.397193
2.0073e-09	0.417212
2.01315e-09	0.434321
2.01899e-09	0.448314
2.02484e-09	0.459011
2.03068e-09	0.466251
2.03652e-09	0.469901
2.04237e-09	0.469856
2.04821e-09	0.466036
2.05405e-09	0.458395
2.0599e-09	0.446914
2.06574e-09	0.431607
2.07159e-09	0.412522
2.07743e-09	0.389737
2.08327e-09	0.363363
2.08912e-09	0.333542
2.09496e-09	0.30045
2.1008e-09	0.264292
2.10665e-09	0.225302
2.11249e-09	0.183743
2.11833e-09	0.139904
2.12418e-09	0.0940982
2.13002e-09	0.046662
2.13587e-09	-0.00204942
2.14171e-09	-0.0516631
2.14755e-09	-0.101792
2.1534e-09	-0.152037
2.15924e-09	-0.201993
2.16508e-09	-0.251246
2.17093e-09	-0.299384
2.17677e-09	-0.345995
2.18262e-09	-0.390674
2.18846e-09	-0.433023
2.1943e-09	-0.472658
2.20015e-09	-0.509209
2.20599e-09	-0.542328
2.21183e-09	-0.571686
2.21768e-09	-0.596983
2.22352e-09	-0.617945
2.22936e-09	-0.634332
2.23521e-09	-0.645934
2.24105e-09	-0.652581
2.2469e-09	-0.654139
2.25274e-09	-0.650515
2.25858e-09	-0.641656
2.26443e-09	-0.627554
2.27027e-09	-0.60824
2.27611e-09	-0.583792
2.28196e-09	-0.55433
2.2878e-09	-0.520019
2.29365e-09	-0.481062
2.29949e-09	-0.437709
2.30533e-09	-0.390245
2.31118e-09	-0.338996
2.31702e-09	-0.284323
2.32286e-09	-0.226619
2.32871e-09	-0.166309
2.33455e-09	-0.103844
2.34039e-09	-0.0397008
2.34624e-09	0.0256254
2.35208e-09	0.0916225
2.35793e-09	0.157766
2.36377e-09	0.223524
2.36961e-09	0.28836
2.37546e-09	0.351739
2.3813e-09	0.41313
2.38714e-09	0.472015
2.39299e-09	0.527886
2.39883e-09	0.580256
2.40468e-09	0.628662
2.41052e-09	0.672665
2.41636e-09	0.71186
2.42221e-09	0.745874
2.42805e-09	0.774376
2.43389e-09	0.797073
2.43974e-09	0.813718
2.44558e-09	0.824111
2.45142e-09	0.828101
2.45727e-09	0.825587
2.46311e-09	0.816522
2.46896e-09	0.800912
2.4748e-09	0.778814
2.48064e-09	0.750342
2.48649e-09	0.715663
2.49233e-09	0.674994
2.49817e-09	0.628606
2.50402e-09	0.576818
2.50986e-09	0.519996
2.51571e-09	0.458552
2.52155e-09	0.392937
2.52739e-09	0.323642
2.53324e-09	0.251193
2.53908e-09	0.176144
2.54492e-09	0.0990777
2.55077e-09	0.0205953
2.55661e-09	-0.0586836
2.56245e-09	-0.138129
2.5683e-09	-0.217104
2.57414e-09	-0.29497
2.57999e-09	-0.371095
2.58583e-09	-0.444855
2.59167e-09	-0.515641
2.59752e-09	-0.582864
2.60336e-09	-0.645959
2.6092e-09	-0.704393
2.61505e-09	-0.757667
2.62089e-09	-0.805321
2.62673e-09	-0.846936
2.63258e-09	-0.882141
2.63842e-09	-0.910617
2.64427e-09	-0.932096
2.65011e-09	-0.946366
2.65595e-09	-0.953272
2.6618e-09	-0.95272
2.66764e-09	-0.944674
2.67348e-09	-0.929162
2.67933e-09	-0.90627
2.68517e-09	-0.876146
2.69102e-09	-0.838999
2.69686e-09	-0.795093
2.7027e-09	-0.744752
2.70855e-09	-0.68835
2.71439e-09	-0.626316
2.72023e-09	-0.559123
2.72608e-09	-0.48729
2.73192e-09	-0.411374
2.73776e-09	-0.331971
2.74361e-09	-0.249702
2.74945e-09	-0.165217
2.7553e-09	-0.0791852
2.76114e-09	0.00770975
2.76698e-09	0.0947754
2.77283e-09	0.181316
2.77867e-09	0.266638
2.78451e-09	0.350057
2.79036e-09	0.430902
2.7962e-09	0.508522
2.80205e-09	0.582291
2.80789e-09	0.651612
2.81373e-09	0.715924
2.81958e-09	0.774708
2.82542e-09	0.827487
2.83126e-09	0.873832
2.83711e-09	0.913367
2.84295e-09	0.945772
2.84879e-09	0.970783
2.85464e-09	0.988197
2.86048e-09	0.997872
2.86633e-09	0.999729
2.87217e-09	0.993753
2.87801e-09	0.979994
2.88386e-09	0.958563
2.8897e-09	0.929633
2.89554e-09	0.893441
2.90139e-09	0.85028
2.90723e-09	0.8005
2.91308e-09	0.744506
2.91892e-09	0.682752
2.92476e-09	0.615737
2.93061e-09	0.544005
2.93645e-09	0.468134
2.94229e-09	0.388738
2.94814e-09	0.306456
2.95398e-09	0.221951
2.95982e-09	0.135902
2.96567e-09	0.0489987
2.97151e-09	-0.0380638
2.97736e-09	-0.124591
2.9832e-09	-0.209893
2.98904e-09	-0.293295
2.99489e-09	-0.374136
3.00073e-09	-0.45178
3.00657e-09	-0.52562
3.01242e-09	-0.59508
3.01826e-09	-0.659621
3.02411e-09	-0.718749
3.02995e-09	-0.772013
3.03579e-09	-0.819012
3.04164e-09	-0.8594
3.04748e-09	-0.892882
3.05332e-09	-0.919224
3.05917e-09	-0.938248
3.06501e-09	-0.94984
3.07085e-09	-0.953944
3.0767e-09	-0.950564
3.08254e-09	-0.939769
3.08839e-09	-0.921685
3.09423e-09	-0.896495
3.10007e-09	-0.864442
3.10592e-09	-0.825822
3.11176e-09	-0.780982
3.1176e-09	-0.730317
3.12345e-09	-0.674268
3.12929e-09	-0.613318
3.13514e-09	-0.547983
3.14098e-09	-0.478814
3.14682e-09	-0.406389
3.15267e-09	-0.331308
3.15851e-09	-0.254188
3.16435e-09	-0.175659
3.1702e-09	-0.0963574
3.17604e-09	-0.0169206
3.18188e-09	0.0620173
3.18773e-09	0.139831
3.19357e-09	0.21591
3.19942e-09	0.289662
3.20526e-09	0.36052
3.2111e-09	0.427942
3.21695e-09	0.491422
3.22279e-09	0.550489
3.22863e-09	0.604712
3.23448e-09	0.653702
3.24032e-09	0.697118
3.24617e-09	0.734667
3.25201e-09	0.766105
3.25785e-09	0.791241
3.2637e-09	0.809937
3.26954e-09	0.822108
3.27538e-09	0.827724
3.28123e-09	0.826808
3.28707e-09	0.819434
3.29291e-09	0.80573
3.29876e-09	0.785874
3.3046e-09	0.76009
3.31045e-09	0.728649
3.31629e-09	0.691866
3.32213e-09	0.650093
3.32798e-09	0.603721
3.33382e-09	0.553174
3.33966e-09	0.498903
3.34551e-09	0.441384
3.35135e-09	0.381117
3.3572e-09	0.318615
3.36304e-09	0.254403
3.36888e-09	0.189015
3.37473e-09	0.122988
3.38057e-09	0.0568551
3.38641e-09	-0.00885375
3.39226e-09	-0.0736206
3.3981e-09	-0.136941
3.40394e-09	-0.19833
3.40979e-09	-0.257324
3.41563e-09	-0.313485
3.42148e-09	-0.366405
3.42732e-09	-0.415705
3.43316e-09	-0.461045
3.43901e-09	-0.502119
3.44485e-09	-0.53866
3.45069e-09	-0.570444
3.45654e-09	-0.597286
3.46238e-09	-0.619045
3.46823e-09	-0.635625
3.47407e-09	-0.64697
3.47991e-09	-0.653072
3.48576e-09	-0.653961
3.4916e-09	-0.649711
3.49744e-09	-0.640439
3.50329e-09	-0.626296
3.50913e-09	-0.607475
3.51497e-09	-0.5842
3.52082e-09	-0.556731
3.52666e-09	-0.525355
3.53251e-09	-0.490389
3.53835e-09	-0.452171
3.54419e-09	-0.411061
3.55004e-09	-0.367438
3.55588e-09	-0.321692
3.56172e-09	-0.274227
3.56757e-09	-0.225451
3.57341e-09	-0.175777
3.57926e-09	-0.125618
3.5851e-09	-0.0753833
3.59094e-09	-0.0254764
3.59679e-09	0.0237101
3.60263e-09	0.0717962
3.60847e-09	0.118418
3.61432e-09	0.163229
3.62016e-09	0.205907
3.626e-09	0.246149
3.63185e-09	0.28368
3.63769e-09	0.318253
3.64354e-09	0.349648
3.64938e-09	0.377675
3.65522e-09	0.402178
3.66107e-09	0.423028
3.66691e-09	0.440133
3.67275e-09	0.453431
3.6786e-09	0.462893
3.68444e-09	0.46852
3.69029e-09	0.470346
3.69613e-09	0.468436
3.70197e-09	0.462882
3.70782e-09	0.453806
3.71366e-09	0.441353
3.7195e-09	0.425697
3.72535e-09	0.407031
3.73119e-09	0.385569
3.73703e-09	0.361543
3.74288e-09	0.335203
3.74872e-09	0.306811
3.75457e-09	0.276639
3.76041e-09	0.244968
3.76625e-09	0.212088
3.7721e-09	0.178288
3.77794e-09	0.14386
3.78378e-09	0.109095
3.78963e-09	0.0742803
3.79547e-09	0.0396955
3.80131e-09	0.00561316
3.80716e-09	-0.027705
3.813e-09	-0.0600095
3.81885e-09	-0.0910651
3.82469e-09	-0.120652
3.83053e-09	-0.148568
3.83638e-09	-0.17463
3.84222e-09	-0.198672
3.84806e-09	-0.220551
3.85391e-09	-0.240145
3.85975e-09	-0.257353
3.8656e-09	-0.272095
3.87144e-09	-0.284315
3.87728e-09	-0.293978
3.88313e-09	-0.301071
3.88897e-09	-0.305602
3.89481e-09	-0.307601
3.90066e-09	-0.307116
3.9065e-09	-0.304216
3.91234e-09	-0.298988
3.91819e-09	-0.291533
3.92403e-09	-0.281971
3.92988e-09	-0.270434
3.93572e-09	-0.257069
3.94156e-09	-0.242031
3.94741e-09	-0.225486
3.95325e-09	-0.207609
3.95909e-09	-0.18858
3.96494e-09	-0.168585
3.97078e-09	-0.147809
3.97663e-09	-0.126444
3.98247e-09	-0.104676
3.98831e-09	-0.0826943
3.99416e-09	-0.0606807
4e-09	-0.0388141
4.00584e-09	-0.0172668
4.01169e-09	0.0037963
4.01753e-09	0.0242191
4.02337e-09	0.043855
4.02922e-09	0.0625684
4.03506e-09	0.0802347
4.04091e-09	0.0967419
4.04675e-09	0.111991
4.05259e-09	0.125895
4.05844e-09	0.138382
4.06428e-09	0.149393
4.07012e-09	0.158883
4.07597e-09	0.166821
4.08181e-09	0.173191
4.08766e-09	0.177987
4.0935e-09	0.181219
4.09934e-09	0.18291
4.10519e-09	0.183092
4.11103e-09	0.18181
4.11687e-09	0.179122
4.12272e-09	0.175092
4.12856e-09	0.169795
4.1344e-09	0.163315
4.14025e-09	0.15574
4.14609e-09	0.147168
4.15194e-09	0.137699
4.15778e-09	0.12744
4.16362e-09	0.116499
4.16947e-09	0.104986
4.17531e-09	0.0930145
4.18115e-09	0.0806959
4.187e-09	0.0681418
4.19284e-09	0.0554619
4.19869e-09	0.0427634
4.20453e-09	0.0301501
4.21037e-09	0.0177216
4.21622e-09	0.00557291
4.22206e-09	-0.00620673
4.2279e-09	-0.0175339
4.23375e-09	-0.028332
4.23959e-09	-0.0385309
4.24543e-09	-0.0480684
4.25128e-09	-0.0568894
4.25712e-09	-0.064947
4.26297e-09	-0.0722018
4.26881e-09	-0.0786229
4.27465e-09	-0.0841869
4.2805e-09	-0.0888787
4.28634e-09	-0.0926907
4.29218e-09	-0.0956229
4.29803e-09	-0.0976828
4.30387e-09	-0.0988847
4.30972e-09	-0.0992494
4.31556e-09	-0.098804
4.3214e-09	-0.0975816
4.32725e-09	-0.0956202
4.33309e-09	-0.0929627
4.33893e-09	-0.0896563
4.34478e-09	-0.0857518
4.35062e-09	-0.0813032
4.35646e-09	-0.0763669
4.36231e-09	-0.0710014
4.36815e-09	-0.0652666
4.374e-09	-0.0592232
4.37984e-09	-0.0529323
4.38568e-09	-0.0464547
4.39153e-09	-0.0398506
4.39737e-09	-0.0331787
4.40321e-09	-0.0264965
4.40906e-09	-0.019859
4.4149e-09	-0.0133189
4.42075e-09	-0.00692614
4.42659e-09	-0.000727447
4.43243e-09	0.00523386
4.43828e-09	0.0109181
4.44412e-09	0.0162895
4.44996e-09	0.0213161
4.45581e-09	0.0259703
4.46165e-09	0.0302286
4.46749e-09	0.0340717
4.47334e-09	0.0374844
4.47918e-09	0.040456
4.48503e-09	0.0429797
4.49087e-09	0.0450528
4.49671e-09	0.0466764
4.50256e-09	0.0478553
4.5084e-09	0.0485979
4.51424e-09	0.048916
4.52009e-09	0.0488243
4.52593e-09	0.0483404
4.53178e-09	0.0474844
4.53762e-09	0.0462788
4.54346e-09	0.0447482
4.54931e-09	0.0429186
4.55515e-09	0.0408176
4.56099e-09	0.0384741
4.56684e-09	0.0359175
4.57268e-09	0.033178
4.57852e-09	0.030286
4.58437e-09	0.0272719
4.59021e-09	0.0241657
4.59606e-09	0.0209972
4.6019e-09	0.0177952
4.60774e-09	0.0145877
4.61359e-09	0.0114014
4.61943e-09	0.00826189
4.62527e-09	0.00519306
4.63112e-09	0.00221728
4.63696e-09	-0.000644868
4.64281e-09	-0.00337464
4.64865e-09	-0.00595524
4.65449e-09	-0.00837184
4.66034e-09	-0.0106117
4.66618e-09	-0.012664
4.67202e-09	-0.0145202
4.67787e-09	-0.0161736
4.68371e-09	-0.0176195
4.68955e-09	-0.0188554
4.6954e-09	-0.0198804
4.70124e-09	-0.0206956
4.70709e-09	-0.0213037
4.71293e-09	-0.0217091
4.71877e-09	-0.0219178
4.72462e-09	-0.0219371
4.73046e-09	-0.0217754
4.7363e-09	-0.0214426
4.74215e-09	-0.0209492
4.74799e-09	-0.020307
4.75384e-09	-0.0195282
4.75968e-09	-0.0186257
4.76552e-09	-0.0176128
4.77137e-09	-0.0165033
4.77721e-09	-0.0153108
4.78305e-09	-0.0140494
4.7889e-09	-0.0127328
4.79474e-09	-0.0113747
4.80058e-09	-0.00998839
4.80643e-09	-0.00858687
4.81227e-09	-0.00718258
4.81812e-09	-0.00578743
4.82396e-09	-0.00441265
4.8298e-09	-0.00306877
4.83565e-09	-0.00176557
4.84149e-09	-0.000511983
4.84733e-09	0.000683899
4.85318e-09	0.00181487
4.85902e-09	0.00287463
4.86487e-09	0.0038578
4.87071e-09	0.0047599
4.87655e-09	0.00557737
4.8824e-09	0.00630756
4.88824e-09	0.00694868
4.89408e-09	0.00749979
4.89993e-09	0.00796077
4.90577e-09	0.00833227
4.91161e-09	0.00861569
4.91746e-09	0.00881309
4.9233e-09	0.00892718
4.92915e-09	0.00896123
4.93499e-09	0.00891903
4.94083e-09	0.00880485
4.94668e-09	0.00862335
4.95252e-09	0.00837952
4.95836e-09	0.00807863
4.96421e-09	0.00772618
4.97005e-09	0.00732783
4.9759e-09	0.00688933
4.98174e-09	0.00641647
4.98758e-09	0.00591508
4.99343e-09	0.00539087
4.99927e-09	0.0048495
5.00511e-09	0.00429645
5.01096e-09	0.00373702
5.0168e-09	0.00317631
5.02264e-09	0.00261913
5.02849e-09	0.00207002
5.03433e-09	0.00153322
5.04018e-09	0.00101262
5.04602e-09	0.00051177
5.05186e-09	3.38686e-05
5.05771e-09	-0.000418262
5.06355e-09	-0.000842171
5.06939e-09	-0.00123578
5.07524e-09	-0.0015974
5.08108e-09	-0.00192568
5.08692e-09	-0.00221966
5.09277e-09	-0.0024787
5.09861e-09	-0.00270253
5.10446e-09	-0.00289118
5.1103e-09	-0.00304497
5.11614e-09	-0.00316453
5.12199e-09	-0.00325074
5.12783e-09	-0.00330471
5.13367e-09	-0.00332779
5.13952e-09	-0.00332151
5.14536e-09	-0.00328757
5.15121e-09	-0.00322781
5.15705e-09	-0.0031442
5.16289e-09	-0.0030388
5.16874e-09	-0.00291376
5.17458e-09	-0.00277125
5.18042e-09	-0.00261351
5.18627e-09	-0.00244274
5.19211e-09	-0.00226116
5.19795e-09	-0.00207094
5.2038e-09	-0.00187423
5.20964e-09	-0.00167307
5.21549e-09	-0.00146947
5.22133e-09	-0.0012653
5.22717e-09	-0.00106237
5.23302e-09	-0.000862336
5.23886e-09	-0.000666761
5.2447e-09	-0.000477067
5.25055e-09	-0.000294543
5.25639e-09	-0.000120341
5.26224e-09	4.45258e-05
5.26808e-09	0.000199187
5.27392e-09	0.000342911
5.27977e-09	0.000475107
5.28561e-09	0.000595317
5.29145e-09	0.000703217
5.2973e-09	0.000798609
5.30314e-09	0.000881417
5.30898e-09	0.000951681
5.31483e-09	0.00100955
5.32067e-09	0.00105526
5.32652e-09	0.00108916
5.33236e-09	0.00111166
5.3382e-09	0.00112328
5.34405e-09	0.00112455
5.34989e-09	0.00111612
5.35573e-09	0.00109864
5.36158e-09	0.00107281
5.36742e-09	0.00103939
5.37327e-09	0.000999116
5.37911e-09	0.000952772
5.38495e-09	0.000901135
5.3908e-09	0.000844982
5.39664e-09	0.000785082
5.40248e-09	0.000722192
5.40833e-09	0.000657045
5.41417e-09	0.000590352
5.42001e-09	0.000522791
5.42586e-09	0.000455007
5.4317e-09	0.000387606
5.43755e-09	0.000321152
5.44339e-09	0.000256167
5.44923e-09	0.000193126
5.45508e-09	0.000132457
5.46092e-09	7.454e-05
5.46676e-09	1.97074e-05
5.47261e-09	-3.17579e-05
5.47845e-09	-7.96204e-05
5.4843e-09	-0.000123692
5.49014e-09	-0.000163829
5.49598e-09	-0.000199933
5.50183e-09	-0.000231949
5.50767e-09	-0.000259859
5.51351e-09	-0.000283684
5.51936e-09	-0.000303481
5.5252e-09	-0.000319337
5.53104e-09	-0.000331372
5.53689e-09	-0.000339728
5.54273e-09	-0.000344575
5.54858e-09	-0.000346098
5.55442e-09	-0.000344505
5.56026e-09	-0.000340015
5.56611e-09	-0.000332859
5.57195e-09	-0.000323277
5.57779e-09	-0.000311515
5.58364e-09	-0.000297822
5.58948e-09	-0.000282448
5.59533e-09	-0.000265642
5.60117e-09	-0.000247648
5.60701e-09	-0.000228705
5.61286e-09	-0.000209046
5.6187e-09	-0.000188892
5.62454e-09	-0.000168455
5.63039e-09	-0.000147938
5.63623e-09	-0.000127526
5.64207e-09	-0.000107394
5.64792e-09	-8.77027e-05
5.65376e-09	-6.85963e-05
5.65961e-09	-5.0205e-05
5.66545e-09	-3.26435e-05
5.67129e-09	-1.60112e-05
5.67714e-09	-3.92399e-07
5.68298e-09	1.41435e-05
5.68882e-09	2.75417e-05
5.69467e-09	3.97614e-05
5.70051e-09	5.07752e-05
5.70636e-09	6.05685e-05
5.7122e-09	6.91387e-05
5.71804e-09	7.64947e-05
5.72389e-09	8.26555e-05
5.72973e-09	8.76495e-05
