% time-domain voltage integration by openEMS v0.0.35 @Thu May 22 17:17:12 2025
% start-coordinates: (0.02975,-0.04525,0) m -> [7,2,1]
% stop-coordinates: (0.02975,-0.04525,0.0016) m -> [7,2,2]
% t/s	voltage
0	-0
4.09057724754e-11	6.42207510282e-07
8.18115449508e-11	4.53618724805e-08
1.22717317426e-10	-1.85499516192e-06
1.63623089902e-10	-4.0369409362e-06
2.04528862377e-10	-4.72715237265e-06
2.45434634852e-10	-2.30756836572e-06
2.86340407328e-10	3.56356849807e-06
3.27246179803e-10	1.11608605948e-05
3.68151952279e-10	1.67667840287e-05
4.09057724754e-10	1.5878560589e-05
4.49963497229e-10	5.37348660146e-06
4.90869269705e-10	-1.40733227454e-05
5.3177504218e-10	-3.64716288459e-05
5.72680814656e-10	-5.11255711899e-05
6.13586587131e-10	-4.60808914795e-05
6.54492359607e-10	-1.39460089486e-05
6.95398132082e-10	4.18693853135e-05
7.36303904557e-10	0.000103689679236
7.77209677033e-10	0.000142102289828
8.18115449508e-10	0.000125992897665
8.59021221984e-10	3.81809659302e-05
8.99926994459e-10	-0.000109157132101
9.40832766934e-10	-0.000267662864644
9.8173853941e-10	-0.000362011254765
1.02264431189e-09	-0.000317248282954
1.06355008436e-09	-9.74829308689e-05
1.10445585684e-09	0.000259662250755
1.14536162931e-09	0.000632589741144
1.18626740179e-09	0.000844209571369
1.22717317426e-09	0.000729744904675
1.26807894674e-09	0.000223832117626
1.30898471921e-09	-0.000570562493522
1.34989049169e-09	-0.00137312768493
1.39079626416e-09	-0.00180276948959
1.43170203664e-09	-0.0015304768458
1.47260780911e-09	-0.00045715761371
1.51351358159e-09	0.00116442306899
1.55441935407e-09	0.00274211447686
1.59532512654e-09	0.00352657097392
1.63623089902e-09	0.00292412494309
1.67713667149e-09	0.000824585440569
1.71804244397e-09	-0.00221230345778
1.75894821644e-09	-0.00504148378968
1.79985398892e-09	-0.00631945766509
1.84075976139e-09	-0.00508437678218
1.88166553387e-09	-0.00129834911786
1.92257130634e-09	0.00391730200499
1.96347707882e-09	0.00853798631579
2.00438285129e-09	0.0103721991181
2.04528862377e-09	0.00803389959037
2.08619439625e-09	0.00174129055813
2.12710016872e-09	-0.00646915053949
2.1680059412e-09	-0.0133275864646
2.20891171367e-09	-0.0155909266323
2.24981748615e-09	-0.0115125132725
2.29072325862e-09	-0.00187520985492
2.3316290311e-09	0.00996224489063
2.37253480357e-09	0.0191823728383
2.41344057605e-09	0.0214506108314
2.45434634852e-09	0.0149089805782
2.495252121e-09	0.00131712772418
2.53615789348e-09	-0.0142897153273
2.57706366595e-09	-0.025451131165
2.61796943843e-09	-0.0269740745425
2.6588752109e-09	-0.0173400118947
2.69978098338e-09	0.000289313611574
2.74068675585e-09	0.0190535113215
2.78159252833e-09	0.0310960095376
2.8224983008e-09	0.0309146735817
2.86340407328e-09	0.0179085098207
2.90430984575e-09	-0.00307315005921
2.94521561823e-09	-0.0235479455441
2.9861213907e-09	-0.0349059924483
3.02702716318e-09	-0.0321268625557
3.06793293566e-09	-0.0160653200001
3.10883870813e-09	0.0067617399618
3.14974448061e-09	0.0268697030842
3.19065025308e-09	0.0358496271074
3.23155602556e-09	0.0299961660057
3.27246179803e-09	0.0119095817208
3.31336757051e-09	-0.0106507856399
3.35427334298e-09	-0.0281580649316
3.39517911546e-09	-0.0334451757371
3.43608488793e-09	-0.0247361846268
3.47699066041e-09	-0.0062589449808
3.51789643289e-09	0.0137803098187
3.55880220536e-09	0.0268936511129
3.59970797784e-09	0.0279884450138
3.64061375031e-09	0.0173956993967
3.68151952279e-09	0.00042021938134
3.72242529526e-09	-0.0152688557282
3.76333106774e-09	-0.0231311582029
3.80423684021e-09	-0.0205229446292
3.84514261269e-09	-0.00954864546657
3.88604838516e-09	0.00425563566387
3.92695415764e-09	0.0146583756432
3.96785993011e-09	0.0175470840186
4.00876570259e-09	0.0125430384651
4.04967147507e-09	0.00278729852289
4.09057724754e-09	-0.00683992356062
4.13148302002e-09	-0.012105579488
4.17238879249e-09	-0.0112613448873
4.21329456497e-09	-0.00554109644145
4.25420033744e-09	0.00177102629095
4.29510610992e-09	0.00711248628795
4.33601188239e-09	0.00833008624613
4.37691765487e-09	0.00549776758999
4.41782342734e-09	0.0005788183189
4.45872919982e-09	-0.00376772135496
4.49963497229e-09	-0.00555802229792
4.54054074477e-09	-0.00434571830556
4.58144651725e-09	-0.00121837167535
4.62235228972e-09	0.00196048407815
4.6632580622e-09	0.00359147507697
4.70416383467e-09	0.00310505530797
4.74506960715e-09	0.00110120070167
4.78597537962e-09	-0.00112823862582
4.8268811521e-09	-0.00237061269581
4.86778692457e-09	-0.00211963290349
4.90869269705e-09	-0.000747283920646
4.94959846952e-09	0.000815739447717
4.990504242e-09	0.001662268769
5.03141001448e-09	0.00140875508077
5.07231578695e-09	0.000348754023435
5.11322155943e-09	-0.00078923656838
5.1541273319e-09	-0.00130630447529
5.19503310438e-09	-0.000938713434152
5.23593887685e-09	2.07888115256e-05
5.27684464933e-09	0.000934412470087
5.3177504218e-09	0.00122039834969
5.35865619428e-09	0.00070137163857
5.39956196675e-09	-0.000299576233374
5.44046773923e-09	-0.00116141559556
5.4813735117e-09	-0.0013399439631
5.52227928418e-09	-0.000693663489074
5.56318505666e-09	0.000427104911068
5.60409082913e-09	0.00137732573785
5.64499660161e-09	0.00158675725106
5.68590237408e-09	0.000891436764505
5.72680814656e-09	-0.000360880920198
5.76771391903e-09	-0.00149250740651
5.80861969151e-09	-0.00186561082955
5.84952546398e-09	-0.00123765878379
5.89043123646e-09	9.36172145884e-05
5.93133700893e-09	0.00143811968155
5.97224278141e-09	0.00207675038837
6.01314855388e-09	0.00164652091917
6.05405432636e-09	0.000341289560311
6.09496009884e-09	-0.00118034763727
6.13586587131e-09	-0.00213341484778
6.17677164379e-09	-0.00201455969363
6.21767741626e-09	-0.000866492278874
6.25858318874e-09	0.00073914375389
6.29948896121e-09	0.00199179840274
6.34039473369e-09	0.00225519365631
6.38130050616e-09	0.001391314785
6.42220627864e-09	-0.000169864040799
6.46311205111e-09	-0.0016487397952
6.50401782359e-09	-0.00230946275406
6.54492359607e-09	-0.00182800320908
6.58582936854e-09	-0.000450068037026
6.62673514102e-09	0.00113735720515
6.66764091349e-09	0.00215219659731
6.70854668597e-09	0.00210501276888
6.74945245844e-09	0.00103504443541
6.79035823092e-09	-0.000519068678841
6.83126400339e-09	-0.0017933571944
6.87216977587e-09	-0.00217658653855
6.91307554834e-09	-0.0015041049337
6.95398132082e-09	-0.000126084079966
6.99488709329e-09	0.00127646734472
7.03579286577e-09	0.00203047133982
7.07669863825e-09	0.00179482414387
7.11760441072e-09	0.000713318353519
7.1585101832e-09	-0.000671138463076
7.19941595567e-09	-0.00169065850787
7.24032172815e-09	-0.00187566538807
7.28122750062e-09	-0.00117044849321
7.3221332731e-09	5.74434598093e-05
7.36303904557e-09	0.00120924774092
7.40394481805e-09	0.00174792669713
7.44485059052e-09	0.00144825433381
7.485756363e-09	0.000487871671794
7.52666213547e-09	-0.000655564595945
7.56756790795e-09	-0.00144257338252
7.60847368043e-09	-0.00152632582467
7.6493794529e-09	-0.000903504551388
7.69028522538e-09	0.000102891892311
7.73119099785e-09	0.0010109085124
7.77209677033e-09	0.00141056068242
7.8130025428e-09	0.00114767369814
7.85390831528e-09	0.000379037403036
7.89481408775e-09	-0.000518150744028
7.93571986023e-09	-0.00113136821892
7.9766256327e-09	-0.00120168738067
8.01753140518e-09	-0.000730421044864
8.05843717766e-09	3.8707483327e-05
8.09934295013e-09	0.000744911492802
8.14024872261e-09	0.0010789539665
8.18115449508e-09	0.000916737597436
8.22206026756e-09	0.000361093319952
8.26296604003e-09	-0.000319379207212
8.30387181251e-09	-0.00081962015247
8.34477758498e-09	-0.000933444942348
8.38568335746e-09	-0.000635839183815
8.42658912993e-09	-8.07775504654e-05
8.46749490241e-09	0.000477405788843
8.50840067488e-09	0.000799563655164
8.54930644736e-09	0.000762122683227
8.59021221984e-09	0.000401529454393
8.63111799231e-09	-0.000111588007712
8.67202376479e-09	-0.00055231078295
8.71292953726e-09	-0.00073853682261
8.75383530974e-09	-0.000604127766564
8.79474108221e-09	-0.000219974230276
8.83564685469e-09	0.000242247217102
8.87655262716e-09	0.000585604051594
8.91745839964e-09	0.000670147594064
8.95836417211e-09	0.000468555866973
8.99926994459e-09	7.36728616175e-05
9.04017571706e-09	-0.000343205145327
9.08108148954e-09	-0.000605378474575
9.12198726202e-09	-0.000604380678851
9.16289303449e-09	-0.00034454028355
9.20379880697e-09	6.01832471148e-05
9.24470457944e-09	0.000434922549175
9.28561035192e-09	0.000618607271463
9.32651612439e-09	0.00053257640684
9.36742189687e-09	0.00021488693892
9.40832766934e-09	-0.000195834058104
9.44923344182e-09	-0.000519760360476
9.49013921429e-09	-0.000614508695435
9.53104498677e-09	-0.000437721755588
9.57195075925e-09	-6.70283116051e-05
9.61285653172e-09	0.000333562522428
9.6537623042e-09	0.000585529662203
9.69466807667e-09	0.00057587766787
9.73557384915e-09	0.000308136717649
9.77647962162e-09	-9.78434400167e-05
9.8173853941e-09	-0.00045936787501
9.85829116657e-09	-0.00061296694912
9.89919693905e-09	-0.000489099300466
9.94010271152e-09	-0.000144113815622
9.981008484e-09	0.00026482885005
1.00219142565e-08	0.000551415840164
1.0062820029e-08	0.000585370115004
1.01037258014e-08	0.000352204224328
1.01446315739e-08	-4.00315875595e-05
1.01855373464e-08	-0.000410852546338
1.02264431189e-08	-0.000590363342781
1.02673488913e-08	-0.000497915490996
1.03082546638e-08	-0.000178253409103
1.03491604363e-08	0.000219355133595
1.03900662088e-08	0.000511664140504
1.04309719812e-08	0.000565440859646
1.04718777537e-08	0.000359407888027
1.05127835262e-08	-8.51495497045e-06
1.05536892987e-08	-0.000366590218619
1.05945950711e-08	-0.000550936209038
1.06355008436e-08	-0.000479442533106
1.06764066161e-08	-0.000190024977201
1.07173123886e-08	0.000180875445949
1.0758218161e-08	0.00046115508303
1.07991239335e-08	0.00052492308896
1.0840029706e-08	0.000347243563738
1.08809354785e-08	1.54500121425e-05
1.09218412509e-08	-0.000315671000862
1.09627470234e-08	-0.000494365929626
1.10036527959e-08	-0.000443401368102
1.10445585684e-08	-0.000191469385754
1.10854643408e-08	0.000140828793519
1.11263701133e-08	0.000400302174967
1.11672758858e-08	0.000470587518066
1.12081816583e-08	0.000325326633174
1.12490874307e-08	3.64100669685e-05
1.12899932032e-08	-0.00026109724422
1.13308989757e-08	-0.000432109169196
1.13718047482e-08	-0.000403013575124
1.14127105206e-08	-0.00019233659259
1.14536162931e-08	9.90050612018e-05
1.14945220656e-08	0.000337991514243
1.15354278381e-08	0.000417597417254
1.15763336105e-08	0.000307600421365
1.1617239383e-08	6.14967284491e-05
1.16581451555e-08	-0.000204920579563
1.1699050928e-08	-0.000373343907995
1.17399567004e-08	-0.0003689424193
1.17808624729e-08	-0.000200121969101
1.18217682454e-08	5.59743566555e-05
1.18626740179e-08	0.000279975356534
1.19035797903e-08	0.000374989875127
1.19444855628e-08	0.000298297702102
1.19853913353e-08	9.07610083232e-05
1.20262971078e-08	-0.000155746689416
1.20672028802e-08	-0.000326998444507
1.21081086527e-08	-0.000350813526893
1.21490144252e-08	-0.000214936153498
1.21899201977e-08	1.45546291606e-05
1.22308259701e-08	0.000237270782236
1.22717317426e-08	0.000350150396116
1.23126375151e-08	0.000306097819703
1.23535432876e-08	0.000122970785014
1.239444906e-08	-0.00011390401778
1.24353548325e-08	-0.000299735955196
1.2476260605e-08	-0.000349658017512
1.25171663775e-08	-0.000241843561525
1.25580721499e-08	-2.44466245931e-05
1.25989779224e-08	0.000205225864192
1.26398836949e-08	0.000341331353411
1.26807894674e-08	0.000324265740346
1.27216952399e-08	0.000157473041327
1.27626010123e-08	-7.91284401203e-05
1.28035067848e-08	-0.000284174428089
1.28444125573e-08	-0.000356452830601
1.28853183298e-08	-0.000270657415967
1.29262241022e-08	-5.49075011804e-05
1.29671298747e-08	0.000181446244824
1.30080356472e-08	0.000342963263392
1.30489414197e-08	0.000340168946423
1.30898471921e-08	0.000188478690688
1.31307529646e-08	-6.01411920798e-05
1.31716587371e-08	-0.000273135083262
1.32125645096e-08	-0.000371377391275
1.3253470282e-08	-0.000288520473987
1.32943760545e-08	-8.25962124509e-05
1.3335281827e-08	0.000173891210579
1.33761875995e-08	0.000340367172612
1.34170933719e-08	0.00036128461943
1.34579991444e-08	0.000204635376576
1.34989049169e-08	-3.64730440197e-05
1.35398106894e-08	-0.000270931457635
1.35807164618e-08	-0.000371604750399
1.36216222343e-08	-0.000308742339257
1.36625280068e-08	-9.76679075393e-05
1.37034337793e-08	0.00015245511895
1.37443395517e-08	0.000334642565576
1.37852453242e-08	0.000361872807844
1.38261510967e-08	0.000221359543502
1.38670568692e-08	-1.51315889525e-05
1.39079626416e-08	-0.000249544973485
1.39488684141e-08	-0.000356533768354
1.39897741866e-08	-0.000314562930726
1.40306799591e-08	-0.000112725683721
1.40715857315e-08	0.00011500576511
1.4112491504e-08	0.000313348777127
1.41533972765e-08	0.000336313416483
1.4194303049e-08	0.000243253743974
1.42352088214e-08	4.08192818213e-06
1.42761145939e-08	-0.00018782002735
1.43170203664e-08	-0.000340274884365
1.43579261389e-08	-0.00028518497129
1.43988319113e-08	-0.000162428972544
1.44397376838e-08	8.74830948305e-05
1.44806434563e-08	0.000228241580771
1.45215492288e-08	0.000332458032062
1.45624550012e-08	0.000221573704039
1.46033607737e-08	8.73736062204e-05
1.46442665462e-08	-0.000150008432684
1.46851723187e-08	-0.00024601406767
1.47260780911e-08	-0.000302336673485
1.47669838636e-08	-0.000164445285918
1.48078896361e-08	-2.13515413634e-05
1.48487954086e-08	0.000181840136065
1.4889701181e-08	0.000255499267951
1.49306069535e-08	0.000260218977928
1.4971512726e-08	0.000129293199279
1.50124184985e-08	-3.82387297577e-05
1.50533242709e-08	-0.000190538485185
1.50942300434e-08	-0.000276813923847
1.51351358159e-08	-0.000213703329791
1.51760415884e-08	-0.00011605022155
1.52169473609e-08	0.000104954793642
1.52578531333e-08	0.000186224133358
1.52987589058e-08	0.000316000077873
1.53396646783e-08	0.000162857919349
1.53805704508e-08	0.000117104958917
1.54214762232e-08	-0.00018756344798
1.54623819957e-08	-0.000183065538295
1.55032877682e-08	-0.000368445384083
1.55441935407e-08	-0.000101770550827
1.55850993131e-08	-0.000107851119537
1.56260050856e-08	0.000285171816358
1.56669108581e-08	0.000186753663002
1.57078166306e-08	0.000407380866818
1.5748722403e-08	3.19719074469e-05
1.57896281755e-08	6.65814368404e-05
1.5830533948e-08	-0.000378693162929
1.58714397205e-08	-0.000208217272302
1.59123454929e-08	-0.000397078110836
1.59532512654e-08	3.93230475311e-05
1.59941570379e-08	3.17909180012e-05
1.60350628104e-08	0.000427420483902
1.60759685828e-08	0.000249829288805
1.61168743553e-08	0.000299935083603
1.61577801278e-08	-8.09809353086e-05
1.61986859003e-08	-0.000197140092496
1.62395916727e-08	-0.000389212742448
1.62804974452e-08	-0.000323964399286
1.63214032177e-08	-9.03415857465e-05
1.63623089902e-08	6.28918933216e-05
1.64032147626e-08	0.000425814505434
1.64441205351e-08	0.000224698334932
1.64850263076e-08	0.000432648812421
1.65259320801e-08	-0.000221819762373
1.65668378525e-08	4.6862369345e-05
1.6607743625e-08	-0.000692298577633
1.66486493975e-08	5.67127353861e-05
1.668955517e-08	-0.000569754687604
1.67304609424e-08	0.000593086355366
1.67713667149e-08	-0.000234784471104
1.68122724874e-08	0.000936921453103
1.68531782599e-08	-0.000400550721679
1.68940840323e-08	0.000697070849128
1.69349898048e-08	-0.000916597316973
1.69758955773e-08	0.000436897680629
1.70168013498e-08	-0.0010744635947
1.70577071222e-08	0.000672349880915
1.70986128947e-08	-0.00072707462823
1.71395186672e-08	0.00105657195672
1.71804244397e-08	-0.000515959283803
1.72213302121e-08	0.000973131041974
1.72622359846e-08	-0.00069823442027
1.73031417571e-08	0.000533312791958
1.73440475296e-08	-0.000838527688757
1.7384953302e-08	0.00028642010875
1.74258590745e-08	-0.000507364515215
1.7466764847e-08	0.000288176292088
1.75076706195e-08	4.50523293694e-05
1.75485763919e-08	0.000131239881739
1.75894821644e-08	0.000418268755311
1.76303879369e-08	-0.000433727458585
1.76712937094e-08	0.000676367431879
1.77121994819e-08	-0.00110015459359
1.77531052543e-08	0.00110922742169
1.77940110268e-08	-0.00166908686515
1.78349167993e-08	0.00182490807492
1.78758225718e-08	-0.00214305939153
1.79167283442e-08	0.00259554944932
1.79576341167e-08	-0.0027249767445
1.79985398892e-08	0.00328707508743
1.80394456617e-08	-0.00344848562963
1.80803514341e-08	0.00380537635647
1.81212572066e-08	-0.00419778935611
1.81621629791e-08	0.00427825329825
1.82030687516e-08	-0.00479523325339
1.8243974524e-08	0.00477544451132
1.82848802965e-08	-0.00500483578071
1.8325786069e-08	0.00525349285454
1.83666918415e-08	-0.00502666644752
1.84075976139e-08	0.00533542223275
1.84485033864e-08	-0.00497071677819
1.84894091589e-08	0.00481708208099
1.85303149314e-08	-0.0047749276273
1.85712207038e-08	0.00396939134225
1.86121264763e-08	-0.00385681609623
1.86530322488e-08	0.00301802437752
1.86939380213e-08	-0.00216948403977
1.87348437937e-08	0.00169550243299
1.87757495662e-08	-0.000154926558025
1.88166553387e-08	-0.000631918781437
1.88575611112e-08	0.00197742786258
1.88984668836e-08	-0.0036879228428
1.89393726561e-08	0.00470003625378
1.89802784286e-08	-0.00693835690618
1.90211842011e-08	0.00848217215389
1.90620899735e-08	-0.010190599598
1.9102995746e-08	0.0126872500405
1.91439015185e-08	-0.0141497906297
1.9184807291e-08	0.0166813880205
1.92257130634e-08	-0.0187791790813
1.92666188359e-08	0.0204791408032
1.93075246084e-08	-0.023201579228
1.93484303809e-08	0.0246805604547
1.93893361533e-08	-0.0267636906356
1.94302419258e-08	0.0287299565971
1.94711476983e-08	-0.0296745095402
1.95120534708e-08	0.0315981134772
1.95529592432e-08	-0.0322413742542
1.95938650157e-08	0.0327308624983
1.96347707882e-08	-0.0333900637925
1.96756765607e-08	0.0325504951179
1.97165823331e-08	-0.0322301797569
1.97574881056e-08	0.030762931332
1.97983938781e-08	-0.0284003037959
1.98392996506e-08	0.0262916218489
1.9880205423e-08	-0.0224140193313
1.99211111955e-08	0.0183932576329
1.9962016968e-08	-0.0135415215045
2.00029227405e-08	0.00723638990894
2.00438285129e-08	-0.00104128720704
2.00847342854e-08	-0.00677183223888
2.01256400579e-08	0.0153398569673
2.01665458304e-08	-0.0243585985154
2.02074516029e-08	0.0348500348628
2.02483573753e-08	-0.0454278811812
2.02892631478e-08	0.0571130290627
2.03301689203e-08	-0.0696833506227
2.03710746928e-08	0.0821373835206
2.04119804652e-08	-0.0954850837588
2.04528862377e-08	0.108932800591
2.04937920102e-08	-0.122457511723
2.05346977827e-08	0.136178478599
2.05756035551e-08	-0.149118825793
2.06165093276e-08	0.161706626415
2.06574151001e-08	-0.173730045557
2.06983208726e-08	0.184453085065
2.0739226645e-08	-0.193860754371
2.07801324175e-08	0.201479911804
2.082103819e-08	-0.207010731101
2.08619439625e-08	0.210590079427
2.09028497349e-08	-0.211226195097
2.09437555074e-08	0.208392873406
2.09846612799e-08	-0.202591523528
2.10255670524e-08	0.192892745137
2.10664728248e-08	-0.179128423333
2.11073785973e-08	0.160959228873
2.11482843698e-08	-0.137415960431
2.11891901423e-08	0.109648905694
2.12300959147e-08	-0.0766030177474
2.12710016872e-08	0.0376357361674
2.13119074597e-08	0.00634085247293
2.13528132322e-08	-0.0565664693713
2.13937190046e-08	0.111620634794
2.14346247771e-08	-0.17182983458
2.14755305496e-08	0.23845295608
2.15164363221e-08	-0.309058755636
2.15573420945e-08	0.384382754564
2.1598247867e-08	-0.463484495878
2.16391536395e-08	0.545328080654
2.1680059412e-08	-0.631047308445
2.17209651844e-08	0.717019319534
2.17618709569e-08	-0.803128361702
2.18027767294e-08	0.889166176319
2.18436825019e-08	-0.972058534622
2.18845882743e-08	1.0522800684
2.19254940468e-08	-1.12609505653
2.19663998193e-08	1.19188249111
2.20073055918e-08	-1.24997842312
2.20482113642e-08	1.29580008984
2.20891171367e-08	-1.32857739925
2.21300229092e-08	1.34540832043
2.21709286817e-08	-1.34347140789
2.22118344541e-08	1.32325267792
2.22527402266e-08	-1.27948999405
2.22936459991e-08	1.2104626894
2.23345517716e-08	-1.11541080475
2.2375457544e-08	0.990769803524
2.24163633165e-08	-0.836635172367
2.2457269089e-08	0.649393439293
2.24981748615e-08	-0.427531093359
2.25390806339e-08	0.172516480088
2.25799864064e-08	0.118407867849
2.26208921789e-08	-0.444677561522
2.26617979514e-08	0.806286334991
2.27027037239e-08	-1.20305943489
2.27436094963e-08	1.63088035583
2.27845152688e-08	-2.08961987495
2.28254210413e-08	2.57709765434
2.28663268138e-08	-3.08777594566
2.29072325862e-08	3.61775803566
2.29481383587e-08	-4.16084861755
2.29890441312e-08	4.71193504333
2.30299499037e-08	-5.26460456848
2.30708556761e-08	5.80774688721
2.31117614486e-08	-6.33328723907
2.31526672211e-08	6.83261632919
2.31935729936e-08	-7.29391717911
2.3234478766e-08	7.70584440231
2.32753845385e-08	-8.05392456055
2.3316290311e-08	8.32572078705
2.33571960835e-08	-8.51052379608
2.33981018559e-08	8.59138298035
2.34390076284e-08	-8.55292797089
2.34799134009e-08	8.38138866425
2.35208191734e-08	-8.06301879883
2.35617249458e-08	7.58625602722
2.36026307183e-08	-6.93328332901
2.36435364908e-08	6.0902633667
2.36844422633e-08	-5.0506696701
2.37253480357e-08	3.80354571342
2.37662538082e-08	-2.34042572975
2.38071595807e-08	0.652619957924
2.38480653532e-08	1.2635422945
2.38889711256e-08	-3.40170311928
2.39298768981e-08	5.76197767258
2.39707826706e-08	-8.34122848511
2.40116884431e-08	11.1279125214
2.40525942155e-08	-14.1057014465
2.4093499988e-08	17.2486019135
2.41344057605e-08	-20.5369930267
2.4175311533e-08	23.9461097717
2.42162173054e-08	-27.4330158234
2.42571230779e-08	30.953578949
2.42980288504e-08	-34.4596672058
2.43389346229e-08	37.9035758972
2.43798403953e-08	-41.2286529541
2.44207461678e-08	44.3585662842
2.44616519403e-08	-47.2220726013
2.45025577128e-08	49.7491645813
2.45434634852e-08	-51.8614578247
2.45843692577e-08	53.4725227356
2.46252750302e-08	-54.4833183289
2.46661808027e-08	54.8059768677
2.47070865751e-08	-54.3593101501
2.47479923476e-08	53.0471191406
2.47888981201e-08	-50.7708129883
2.48298038926e-08	47.4368057251
2.4870709665e-08	-42.9688262939
2.49116154375e-08	37.2973556519
2.495252121e-08	-30.3406867981
2.49934269825e-08	22.030620575
2.50343327549e-08	-12.3254013062
2.50752385274e-08	1.19975674152
2.51161442999e-08	11.3623390198
2.51570500724e-08	-25.3703804016
2.51979558449e-08	40.8032302856
2.52388616173e-08	-57.5976829529
2.52797673898e-08	75.6739959717
2.53206731623e-08	-94.9367370605
2.53615789348e-08	115.258605957
2.54024847072e-08	-136.465454102
2.54433904797e-08	158.338500977
2.54842962522e-08	-180.642852783
2.55252020247e-08	203.117370605
2.55661077971e-08	-225.442382812
2.56070135696e-08	247.252532959
2.56479193421e-08	-268.153961182
2.56888251146e-08	287.731170654
2.5729730887e-08	-305.531005859
2.57706366595e-08	321.043060303
2.5811542432e-08	-333.734802246
2.58524482045e-08	343.068206787
2.58933539769e-08	-348.482025146
2.59342597494e-08	349.389709473
2.59751655219e-08	-345.182556152
2.60160712944e-08	335.271148682
2.60569770668e-08	-319.096862793
2.60978828393e-08	296.092346191
2.61387886118e-08	-265.706970215
2.61796943843e-08	227.449172974
2.62206001567e-08	-180.899475098
2.62615059292e-08	125.704315186
2.63024117017e-08	-61.5534362793
2.63433174742e-08	-11.7553405762
2.63842232466e-08	94.2737121582
2.64251290191e-08	-185.935455322
2.64660347916e-08	286.55368042
2.65069405641e-08	-395.804718018
2.65478463365e-08	513.153442383
2.6588752109e-08	-637.841491699
2.66296578815e-08	768.952636719
2.6670563654e-08	-905.392700195
2.67114694264e-08	1045.81738281
2.67523751989e-08	-1188.59814453
2.67932809714e-08	1331.86560059
2.68341867439e-08	-1473.59655762
2.68750925163e-08	1611.52038574
2.69159982888e-08	-1743.04833984
2.69569040613e-08	1865.33935547
2.69978098338e-08	-1975.39929199
2.70387156062e-08	2070.09936523
2.70796213787e-08	-2146.05371094
2.71205271512e-08	2199.64672852
2.71614329237e-08	-2227.18286133
2.72023386961e-08	2224.99267578
2.72432444686e-08	-2189.36181641
2.72841502411e-08	2116.47851562
2.73250560136e-08	-2002.55834961
2.7365961786e-08	1844.0880127
2.74068675585e-08	-1637.85644531
2.7447773331e-08	1380.81140137
2.74886791035e-08	-1070.15344238
2.75295848759e-08	703.612670898
2.75704906484e-08	-279.649658203
2.76113964209e-08	-202.681152344
2.76523021934e-08	743.765258789
2.76932079659e-08	-1343.17980957
2.77341137383e-08	1999.35144043
2.77750195108e-08	-2709.59570312
2.78159252833e-08	3470.25463867
2.78568310558e-08	-4276.60205078
2.78977368282e-08	5122.49023438
2.79386426007e-08	-6000.16601562
2.79795483732e-08	6900.47070312
2.80204541457e-08	-7813.03027344
2.80613599181e-08	8725.95117188
2.81022656906e-08	-9625.52148438
2.81431714631e-08	10496.3808594
2.81840772356e-08	-11321.8798828
2.8224983008e-08	12084.1455078
2.82658887805e-08	-12763.703125
2.8306794553e-08	13339.5595703
2.83477003255e-08	-13789.7314453
2.83886060979e-08	14091.6103516
2.84295118704e-08	-14221.8662109
2.84704176429e-08	14156.4179688
2.85113234154e-08	-13870.9228516
2.85522291878e-08	13341.5537109
2.85931349603e-08	-12545.2363281
2.86340407328e-08	11459.6992188
2.86749465053e-08	-10063.8134766
2.87158522777e-08	8338.6015625
2.87567580502e-08	-6267.87597656
2.87976638227e-08	3838.51464844
2.88385695952e-08	-1040.60644531
2.88794753676e-08	-2131.44140625
2.89203811401e-08	5678.04394531
2.89612869126e-08	-9593.90039062
2.90021926851e-08	13867.9707031
2.90430984575e-08	-18482.59375
2.908400423e-08	23412.3007812
2.91249100025e-08	-28623.6484375
2.9165815775e-08	34074.78125
2.92067215474e-08	-39715.3398438
2.92476273199e-08	45485.3828125
2.92885330924e-08	-51314.9609375
2.93294388649e-08	57124.5078125
2.93703446373e-08	-62825.0625
2.94112504098e-08	68317.609375
2.94521561823e-08	-73493.25
2.94930619548e-08	78233.671875
2.95339677272e-08	-82412.65625
2.95748734997e-08	85896.3515625
2.96157792722e-08	-88543.28125
2.96566850447e-08	90206.3046875
2.96975908171e-08	-90734.625
2.97384965896e-08	89975.4921875
2.97794023621e-08	-87775.734375
2.98203081346e-08	83982.7421875
2.9861213907e-08	-78448.7109375
2.99021196795e-08	71034.09375
2.9943025452e-08	-61609.375
2.99839312245e-08	50057.390625
3.00248369969e-08	-36276.890625
3.00657427694e-08	20188.9375
3.01066485419e-08	-1739.515625
3.01475543144e-08	-19098.4140625
3.01884600869e-08	42321.2070312
3.02293658593e-08	-67887.3125
3.02702716318e-08	95713.8671875
3.03111774043e-08	-125673.90625
3.03520831768e-08	157594.5
3.03929889492e-08	-191251.09375
3.04338947217e-08	226362.796875
3.04748004942e-08	-262589.40625
3.05157062667e-08	299532.625
3.05566120391e-08	-336735.4375
3.05975178116e-08	373675.125
3.06384235841e-08	-409764.46875
3.06793293566e-08	444352.84375
3.0720235129e-08	-476735.0625
3.07611409015e-08	506146.375
3.0802046674e-08	-531765.25
3.08429524465e-08	552719.8125
3.08838582189e-08	-568101.1875
3.09247639914e-08	576968.375
3.09656697639e-08	-578355.5
3.10065755364e-08	571280
3.10474813088e-08	-554761
3.10883870813e-08	527840.5
3.11292928538e-08	-489589.5625
3.11701986263e-08	439127.21875
3.12111043987e-08	-375637.84375
3.12520101712e-08	298402.53125
3.12929159437e-08	-206819.15625
3.13338217162e-08	100417.96875
3.13747274886e-08	21113.5625
3.14156332611e-08	-157901.40625
3.14565390336e-08	309852.9375
3.14974448061e-08	-476634.15625
3.15383505785e-08	657660.125
3.1579256351e-08	-852054.375
3.16201621235e-08	1058624
3.1661067896e-08	-1275836.75
3.17019736684e-08	1501814
3.17428794409e-08	-1734305
3.17837852134e-08	1970674
3.18246909859e-08	-2207886.5
3.18655967583e-08	2442493.5
3.19065025308e-08	-2670675
3.19474083033e-08	2888190.25
3.19883140758e-08	-3090430
3.20292198482e-08	3272408.25
3.20701256207e-08	-3428810.5
3.21110313932e-08	3554036.75
3.21519371657e-08	-3642216
3.21928429381e-08	3687282.5
3.22337487106e-08	-3683036
3.22746544831e-08	3623237
3.23155602556e-08	-3501658
3.2356466028e-08	3312200
3.23973718005e-08	-3048988.5
3.2438277573e-08	2706522.5
3.24791833455e-08	-2279761.5
3.25200891179e-08	1764285
3.25609948904e-08	-1156417.5
3.26019006629e-08	453404.5
3.26428064354e-08	346423
3.26837122079e-08	-1243525.5
3.27246179803e-08	2236965.5
3.27655237528e-08	-3324265.5
3.28064295253e-08	4501173
3.28473352978e-08	-5761599
3.28882410702e-08	7097407
3.29291468427e-08	-8498316
3.29700526152e-08	9951734
3.30109583877e-08	-11442672
3.30518641601e-08	12953650
3.30927699326e-08	-14464696
3.31336757051e-08	15953246
3.31745814776e-08	-17394136
3.321548725e-08	18759788
3.32563930225e-08	-20020144
3.3297298795e-08	21142918
3.33382045675e-08	-22093654
3.33791103399e-08	22836160
3.34200161124e-08	-23332678
3.34609218849e-08	23544254
3.35018276574e-08	-23431248
3.35427334298e-08	22953752
3.35836392023e-08	-22072208
3.36245449748e-08	20748060
3.36654507473e-08	-18944396
3.37063565197e-08	16626676
3.37472622922e-08	-13763689
3.37881680647e-08	10328380
3.38290738372e-08	-6298796
3.38699796096e-08	1658964
3.39108853821e-08	3600058
3.39517911546e-08	-9478966
3.39926969271e-08	15969261
3.40336026995e-08	-23052370
3.4074508472e-08	30698508
3.41154142445e-08	-38865524
3.4156320017e-08	47498132
3.41972257894e-08	-56526952
3.42381315619e-08	65867916
3.42790373344e-08	-75421688
3.43199431069e-08	85072496
3.43608488793e-08	-94688816
3.44017546518e-08	104122432
3.44426604243e-08	-113209104
3.44835661968e-08	121768784
3.45244719692e-08	-129606048
3.45653777417e-08	136510960
3.46062835142e-08	-142261392
3.46471892867e-08	146623408
3.46880950591e-08	-149353968
3.47290008316e-08	150203376
3.47699066041e-08	-148917760
3.48108123766e-08	145243216
3.4851718149e-08	-138928224
3.48926239215e-08	129729280
3.4933529694e-08	-117414144
3.49744354665e-08	101767208
3.50153412389e-08	-82596264
3.50562470114e-08	59735944
3.50971527839e-08	-33054856
3.51380585564e-08	2462448
3.51789643289e-08	32085968
3.52198701013e-08	-70579816
3.52607758738e-08	112950656
3.53016816463e-08	-159061936
3.53425874188e-08	208703424
3.53834931912e-08	-261586080
3.54243989637e-08	317335776
3.54653047362e-08	-375486208
3.55062105087e-08	435476544
3.55471162811e-08	-496646688
3.55880220536e-08	558233344
3.56289278261e-08	-619370496
3.56698335986e-08	679086464
3.5710739371e-08	-736309312
3.57516451435e-08	789862144
3.5792550916e-08	-838476992
3.58334566885e-08	880793664
3.58743624609e-08	-915374848
3.59152682334e-08	940711744
3.59561740059e-08	-955242112
3.59970797784e-08	957365312
3.60379855508e-08	-945459840
3.60788913233e-08	917906816
3.61197970958e-08	-873111936
3.61607028683e-08	809538944
3.62016086407e-08	-725728512
3.62425144132e-08	620341440
3.62834201857e-08	-492190848
3.63243259582e-08	340269888
3.63652317306e-08	-163808768
3.64061375031e-08	-37704320
3.64470432756e-08	264468288
3.64879490481e-08	-516326208
3.65288548205e-08	792734336
3.6569760593e-08	-1092705408
3.66106663655e-08	1414781440
3.6651572138e-08	-1756980992
3.66924779104e-08	2116767872
3.67333836829e-08	-2491019776
3.67742894554e-08	2876003840
3.68151952279e-08	-3267343360
3.68561010003e-08	3660006400
3.68970067728e-08	-4048290816
3.69379125453e-08	4425841664
3.69788183178e-08	-4785647616
3.70197240902e-08	5120056320
3.70606298627e-08	-5420819968
3.71015356352e-08	5679133184
3.71424414077e-08	-5885705728
3.71833471801e-08	6030820864
3.72242529526e-08	-6104443392
3.72651587251e-08	6096299520
3.73060644976e-08	-5996058624
3.734697027e-08	5793413120
3.73878760425e-08	-5478270976
3.7428781815e-08	5040924672
3.74696875875e-08	-4472251392
3.75105933599e-08	3763940864
3.75514991324e-08	-2908677632
3.75924049049e-08	1900418560
3.76333106774e-08	-734590464
3.76742164498e-08	-591523328
3.77151222223e-08	2078673920
3.77560279948e-08	-3725262336
3.77969337673e-08	5527129600
3.78378395398e-08	-7477254144
3.78787453122e-08	9565464576
3.79196510847e-08	-11778312192
3.79605568572e-08	14098634752
3.80014626297e-08	-16505598976
3.80423684021e-08	18974326784
3.80832741746e-08	-21475864576
3.81241799471e-08	23977033728
3.81650857196e-08	-26440429568
3.8205991492e-08	28824416256
3.82468972645e-08	-31083204608
3.8287803037e-08	33167042560
3.83287088095e-08	-35022376960
3.83696145819e-08	36592238592
3.84105203544e-08	-37816532992
3.84514261269e-08	38632845312
3.84923318994e-08	-38976593920
3.85332376718e-08	38782169088
3.85741434443e-08	-37983567872
3.86150492168e-08	36515241984
3.86559549893e-08	-34313439232
3.86968607617e-08	31316985856
3.87377665342e-08	-27468929024
3.87786723067e-08	22717698048
3.88195780792e-08	-17018431488
3.88604838516e-08	10334912512
3.89013896241e-08	-2641022976
3.89422953966e-08	-6077995008
3.89832011691e-08	15823065088
3.90241069415e-08	-26580027392
3.9065012714e-08	38317826048
3.91059184865e-08	-50986758144
3.9146824259e-08	64517079040
3.91877300314e-08	-78816632832
3.92286358039e-08	93770670080
3.92695415764e-08	-109239525376
3.93104473489e-08	125057974272
3.93513531213e-08	-141034668032
3.93922588938e-08	156951379968
3.94331646663e-08	-172562284544
3.94740704388e-08	187595079680
3.95149762112e-08	-201751543808
3.95558819837e-08	214707634176
3.95967877562e-08	-226116190208
3.96376935287e-08	235608276992
3.96785993011e-08	-242797101056
3.97195050736e-08	247279960064
3.97604108461e-08	-248643207168
3.98013166186e-08	246467084288
3.9842222391e-08	-240330604544
3.98831281635e-08	229818105856
3.9924033936e-08	-214525968384
3.99649397085e-08	194070773760
4.00058454809e-08	-168096333824
4.00467512534e-08	136283766784
4.00876570259e-08	-98360672256
4.01285627984e-08	54110519296
4.01694685708e-08	-3383607296
4.02103743433e-08	-53891465216
4.02512801158e-08	117697970176
4.02921858883e-08	-187919630336
4.03330916608e-08	264329396224
4.03739974332e-08	-346578321408
4.04149032057e-08	434185699328
4.04558089782e-08	-526529626112
4.04967147507e-08	622837366784
4.05376205231e-08	-722177032192
4.05785262956e-08	823455121408
4.06194320681e-08	-925406330880
4.06603378406e-08	1.02659240755e+12
4.0701243613e-08	-1.12540516352e+12
4.07421493855e-08	1.22006470656e+12
4.0783055158e-08	-1.30862625587e+12
4.08239609305e-08	1.3889830912e+12
4.08648667029e-08	-1.45888457523e+12
4.09057724754e-08	1.51594965402e+12
4.09466782479e-08	-1.5576802263e+12
4.09875840204e-08	1.58148657152e+12
4.10284897928e-08	-1.58471998669e+12
4.10693955653e-08	1.56469637939e+12
4.11103013378e-08	-1.51873414758e+12
4.11512071103e-08	1.44419913728e+12
4.11921128827e-08	-1.33854370202e+12
4.12330186552e-08	1.19936162202e+12
4.12739244277e-08	-1.02443299635e+12
4.13148302002e-08	811794300928
4.13557359726e-08	-559795535872
4.13966417451e-08	267153047552
4.14375475176e-08	66966913024
4.14784532901e-08	-442885210112
4.15193590625e-08	860337471488
4.1560264835e-08	-1.31841379533e+12
4.16011706075e-08	1.81547355341e+12
4.164207638e-08	-2.34908575334e+12
4.16829821524e-08	2.91595852186e+12
4.17238879249e-08	-3.51189047706e+12
4.17647936974e-08	4.13169562419e+12
4.18056994699e-08	-4.76917583053e+12
4.18466052423e-08	5.41708255232e+12
4.18875110148e-08	-6.06705968742e+12
4.19284167873e-08	6.70966218752e+12
4.19693225598e-08	-7.33435763098e+12
4.20102283322e-08	7.92951783424e+12
4.20511341047e-08	-8.48247075635e+12
4.20920398772e-08	8.97954034483e+12
4.21329456497e-08	-9.40615244186e+12
4.21738514221e-08	9.746907136e+12
4.22147571946e-08	-9.98571402854e+12
4.22556629671e-08	1.01059542385e+13
4.22965687396e-08	-1.00906408346e+13
4.2337474512e-08	9.92263274496e+12
4.23783802845e-08	-9.58488641536e+12
4.2419286057e-08	9.0606927872e+12
4.24601918295e-08	-8.3340254249e+12
4.25010976019e-08	7.38978640691e+12
4.25420033744e-08	-6.21419534746e+12
4.25829091469e-08	4.79521092403e+12
4.26238149194e-08	-3.12281713869e+12
4.26647206918e-08	1.1895790633e+12
4.27056264643e-08	1.00907823923e+12
4.27465322368e-08	-3.47431134822e+12
4.27874380093e-08	6.2034191319e+12
4.28283437818e-08	-9.18942331699e+12
4.28692495542e-08	1.24206731756e+13
4.29101553267e-08	-1.58802703811e+13
4.29510610992e-08	1.95458530017e+13
4.29919668717e-08	-2.33889784136e+13
4.30328726441e-08	2.73749995684e+13
4.30737784166e-08	-3.1462715818e+13
4.31146841891e-08	3.56040625357e+13
4.31555899616e-08	-3.97440586875e+13
4.3196495734e-08	4.38206914888e+13
4.32374015065e-08	-4.77649436672e+13
4.3278307279e-08	5.15009360691e+13
4.33192130515e-08	-5.4946196095e+13
4.33601188239e-08	5.8012039381e+13
4.34010245964e-08	-6.06040269783e+13
4.34419303689e-08	6.2622724522e+13
4.34828361414e-08	-6.39646375608e+13
4.35237419138e-08	6.45229455606e+13
4.35646476863e-08	-6.41889741046e+13
4.36055534588e-08	6.2853411242e+13
4.36464592313e-08	-6.0407897129e+13
4.36873650037e-08	5.67467101389e+13
4.37282707762e-08	-5.17690192036e+13
4.37691765487e-08	4.53803434312e+13
4.38100823212e-08	-3.74955552276e+13
4.38509880936e-08	2.80405076869e+13
4.38918938661e-08	-1.6955515863e+13
4.39327996386e-08	4.19750425395e+12
4.39737054111e-08	1.02575814738e+13
4.40146111835e-08	-2.64109912228e+13
4.4055516956e-08	4.42391278387e+13
4.40964227285e-08	-6.36899945349e+13
4.4137328501e-08	8.46811271004e+13
4.41782342734e-08	-1.0709625104e+14
4.42191400459e-08	1.30782593024e+14
4.42600458184e-08	-1.55549656154e+14
4.43009515909e-08	1.81165797409e+14
4.43418573633e-08	-2.07356726084e+14
4.43827631358e-08	2.33805436682e+14
4.44236689083e-08	-2.60149457453e+14
4.44645746808e-08	2.85982175789e+14
4.45054804532e-08	-3.10851848372e+14
4.45463862257e-08	3.34264050647e+14
4.45872919982e-08	-3.55682079474e+14
4.46281977707e-08	3.74530610561e+14
4.46691035431e-08	-3.90198919692e+14
4.47100093156e-08	4.02046083662e+14
4.47509150881e-08	-4.09404939698e+14
4.47918208606e-08	4.11590406963e+14
4.4832726633e-08	-4.07908714021e+14
4.48736324055e-08	3.97661626696e+14
4.4914538178e-08	-3.80162017329e+14
4.49554439505e-08	3.5474242116e+14
4.49963497229e-08	-3.20767719899e+14
4.50372554954e-08	2.77649335255e+14
4.50781612679e-08	-2.24860663972e+14
4.51190670404e-08	1.61950969364e+14
4.51599728128e-08	-8.85644737905e+13
4.52008785853e-08	4.45414952141e+12
4.52417843578e-08	9.04969070838e+13
4.52826901303e-08	-1.96258480259e+14
4.53235959028e-08	3.12635836858e+14
4.53645016752e-08	-4.39250197676e+14
4.54054074477e-08	5.75522128003e+14
4.54463132202e-08	-7.20652227052e+14
4.54872189927e-08	8.73609300017e+14
4.55281247651e-08	-1.03310874903e+15
4.55690305376e-08	1.1976062649e+15
4.56099363101e-08	-1.36528635154e+15
4.56508420826e-08	1.53405239381e+15
4.5691747855e-08	-1.70151947692e+15
4.57326536275e-08	1.86502243942e+15
4.57735594e-08	-2.02161265207e+15
4.58144651725e-08	2.16806029944e+15
4.58553709449e-08	-2.30088243151e+15
4.58962767174e-08	2.41634967447e+15
4.59371824899e-08	-2.51051495339e+15
4.59780882624e-08	2.5792395304e+15
4.60189940348e-08	-2.61823863875e+15
4.60598998073e-08	2.62312550623e+15
4.61008055798e-08	-2.58945511011e+15
4.61417113523e-08	2.5127931651e+15
4.61826171247e-08	-2.38877491069e+15
4.62235228972e-08	2.21318913144e+15
4.62644286697e-08	-1.98205103722e+15
4.63053344422e-08	1.69170171855e+15
4.63462402146e-08	-1.33889310641e+15
4.63871459871e-08	9.20882864194e+14
4.64280517596e-08	-4.35578134856e+14
4.64689575321e-08	-1.18394800046e+14
4.65098633045e-08	7.41561000264e+14
4.6550769077e-08	-1.43347419185e+15
4.65916748495e-08	2.19260966142e+15
4.6632580622e-08	-3.01622641453e+15
4.66734863944e-08	3.90029147688e+15
4.67143921669e-08	-4.83933507342e+15
4.67552979394e-08	5.82638244567e+15
4.67962037119e-08	-6.85283345852e+15
4.68371094843e-08	7.90840542337e+15
4.68780152568e-08	-8.98105256758e+15
4.69189210293e-08	1.0056938654e+16
4.69598268018e-08	-1.11204187274e+16
4.70007325742e-08	1.21540187133e+16
4.70416383467e-08	-1.31384703147e+16
4.70825441192e-08	1.40527518142e+16
4.71234498917e-08	-1.48742448402e+16
4.71643556641e-08	1.55787783905e+16
4.72052614366e-08	-1.6140867203e+16
4.72461672091e-08	1.65338352357e+16
4.72870729816e-08	-1.67301796657e+16
4.7327978754e-08	1.67017555721e+16
4.73688845265e-08	-1.64202118759e+16
4.7409790299e-08	1.58573370844e+16
4.74506960715e-08	-1.49854844931e+16
4.74916018439e-08	1.37781262365e+16
4.75325076164e-08	-1.22102602363e+16
4.75734133889e-08	1.02592240975e+16
4.76143191614e-08	-7.90500864111e+15
4.76552249338e-08	5.13113300402e+15
4.76961307063e-08	-1.92530713726e+15
4.77370364788e-08	-1.71991643246e+15
4.77779422513e-08	5.8063877623e+15
4.78188480238e-08	-1.03295617031e+16
4.78597537962e-08	1.52778192946e+16
4.79006595687e-08	-2.06317279573e+16
4.79415653412e-08	2.63632651771e+16
4.79824711137e-08	-3.24351678176e+16
4.80233768861e-08	3.88003136453e+16
4.80642826586e-08	-4.54012488825e+16
4.81051884311e-08	5.21695418154e+16
4.81460942036e-08	-5.90255336855e+16
4.8186999976e-08	6.58779564377e+16
4.82279057485e-08	-7.26242462532e+16
4.8268811521e-08	7.91497532747e+16
4.83097172935e-08	-8.53288711839e+16
4.83506230659e-08	9.10248911716e+16
4.83915288384e-08	-9.60908222771e+16
4.84324346109e-08	1.0037045654e+17
