% time-domain voltage integration by openEMS v0.0.35 @Thu May 22 17:17:12 2025
% start-coordinates: (-0.03275,-0.04525,0) m -> [3,2,1]
% stop-coordinates: (-0.03275,-0.04525,0.0016) m -> [3,2,2]
% t/s	voltage
0	-0
4.09057724754e-11	6.42152542696e-07
8.18115449508e-11	4.41664838036e-08
1.22717317426e-10	-1.85889803106e-06
1.63623089902e-10	-4.03884132538e-06
2.04528862377e-10	-4.71472367281e-06
2.45434634852e-10	-2.27199166147e-06
2.86340407328e-10	3.61664001503e-06
3.27246179803e-10	1.12083898784e-05
3.68151952279e-10	1.67706766661e-05
4.09057724754e-10	1.57995527843e-05
4.49963497229e-10	5.19799414178e-06
4.90869269705e-10	-1.43100378409e-05
5.3177504218e-10	-3.66809654224e-05
5.72680814656e-10	-5.11827674927e-05
6.13586587131e-10	-4.58691065433e-05
6.54492359607e-10	-1.34240744956e-05
6.95398132082e-10	4.26039659942e-05
7.36303904557e-10	0.000104380189441
7.77209677033e-10	0.000142381410114
8.18115449508e-10	0.000125513091916
8.59021221984e-10	3.68054097635e-05
8.99926994459e-10	-0.000111179040687
9.40832766934e-10	-0.000269638752798
9.8173853941e-10	-0.000362949271221
1.02264431189e-09	-0.000316217890941
1.06355008436e-09	-9.41099933698e-05
1.10445585684e-09	0.000264766946202
1.14536162931e-09	0.000637717021164
1.18626740179e-09	0.000846936134622
1.22717317426e-09	0.000727821723558
1.26807894674e-09	0.000216337139136
1.30898471921e-09	-0.000582276319619
1.34989049169e-09	-0.00138523057103
1.39079626416e-09	-0.00180986523628
1.43170203664e-09	-0.00152757868636
1.47260780911e-09	-0.000442152901087
1.51351358159e-09	0.00118883233517
1.55441935407e-09	0.00276808883063
1.59532512654e-09	0.003543097293
1.63623089902e-09	0.00292105111293
1.67713667149e-09	0.000797469285317
1.71804244397e-09	-0.00225854082964
1.75894821644e-09	-0.00509213935584
1.79985398892e-09	-0.00635393662378
1.84075976139e-09	-0.00508376536891
1.88166553387e-09	-0.00125415646471
1.92257130634e-09	0.00399687420577
1.96347707882e-09	0.00862768292427
2.00438285129e-09	0.0104367891327
2.04528862377e-09	0.00804118439555
2.08619439625e-09	0.00167652964592
2.12710016872e-09	-0.00659343786538
2.1680059412e-09	-0.0134716974571
2.20891171367e-09	-0.0156997498125
2.24981748615e-09	-0.0115360058844
2.29072325862e-09	-0.00179015961476
2.3316290311e-09	0.0101383011788
2.37253480357e-09	0.0193922705948
2.41344057605e-09	0.0216155387461
2.45434634852e-09	0.0149580091238
2.495252121e-09	0.00121721241158
2.53615789348e-09	-0.0145158236846
2.57706366595e-09	-0.0257279537618
2.61796943843e-09	-0.0271986275911
2.6588752109e-09	-0.0174208451062
2.69978098338e-09	0.000394430360757
2.74068675585e-09	0.0193168427795
2.78159252833e-09	0.0314260311425
2.8224983008e-09	0.0311886463314
2.86340407328e-09	0.0180195830762
2.90430984575e-09	-0.00317286723293
2.94521561823e-09	-0.02382623218
2.9861213907e-09	-0.0352608188987
3.02702716318e-09	-0.032425057143
3.06793293566e-09	-0.016194511205
3.10883870813e-09	0.00684889312834
3.14974448061e-09	0.0271370150149
3.19065025308e-09	0.0361924171448
3.23155602556e-09	0.0302834827453
3.27246179803e-09	0.0120361410081
3.31336757051e-09	-0.0107242502272
3.35427334298e-09	-0.0283921286464
3.39517911546e-09	-0.0337410792708
3.43608488793e-09	-0.0249780695885
3.47699066041e-09	-0.006360525731
3.51789643289e-09	0.0138439340517
3.55880220536e-09	0.0270811039954
3.59970797784e-09	0.0282144341618
3.64061375031e-09	0.0175693165511
3.68151952279e-09	0.000481874798425
3.72242529526e-09	-0.0153270112351
3.76333106774e-09	-0.0232682861388
3.80423684021e-09	-0.0206725150347
3.84514261269e-09	-0.00964930839837
3.88604838516e-09	0.00423533888534
3.92695415764e-09	0.0147113678977
3.96785993011e-09	0.0176368709654
4.00876570259e-09	0.0126243047416
4.04967147507e-09	0.00282724620774
4.09057724754e-09	-0.00684929359704
4.13148302002e-09	-0.0121484175324
4.17238879249e-09	-0.0113097541034
4.21329456497e-09	-0.00557065010071
4.25420033744e-09	0.0017700898461
4.29510610992e-09	0.00713322497904
4.33601188239e-09	0.00835558958352
4.37691765487e-09	0.00551196979359
4.41782342734e-09	0.000575240643229
4.45872919982e-09	-0.0037836714182
4.49963497229e-09	-0.0055737211369
4.54054074477e-09	-0.00434963684529
4.58144651725e-09	-0.0012070533121
4.62235228972e-09	0.00198055524379
4.6632580622e-09	0.00360790104605
4.70416383467e-09	0.00310694449581
4.74506960715e-09	0.00108565099072
4.78597537962e-09	-0.00115422729868
4.8268811521e-09	-0.00239374721423
4.86778692457e-09	-0.0021274543833
4.90869269705e-09	-0.000734939821996
4.94959846952e-09	0.000842756708153
4.990504242e-09	0.00169085978996
5.03141001448e-09	0.00142492284067
5.07231578695e-09	0.000344748870702
5.11322155943e-09	-0.000811025209259
5.1541273319e-09	-0.00133469037246
5.19503310438e-09	-0.000959519529715
5.23593887685e-09	1.75298082468e-05
5.27684464933e-09	0.000949562177993
5.3177504218e-09	0.0012455265969
5.35865619428e-09	0.000723267381545
5.39956196675e-09	-0.000292094133329
5.44046773923e-09	-0.00117190286983
5.4813735117e-09	-0.00136273854878
5.52227928418e-09	-0.000716959650163
5.56318505666e-09	0.000415188842453
5.60409082913e-09	0.00138279946987
5.64499660161e-09	0.00160689721815
5.68590237408e-09	0.000916341843549
5.72680814656e-09	-0.00034325037268
5.76771391903e-09	-0.00149040610995
5.80861969151e-09	-0.00187962863129
5.84952546398e-09	-0.00126070214901
5.89043123646e-09	7.26204525563e-05
5.93133700893e-09	0.00142875988968
5.97224278141e-09	0.00208264496177
6.01314855388e-09	0.00166389881633
6.05405432636e-09	0.000361181504559
6.09496009884e-09	-0.00116754532792
6.13586587131e-09	-0.00213331659324
6.17677164379e-09	-0.00202633580193
6.21767741626e-09	-0.000883630360477
6.25858318874e-09	0.000725403777324
6.29948896121e-09	0.00198813597672
6.34039473369e-09	0.00226309732534
6.38130050616e-09	0.00140661117621
6.42220627864e-09	-0.00015476468252
6.46311205111e-09	-0.00164109654725
6.50401782359e-09	-0.00231279525906
6.54492359607e-09	-0.00184059492312
6.58582936854e-09	-0.000465991615783
6.62673514102e-09	0.00112532486673
6.66764091349e-09	0.00214922567829
6.70854668597e-09	0.00211199861951
6.74945245844e-09	0.00104843999725
6.79035823092e-09	-0.000505396630615
6.83126400339e-09	-0.00178524886724
6.87216977587e-09	-0.00217704311945
6.91307554834e-09	-0.001512186951
6.95398132082e-09	-0.000137621624162
6.99488709329e-09	0.00126678997185
7.03579286577e-09	0.00202670157887
7.07669863825e-09	0.00179807702079
7.11760441072e-09	0.000721530173905
7.1585101832e-09	-0.000662068196107
7.19941595567e-09	-0.00168492272496
7.24032172815e-09	-0.00187571323477
7.28122750062e-09	-0.00117602851242
7.3221332731e-09	4.90086313221e-05
7.36303904557e-09	0.00120178796351
7.40394481805e-09	0.00174473400693
7.44485059052e-09	0.0014507038286
7.485756363e-09	0.000494912965223
7.52666213547e-09	-0.000646884727757
7.56756790795e-09	-0.00143583409954
7.60847368043e-09	-0.00152425211854
7.6493794529e-09	-0.000906870991457
7.69028522538e-09	9.55274881562e-05
7.73119099785e-09	0.00100256770384
7.77209677033e-09	0.00140457728412
7.8130025428e-09	0.00114634807687
7.85390831528e-09	0.000382712227292
7.89481408775e-09	-0.000511182181071
7.93571986023e-09	-0.00112412695307
7.9766256327e-09	-0.00119721342344
8.01753140518e-09	-0.000730515224859
8.05843717766e-09	3.42490893672e-05
8.09934295013e-09	0.000738183094654
8.14024872261e-09	0.00107304984704
8.18115449508e-09	0.000914377800655
8.22206026756e-09	0.000363440776709
8.26296604003e-09	-0.000313282798743
8.30387181251e-09	-0.000812452111859
8.34477758498e-09	-0.00092847913038
8.38568335746e-09	-0.000635473697912
8.42658912993e-09	-8.54529862409e-05
8.46749490241e-09	0.000469495658763
8.50840067488e-09	0.000791721162386
8.54930644736e-09	0.000757753150538
8.59021221984e-09	0.000402626435971
8.63111799231e-09	-0.000105345672637
8.67202376479e-09	-0.000543482077774
8.71292953726e-09	-0.000730821397156
8.75383530974e-09	-0.000600760744419
8.79474108221e-09	-0.000222315866267
8.83564685469e-09	0.000235315266764
8.87655262716e-09	0.00057717069285
8.91745839964e-09	0.00066391506698
8.95836417211e-09	0.000467158009997
8.99926994459e-09	7.75580047048e-05
9.04017571706e-09	-0.000335980788805
9.08108148954e-09	-0.000598195707425
9.12198726202e-09	-0.000600581406616
9.16289303449e-09	-0.000345833046595
9.20379880697e-09	5.44063659618e-05
9.24470457944e-09	0.000427379505709
9.28561035192e-09	0.000612781033851
9.32651612439e-09	0.000531254976522
9.36742189687e-09	0.000218772867811
9.40832766934e-09	-0.000188332604012
9.44923344182e-09	-0.000511957739946
9.49013921429e-09	-0.000609821057878
9.53104498677e-09	-0.000438310904428
9.57195075925e-09	-7.26974685676e-05
9.61285653172e-09	0.000325152475853
9.6537623042e-09	0.000577996892389
9.69466807667e-09	0.000572380842641
9.73557384915e-09	0.000310150469886
9.77647962162e-09	-9.12766772672e-05
9.8173853941e-09	-0.00045108620543
9.85829116657e-09	-0.000606563291512
9.89919693905e-09	-0.000487257522764
9.94010271152e-09	-0.000147511484101
9.981008484e-09	0.000257817358943
1.00219142565e-08	0.000543961068615
1.0062820029e-08	0.000580776657443
1.01037258014e-08	0.0003525200882
1.01446315739e-08	-3.5029319406e-05
1.01855373464e-08	-0.000403399026254
1.02264431189e-08	-0.000583885179367
1.02673488913e-08	-0.000495271524414
1.03082546638e-08	-0.000180795148481
1.03491604363e-08	0.00021276086045
1.03900662088e-08	0.000503744697198
1.04309719812e-08	0.000559797859751
1.04718777537e-08	0.00035837732139
1.05127835262e-08	-4.25287771577e-06
1.05536892987e-08	-0.000358974997653
1.05945950711e-08	-0.000542988826055
1.06355008436e-08	-0.000474746630061
1.06764066161e-08	-0.000190304446733
1.07173123886e-08	0.000175599387148
1.0758218161e-08	0.000453436630778
1.07991239335e-08	0.000517835258506
1.0840029706e-08	0.000344039028278
1.08809354785e-08	1.71474093804e-05
1.09218412509e-08	-0.00030976490234
1.09627470234e-08	-0.000487209879793
1.10036527959e-08	-0.000437967973994
1.10445585684e-08	-0.000190327933524
1.10854643408e-08	0.000137393522891
1.11263701133e-08	0.000393785827328
1.11672758858e-08	0.00046410333016
1.12081816583e-08	0.0003217550111
1.12490874307e-08	3.73860093532e-05
1.12899932032e-08	-0.000255875755101
1.13308989757e-08	-0.000425000675023
1.13718047482e-08	-0.000396991323214
1.14127105206e-08	-0.000190319464309
1.14536162931e-08	9.6451229183e-05
1.14945220656e-08	0.000331465096679
1.15354278381e-08	0.000410290871514
1.15763336105e-08	0.000301991181914
1.1617239383e-08	6.06627036177e-05
1.16581451555e-08	-0.000201502756681
1.1699050928e-08	-0.000366271939129
1.17399567004e-08	-0.000362145976396
1.17808624729e-08	-0.000195286876988
1.18217682454e-08	5.56768791284e-05
1.18626740179e-08	0.000276100705378
1.19035797903e-08	0.000367999688024
1.19444855628e-08	0.000292621465633
1.19853913353e-08	8.72273594723e-05
1.20262971078e-08	-0.000154175329953
1.20672028802e-08	-0.000322655017953
1.21081086527e-08	-0.000344189757016
1.21490144252e-08	-0.000210523183341
1.21899201977e-08	1.64390585269e-05
1.22308259701e-08	0.000234454273595
1.22717317426e-08	0.000345166714396
1.23126375151e-08	0.000299954641378
1.23535432876e-08	0.000119435208035
1.239444906e-08	-0.000114183050755
1.24353548325e-08	-0.000296138197882
1.2476260605e-08	-0.000343946070643
1.25171663775e-08	-0.000236378560658
1.25580721499e-08	-2.1169656975e-05
1.25989779224e-08	0.000204163487069
1.26398836949e-08	0.000337761011906
1.26807894674e-08	0.000317941827234
1.27216952399e-08	0.00015312017058
1.27626010123e-08	-8.26038085506e-05
1.28035067848e-08	-0.000281935499515
1.28444125573e-08	-0.000353580981027
1.28853183298e-08	-0.000263825466391
1.29262241022e-08	-5.21192232554e-05
1.29671298747e-08	0.000185124066775
1.30080356472e-08	0.000339432124747
1.30489414197e-08	0.000338097277563
1.30898471921e-08	0.000181114664883
1.31307529646e-08	-6.13655065536e-05
1.31716587371e-08	-0.000276661157841
1.32125645096e-08	-0.000366447929991
1.3253470282e-08	-0.000286628957838
1.32943760545e-08	-7.47385565774e-05
1.3335281827e-08	0.00017425630358
1.33761875995e-08	0.000343079736922
1.34170933719e-08	0.000355387310265
1.34579991444e-08	0.000201862247195
1.34989049169e-08	-4.41689298896e-05
1.35398106894e-08	-0.000271788012469
1.35807164618e-08	-0.00037253103801
1.36216222343e-08	-0.000303149310639
1.36625280068e-08	-9.27192086237e-05
1.37034337793e-08	0.000158326787641
1.37443395517e-08	0.000337527366355
1.37852453242e-08	0.000359579513315
1.38261510967e-08	0.00021808288875
1.38670568692e-08	-2.35883526329e-05
1.39079626416e-08	-0.000251216231845
1.39488684141e-08	-0.000362839491572
1.39897741866e-08	-0.000307337293634
1.40306799591e-08	-0.000113813315693
1.40715857315e-08	0.000128206127556
1.4112491504e-08	0.000308698799927
1.41533972765e-08	0.000346847984474
1.4194303049e-08	0.00022984232055
1.42352088214e-08	1.07767591544e-05
1.42761145939e-08	-0.000206242490094
1.43170203664e-08	-0.000328874739353
1.43579261389e-08	-0.000299661187455
1.43988319113e-08	-0.000143157463754
1.44397376838e-08	7.59623872e-05
1.44806434563e-08	0.00025046558585
1.45215492288e-08	0.00031667764415
1.45624550012e-08	0.00023762024648
1.46033607737e-08	6.54725517961e-05
1.46442665462e-08	-0.000137486305903
1.46851723187e-08	-0.00026747857919
1.47260780911e-08	-0.00028809797368
1.47669838636e-08	-0.000176597794052
1.48078896361e-08	-3.66416179531e-06
1.48487954086e-08	0.000175908382516
1.4889701181e-08	0.000267789757345
1.49306069535e-08	0.000256611529039
1.4971512726e-08	0.000128582381876
1.50124184985e-08	-4.1408049583e-05
1.50533242709e-08	-0.000202000315767
1.50942300434e-08	-0.000268719071755
1.51351358159e-08	-0.000231647441979
1.51760415884e-08	-9.11603710847e-05
1.52169473609e-08	8.20166969788e-05
1.52578531333e-08	0.000226620439207
1.52987589058e-08	0.000276522157947
1.53396646783e-08	0.000211965510971
1.53805704508e-08	5.82095308346e-05
1.54214762232e-08	-0.0001297427807
1.54623819957e-08	-0.000259745691437
1.55032877682e-08	-0.000292352255201
1.55441935407e-08	-0.000185328812222
1.55850993131e-08	-1.27232251543e-05
1.56260050856e-08	0.000193085128558
1.56669108581e-08	0.000295743404422
1.57078166306e-08	0.000301830732496
1.5748722403e-08	0.000140175994602
1.57896281755e-08	-5.15132778673e-05
1.5830533948e-08	-0.000269765063422
1.58714397205e-08	-0.000327097892296
1.59123454929e-08	-0.000288326060399
1.59532512654e-08	-6.37559933239e-05
1.59941570379e-08	0.00013779575238
1.60350628104e-08	0.000341698410921
1.60759685828e-08	0.000333134317771
1.61168743553e-08	0.000236587715335
1.61577801278e-08	-3.57943936251e-05
1.61986859003e-08	-0.000232537859119
1.62395916727e-08	-0.000389145920053
1.62804974452e-08	-0.000306102796458
1.63214032177e-08	-0.000139671654324
1.63623089902e-08	0.000146264079376
1.64032147626e-08	0.000317262165481
1.64441205351e-08	0.000383742473787
1.64850263076e-08	0.000241401765379
1.65259320801e-08	1.07166779344e-05
1.65668378525e-08	-0.000234639432165
1.6607743625e-08	-0.000373915943783
1.66486493975e-08	-0.000320563587593
1.668955517e-08	-0.000154226188897
1.67304609424e-08	0.000133717127028
1.67713667149e-08	0.00027950850199
1.68122724874e-08	0.000387703476008
1.68531782599e-08	0.000199985268409
1.68940840323e-08	6.79136428516e-05
1.69349898048e-08	-0.000256519095274
1.69758955773e-08	-0.000263507274212
1.70168013498e-08	-0.000365149433492
1.70577071222e-08	-5.66528105992e-05
1.70986128947e-08	-2.20793253902e-06
1.71395186672e-08	0.000338757585268
1.71804244397e-08	0.000197300221771
1.72213302121e-08	0.000307911133859
1.72622359846e-08	-7.32597327442e-05
1.73031417571e-08	-2.79988507828e-05
1.73440475296e-08	-0.000353023264324
1.7384953302e-08	-0.000116603347124
1.74258590745e-08	-0.000237843429204
1.7466764847e-08	0.000141734926729
1.75076706195e-08	4.5467113523e-05
1.75485763919e-08	0.000301853462588
1.75894821644e-08	6.71500893077e-05
1.76303879369e-08	0.000147057900904
1.76712937094e-08	-0.000116052055091
1.77121994819e-08	-7.44434437365e-05
1.77531052543e-08	-0.000185036842595
1.77940110268e-08	-0.000108654210635
1.78349167993e-08	-3.71878195438e-05
1.78758225718e-08	-8.6051368271e-06
1.79167283442e-08	0.00017319865583
1.79576341167e-08	1.96414257516e-05
1.79985398892e-08	0.00025481818011
1.80394456617e-08	-0.000118140414997
1.80803514341e-08	0.000217565742787
1.81212572066e-08	-0.000355969532393
1.81621629791e-08	0.000169537917827
1.82030687516e-08	-0.000502826995216
1.8243974524e-08	0.000319744402077
1.82848802965e-08	-0.000438366434537
1.8325786069e-08	0.000619594356976
1.83666918415e-08	-0.000353638082743
1.84075976139e-08	0.000757509376854
1.84485033864e-08	-0.000539511034731
1.84894091589e-08	0.000598884944338
1.85303149314e-08	-0.000871255237143
1.85712207038e-08	0.00045737347682
1.86121264763e-08	-0.000903633248527
1.86530322488e-08	0.000698167306837
1.86939380213e-08	-0.000564547197428
1.87348437937e-08	0.000966324878391
1.87757495662e-08	-0.000407291168813
1.88166553387e-08	0.000762198877055
1.88575611112e-08	-0.000640495272819
1.88984668836e-08	0.000240821653279
1.89393726561e-08	-0.000722899101675
1.89802784286e-08	6.1462757003e-05
1.90211842011e-08	-0.000195570988581
1.90620899735e-08	0.000224406190682
1.9102995746e-08	0.000480805960251
1.91439015185e-08	-2.38281136262e-05
1.9184807291e-08	0.000651718000881
1.92257130634e-08	-0.000861692940816
1.92666188359e-08	0.000687048130203
1.93075246084e-08	-0.00158746016677
1.93484303809e-08	0.0012789684115
1.93893361533e-08	-0.00176563591231
1.94302419258e-08	0.00231794943102
1.94711476983e-08	-0.00200685695745
1.95120534708e-08	0.00293425377458
1.95529592432e-08	-0.00287158810534
1.95938650157e-08	0.00306614302099
1.96347707882e-08	-0.00381667725742
1.96756765607e-08	0.00344881601632
1.97165823331e-08	-0.00414153328165
1.97574881056e-08	0.00425895722583
1.97983938781e-08	-0.00409832410514
1.98392996506e-08	0.00478364992887
1.9880205423e-08	-0.00433341693133
1.99211111955e-08	0.00454593682662
1.9962016968e-08	-0.00468561192974
2.00029227405e-08	0.00409403117374
2.00438285129e-08	-0.00434503192082
2.00847342854e-08	0.00377670885064
2.01256400579e-08	-0.0033365371637
2.01665458304e-08	0.0031492295675
2.02074516029e-08	-0.00211729668081
2.02483573753e-08	0.0016818222357
2.02892631478e-08	-0.000818284344859
2.03301689203e-08	-0.000349390436895
2.03710746928e-08	0.00111795600969
2.04119804652e-08	-0.00255838595331
2.04528862377e-08	0.00382803054526
2.04937920102e-08	-0.00510410033166
2.05346977827e-08	0.00681760767475
2.05756035551e-08	-0.00831994507462
2.06165093276e-08	0.0100565794855
2.06574151001e-08	-0.0118881240487
2.06983208726e-08	0.0135619807988
2.0739226645e-08	-0.0154883340001
2.07801324175e-08	0.0174224171788
2.082103819e-08	-0.0190895628184
2.08619439625e-08	0.0209345277399
2.09028497349e-08	-0.0226596742868
2.09437555074e-08	0.0240643266588
2.09846612799e-08	-0.0256926976144
2.10255670524e-08	0.0267428830266
2.10664728248e-08	-0.0275773275644
2.11073785973e-08	0.0285049304366
2.11482843698e-08	-0.0285321194679
2.11891901423e-08	0.0286598838866
2.12300959147e-08	-0.0281172785908
2.12710016872e-08	0.0267851334065
2.13119074597e-08	-0.0257764551789
2.13528132322e-08	0.0233150366694
2.13937190046e-08	-0.0205491576344
2.14346247771e-08	0.0174663960934
2.14755305496e-08	-0.0128679201007
2.15164363221e-08	0.00858575478196
2.15573420945e-08	-0.0028622741811
2.1598247867e-08	-0.00374338915572
2.16391536395e-08	0.0102174468338
2.1680059412e-08	-0.0185744371265
2.17209651844e-08	0.0266923941672
2.17618709569e-08	-0.0357869677246
2.18027767294e-08	0.0462631694973
2.18436825019e-08	-0.05587689206
2.18845882743e-08	0.0671434625983
2.19254940468e-08	-0.0784446522593
2.19663998193e-08	0.0895543918014
2.20073055918e-08	-0.101907216012
2.20482113642e-08	0.11283338815
2.20891171367e-08	-0.124396599829
2.21300229092e-08	0.13578902185
2.21709286817e-08	-0.145468235016
2.22118344541e-08	0.155637919903
2.22527402266e-08	-0.163653969765
2.22936459991e-08	0.170421481133
2.23345517716e-08	-0.176470413804
2.2375457544e-08	0.179201155901
2.24163633165e-08	-0.180636480451
2.2457269089e-08	0.179260164499
2.24981748615e-08	-0.174571916461
2.25390806339e-08	0.167796611786
2.25799864064e-08	-0.156366080046
2.26208921789e-08	0.141721352935
2.26617979514e-08	-0.123564399779
2.27027037239e-08	0.10014513135
2.27436094963e-08	-0.0732511654496
2.27845152688e-08	0.0413932427764
2.28254210413e-08	-0.00456059863791
2.28663268138e-08	-0.0362075045705
2.29072325862e-08	0.0825102552772
2.29481383587e-08	-0.13308763504
2.29890441312e-08	0.187839314342
2.30299499037e-08	-0.247491389513
2.30708556761e-08	0.310273677111
2.31117614486e-08	-0.376853466034
2.31526672211e-08	0.446600854397
2.31935729936e-08	-0.517486989498
2.3234478766e-08	0.59062564373
2.32753845385e-08	-0.664298772812
2.3316290311e-08	0.73666536808
2.33571960835e-08	-0.807987332344
2.33981018559e-08	0.87559568882
2.34390076284e-08	-0.939226567745
2.34799134009e-08	0.997502923012
2.35208191734e-08	-1.04671788216
2.35617249458e-08	1.08766555786
2.36026307183e-08	-1.11745798588
2.36435364908e-08	1.13381671906
2.36844422633e-08	-1.13664722443
2.37253480357e-08	1.12086355686
2.37662538082e-08	-1.0869666338
2.38071595807e-08	1.03379821777
2.38480653532e-08	-0.956859350204
2.38889711256e-08	0.856756985188
2.39298768981e-08	-0.729776382446
2.39707826706e-08	0.576125979424
2.40116884431e-08	-0.396400719881
2.40525942155e-08	0.185031071305
2.4093499988e-08	0.0553268417716
2.41344057605e-08	-0.325079351664
2.4175311533e-08	0.625039637089
2.42162173054e-08	-0.951651394367
2.42571230779e-08	1.308380723
2.42980288504e-08	-1.69113874435
2.43389346229e-08	2.0953605175
2.43798403953e-08	-2.52086448669
2.44207461678e-08	2.96160387993
2.44616519403e-08	-3.41656494141
2.45025577128e-08	3.87877440453
2.45434634852e-08	-4.33814334869
2.45843692577e-08	4.79332542419
2.46252750302e-08	-5.23539543152
2.46661808027e-08	5.65559005737
2.47070865751e-08	-6.04495239258
2.47479923476e-08	6.39042949677
2.47888981201e-08	-6.6865940094
2.48298038926e-08	6.92197322845
2.4870709665e-08	-7.08224725723
2.49116154375e-08	7.15694093704
2.495252121e-08	-7.1322054863
2.49934269825e-08	6.99951648712
2.50343327549e-08	-6.74768447876
2.50752385274e-08	6.35922527313
2.51161442999e-08	-5.82533454895
2.51570500724e-08	5.13758182526
2.51979558449e-08	-4.28621196747
2.52388616173e-08	3.26299452782
2.52797673898e-08	-2.05710625648
2.53206731623e-08	0.666654229164
2.53615789348e-08	0.908216118813
2.54024847072e-08	-2.67106223106
2.54433904797e-08	4.61897468567
2.54842962522e-08	-6.74757480621
2.55252020247e-08	9.04741001129
2.55661077971e-08	-11.5014247894
2.56070135696e-08	14.0972070694
2.56479193421e-08	-16.8156967163
2.56888251146e-08	19.6280288696
2.5729730887e-08	-22.5052165985
2.57706366595e-08	25.4105682373
2.5811542432e-08	-28.3074321747
2.58524482045e-08	31.1527824402
2.58933539769e-08	-33.8907051086
2.59342597494e-08	36.472278595
2.59751655219e-08	-38.8377380371
2.60160712944e-08	40.9216651917
2.60569770668e-08	-42.6615333557
2.60978828393e-08	43.9823532104
2.61387886118e-08	-44.8142089844
2.61796943843e-08	45.083152771
2.62206001567e-08	-44.7076225281
2.62615059292e-08	43.6177978516
2.63024117017e-08	-41.7354850769
2.63433174742e-08	38.988822937
2.63842232466e-08	-35.3103485107
2.64251290191e-08	30.6271839142
2.64660347916e-08	-24.8920288086
2.65069405641e-08	18.057849884
2.65478463365e-08	-10.0778770447
2.6588752109e-08	0.927135586739
2.66296578815e-08	9.40751647949
2.6670563654e-08	-20.9131698608
2.67114694264e-08	33.5675048828
2.67523751989e-08	-47.3442459106
2.67932809714e-08	62.1706504822
2.68341867439e-08	-77.9546966553
2.68750925163e-08	94.5781097412
2.69159982888e-08	-111.903778076
2.69569040613e-08	129.778045654
2.69978098338e-08	-147.992080688
2.70387156062e-08	166.299636841
2.70796213787e-08	-184.447387695
2.71205271512e-08	202.15838623
2.71614329237e-08	-219.115783691
2.72023386961e-08	234.950195312
2.72432444686e-08	-249.263671875
2.72841502411e-08	261.681121826
2.73250560136e-08	-271.780853271
2.7365961786e-08	279.105834961
2.74068675585e-08	-283.168945312
2.7447773331e-08	283.495300293
2.74886791035e-08	-279.639190674
2.75295848759e-08	271.122833252
2.75704906484e-08	-257.456481934
2.76113964209e-08	238.161651611
2.76523021934e-08	-212.841674805
2.76932079659e-08	181.13722229
2.77341137383e-08	-142.689941406
2.77750195108e-08	97.1714782715
2.78159252833e-08	-44.3697662354
2.78568310558e-08	-15.8049926758
2.78977368282e-08	83.3886871338
2.79386426007e-08	-158.355133057
2.79795483732e-08	240.550918579
2.80204541457e-08	-329.63067627
2.80613599181e-08	425.099182129
2.81022656906e-08	-526.365600586
2.81431714631e-08	632.696960449
2.81840772356e-08	-743.153625488
2.8224983008e-08	856.55480957
2.82658887805e-08	-971.54486084
2.8306794553e-08	1086.671875
2.83477003255e-08	-1200.26574707
2.83886060979e-08	1310.38012695
2.84295118704e-08	-1414.88183594
2.84704176429e-08	1511.50537109
2.85113234154e-08	-1597.86401367
2.85522291878e-08	1671.35144043
2.85931349603e-08	-1729.16540527
2.86340407328e-08	1768.43127441
2.86749465053e-08	-1786.23083496
2.87158522777e-08	1779.6027832
2.87567580502e-08	-1745.4979248
2.87976638227e-08	1680.88818359
2.88385695952e-08	-1582.82263184
2.88794753676e-08	1448.60388184
2.89203811401e-08	-1275.59716797
2.89612869126e-08	1061.4239502
2.90021926851e-08	-803.998901367
2.90430984575e-08	501.712646484
2.908400423e-08	-153.389770508
2.91249100025e-08	-241.671020508
2.9165815775e-08	683.497802734
2.92067215474e-08	-1171.46069336
2.92476273199e-08	1704.11242676
2.92885330924e-08	-2279.21484375
2.93294388649e-08	2893.51757812
2.93703446373e-08	-3542.85400391
2.94112504098e-08	4221.97753906
2.94521561823e-08	-4924.53417969
2.94930619548e-08	5642.97753906
2.95339677272e-08	-6368.55419922
2.95748734997e-08	7091.30175781
2.96157792722e-08	-7800.07226562
2.96566850447e-08	8482.56054688
2.96975908171e-08	-9125.06738281
2.97384965896e-08	9712.84179688
2.97794023621e-08	-10230.1289062
2.98203081346e-08	10660.3330078
2.9861213907e-08	-10985.9179688
2.99021196795e-08	11188.3769531
2.9943025452e-08	-11249.1132812
2.99839312245e-08	11149.1796875
3.00248369969e-08	-10869.7910156
3.00657427694e-08	10391.9804688
3.01066485419e-08	-9697.45703125
3.01475543144e-08	8769.09960938
3.01884600869e-08	-7591.15576172
3.02293658593e-08	6149.64501953
3.02702716318e-08	-4431.82324219
3.03111774043e-08	2428.47753906
3.03520831768e-08	-133.073242188
3.03929889492e-08	-2456.421875
3.04338947217e-08	5339.67285156
3.04748004942e-08	-8511.0859375
3.05157062667e-08	11959.59375
3.05566120391e-08	-15668.7695312
3.05975178116e-08	19615.9140625
3.06384235841e-08	-23773.3046875
3.06793293566e-08	28105.2480469
3.0720235129e-08	-32569.140625
3.07611409015e-08	37113.890625
3.0802046674e-08	-41682.8007812
3.08429524465e-08	46210.6601562
3.08838582189e-08	-50624.9296875
3.09247639914e-08	54843.390625
3.09656697639e-08	-58778.2695312
3.10065755364e-08	62335.4765625
3.10474813088e-08	-65413.5507812
3.10883870813e-08	67905.0234375
3.11292928538e-08	-69696.5
3.11701986263e-08	70672.9296875
3.12111043987e-08	-70716.1015625
3.12520101712e-08	69706.9453125
3.12929159437e-08	-67524.46875
3.13338217162e-08	64051.9257812
3.13747274886e-08	-59177.4023438
3.14156332611e-08	52796.2070312
3.14565390336e-08	-44810.6445312
3.14974448061e-08	35134.5585938
3.15383505785e-08	-23697.5664062
3.1579256351e-08	10447.7929688
3.16201621235e-08	4647.81640625
3.1661067896e-08	-21599.2695312
3.17019736684e-08	40391.8203125
3.17428794409e-08	-60974.7539062
3.17837852134e-08	83270.8828125
3.18246909859e-08	-107162.453125
3.18655967583e-08	132498.4375
3.19065025308e-08	-159083.1875
3.19474083033e-08	186674.671875
3.19883140758e-08	-214992.390625
3.20292198482e-08	243699.203125
3.20701256207e-08	-272423.96875
3.21110313932e-08	300729.375
3.21519371657e-08	-328145.15625
3.21928429381e-08	354141.125
3.22337487106e-08	-378151.53125
3.22746544831e-08	399564.46875
3.23155602556e-08	-417721.09375
3.2356466028e-08	431944.4375
3.23973718005e-08	-441506.90625
3.2438277573e-08	445684.5625
3.24791833455e-08	-443717.4375
3.25200891179e-08	434855.6875
3.25609948904e-08	-418354.8125
3.26019006629e-08	393478.40625
3.26428064354e-08	-359542.40625
3.26837122079e-08	315891
3.27246179803e-08	-261942.40625
3.27655237528e-08	197189.4375
3.28064295253e-08	-121223.46875
3.28473352978e-08	33750.0625
3.28882410702e-08	65381.8125
3.29291468427e-08	-176182.09375
3.29700526152e-08	298476.9375
3.30109583877e-08	-431904.5
3.30518641601e-08	575885.25
3.30927699326e-08	-729599.25
3.31336757051e-08	892001.75
3.31745814776e-08	-1061763.5
3.321548725e-08	1237280.125
3.32563930225e-08	-1416654.25
3.3297298795e-08	1597692
3.33382045675e-08	-1777897.5
3.33791103399e-08	1954479.5
3.34200161124e-08	-2124298.5
3.34609218849e-08	2283983.5
3.35018276574e-08	-2429811.75
3.35427334298e-08	2557879.25
3.35836392023e-08	-2663972
3.36245449748e-08	2743693.75
3.36654507473e-08	-2792506.25
3.37063565197e-08	2805707
3.37472622922e-08	-2778617
3.37881680647e-08	2706413.25
3.38290738372e-08	-2584503.75
3.38699796096e-08	2408301
3.39108853821e-08	-2173589
3.39517911546e-08	1876391
3.39926969271e-08	-1513143.5
3.40336026995e-08	1080938.75
3.4074508472e-08	-577370
3.41154142445e-08	966.5
3.4156320017e-08	648994
3.41972257894e-08	-1372171.5
3.42381315619e-08	2167029.75
3.42790373344e-08	-3030821.75
3.43199431069e-08	3959417
3.43608488793e-08	-4947151.5
3.44017546518e-08	5986833.5
3.44426604243e-08	-7069471.5
3.44835661968e-08	8184295
3.45244719692e-08	-9318796
3.45653777417e-08	10458442
3.46062835142e-08	-11586862
3.46471892867e-08	12685650
3.46880950591e-08	-13734663
3.47290008316e-08	14711715
3.47699066041e-08	-15593189
3.48108123766e-08	16353513
3.4851718149e-08	-16965826
3.48926239215e-08	17402328
3.4933529694e-08	-17633702
3.49744354665e-08	17630616
3.50153412389e-08	-17363092
3.50562470114e-08	16801272
3.50971527839e-08	-15916285
3.51380585564e-08	14679933
3.51789643289e-08	-13066065
3.52198701013e-08	11050680
3.52607758738e-08	-8612432
3.53016816463e-08	5734541
3.53425874188e-08	-2403333
3.53834931912e-08	-1388605
3.54243989637e-08	5643626
3.54653047362e-08	-10356818
3.55062105087e-08	15516190
3.55471162811e-08	-21101306
3.55880220536e-08	27082822
3.56289278261e-08	-33421760
3.56698335986e-08	40068728
3.5710739371e-08	-46963816
3.57516451435e-08	54034344
3.5792550916e-08	-61198400
3.58334566885e-08	68359008
3.58743624609e-08	-75409808
3.59152682334e-08	82230096
3.59561740059e-08	-88689104
3.59970797784e-08	94643632
3.60379855508e-08	-99940000
3.60788913233e-08	104415496
3.61197970958e-08	-107897560
3.61607028683e-08	110208280
3.62016086407e-08	-111162064
3.62425144132e-08	110573896
3.62834201857e-08	-108253440
3.63243259582e-08	104015752
3.63652317306e-08	-97679808
3.64061375031e-08	89071904
3.64470432756e-08	-78032832
3.64879490481e-08	64415040
3.65288548205e-08	-48097224
3.6569760593e-08	28975296
3.66106663655e-08	-6981680
3.6651572138e-08	-17923304
3.66924779104e-08	45736928
3.67333836829e-08	-76412224
3.67742894554e-08	109859712
3.68151952279e-08	-145922944
3.68561010003e-08	184406688
3.68970067728e-08	-225034528
3.69379125453e-08	267474800
3.69788183178e-08	-311324352
3.70197240902e-08	356101440
3.70606298627e-08	-401259904
3.71015356352e-08	446167648
3.71424414077e-08	-490120224
3.71833471801e-08	532339456
3.72242529526e-08	-571971456
3.72651587251e-08	608087296
3.73060644976e-08	-639709056
3.734697027e-08	665776128
3.73878760425e-08	-685197696
3.7428781815e-08	696834624
3.74696875875e-08	-699515456
3.75105933599e-08	692062080
3.75514991324e-08	-673289408
3.75924049049e-08	642036608
3.76333106774e-08	-597179008
3.76742164498e-08	537656896
3.77151222223e-08	-462478592
3.77560279948e-08	370794336
3.77969337673e-08	-261842944
3.78378395398e-08	135087936
3.78787453122e-08	9875328
3.79196510847e-08	-173179008
3.79605568572e-08	354718656
3.80014626297e-08	-554116224
3.80423684021e-08	770630912
3.80832741746e-08	-1003251200
3.81241799471e-08	1250486656
3.81650857196e-08	-1510563968
3.8205991492e-08	1781162752
3.82468972645e-08	-2059621888
3.8287803037e-08	2342740992
3.83287088095e-08	-2626885632
3.83696145819e-08	2907939584
3.84105203544e-08	-3181255680
3.84514261269e-08	3441833984
3.84923318994e-08	-3684037120
3.85332376718e-08	3902003712
3.85741434443e-08	-4089286400
3.86150492168e-08	4239215104
3.86559549893e-08	-4344768512
3.86968607617e-08	4398686208
3.87377665342e-08	-4393610752
3.87786723067e-08	4322041856
3.88195780792e-08	-4176606720
3.88604838516e-08	3950043392
3.89013896241e-08	-3635408896
3.89422953966e-08	3226155776
3.89832011691e-08	-2716374272
3.90241069415e-08	2100852224
3.9065012714e-08	-1375329280
3.91059184865e-08	536641024
3.9146824259e-08	417080320
3.91877300314e-08	-1486225408
3.92286358039e-08	2669536512
3.92695415764e-08	-3963780352
3.93104473489e-08	5363778560
3.93513531213e-08	-6862023680
3.93922588938e-08	8448638976
3.94331646663e-08	-10111074304
3.94740704388e-08	11834107904
3.95149762112e-08	-13599721472
3.95558819837e-08	15386801152
3.95967877562e-08	-17171363840
3.96376935287e-08	18926366720
3.96785993011e-08	-20621752320
3.97195050736e-08	22224343040
3.97604108461e-08	-23698583552
3.98013166186e-08	25005809664
3.9842222391e-08	-26105163776
3.98831281635e-08	26953666560
3.9924033936e-08	-27506563072
3.99649397085e-08	27718019072
4.00058454809e-08	-27540967424
4.00467512534e-08	26928902144
4.00876570259e-08	-25835175936
4.01285627984e-08	24214851584
4.01694685708e-08	-22025060352
4.02103743433e-08	19225669632
4.02512801158e-08	-15781543936
4.02921858883e-08	11661010944
4.03330916608e-08	-6840346624
4.03739974332e-08	1302298624
4.04149032057e-08	4962328576
4.04558089782e-08	-11951360000
4.04967147507e-08	19653308416
4.05376205231e-08	-28043337728
4.05785262956e-08	37083652096
4.06194320681e-08	-46721912832
4.06603378406e-08	56889606144
4.0701243613e-08	-67502166016
4.07421493855e-08	78457749504
4.0783055158e-08	-89635069952
4.08239609305e-08	100895670272
4.08648667029e-08	-112081281024
4.09057724754e-08	123014692864
4.09466782479e-08	-133499543552
4.09875840204e-08	143322251264
4.10284897928e-08	-152250957824
4.10693955653e-08	160036585472
4.11103013378e-08	-166418972672
4.11512071103e-08	171120885760
4.11921128827e-08	-173859766272
4.12330186552e-08	174342684672
4.12739244277e-08	-172273795072
4.13148302002e-08	167362134016
4.13557359726e-08	-159313379328
4.13966417451e-08	147852230656
4.14375475176e-08	-132712972288
4.14784532901e-08	113653063680
4.15193590625e-08	-90459381760
4.1560264835e-08	62949441536
4.16011706075e-08	-30988156928
4.164207638e-08	-5517459456
4.16829821524e-08	46596161536
4.17238879249e-08	-92219596800
4.17647936974e-08	142281293824
4.18056994699e-08	-196598398976
4.18466052423e-08	254900928512
4.18875110148e-08	-316821012480
4.19284167873e-08	381896294400
4.19693225598e-08	-449550286848
4.20102283322e-08	519102136320
4.20511341047e-08	-589746798592
4.20920398772e-08	660570374144
4.21329456497e-08	-730532282368
4.21738514221e-08	798470701056
4.22147571946e-08	-863117901824
4.22556629671e-08	923074297856
4.22965687396e-08	-976852615168
4.2337474512e-08	1.02285390643e+12
4.23783802845e-08	-1.05939297894e+12
4.2419286057e-08	1.08472860672e+12
4.24601918295e-08	-1.09703102464e+12
4.25010976019e-08	1.09447092634e+12
4.25420033744e-08	-1.07518387814e+12
4.25829091469e-08	1.03731875021e+12
4.26238149194e-08	-979082215424
4.26647206918e-08	898742550528
4.27056264643e-08	-794680754176
4.27465322368e-08	665437732864
4.27874380093e-08	-509725442048
4.28283437818e-08	326515687424
4.28692495542e-08	-115027017728
4.29101553267e-08	-125166485504
4.29510610992e-08	394131865600
4.29919668717e-08	-691509657600
4.30328726441e-08	1.01647201075e+12
4.30737784166e-08	-1.36766200218e+12
4.31146841891e-08	1.74316611174e+12
4.31555899616e-08	-2.1404671017e+12
4.3196495734e-08	2.55638372352e+12
4.32374015065e-08	-2.98705276109e+12
4.3278307279e-08	3.42791920026e+12
4.33192130515e-08	-3.87366728499e+12
4.33601188239e-08	4.31823572173e+12
4.34010245964e-08	-4.75482187366e+12
4.34419303689e-08	5.17584768205e+12
4.34828361414e-08	-5.57304879514e+12
4.35237419138e-08	5.93739802214e+12
4.35646476863e-08	-6.25925318246e+12
4.36055534588e-08	6.52839642726e+12
4.36464592313e-08	-6.73402008371e+12
4.36873650037e-08	6.86497149747e+12
4.37282707762e-08	-6.90975617843e+12
4.37691765487e-08	6.85668984422e+12
4.38100823212e-08	-6.69411599974e+12
4.38509880936e-08	6.4104169472e+12
4.38918938661e-08	-5.99454226842e+12
4.39327996386e-08	5.43566803763e+12
4.39737054111e-08	-4.72408129536e+12
4.40146111835e-08	3.85083192115e+12
4.4055516956e-08	-2.80852221133e+12
4.40964227285e-08	1.5910961152e+12
4.4137328501e-08	-194378203136
4.41782342734e-08	-1.38328303206e+12
4.42191400459e-08	3.1417368576e+12
4.42600458184e-08	-5.07731823821e+12
4.43009515909e-08	7.18389641216e+12
4.43418573633e-08	-9.45157255987e+12
4.43827631358e-08	1.18669254328e+13
4.44236689083e-08	-1.4412746326e+13
4.44645746808e-08	1.70672668017e+13
4.45054804532e-08	-1.98047904563e+13
4.45463862257e-08	2.25948582543e+13
4.45872919982e-08	-2.54022107791e+13
4.46281977707e-08	2.81871531377e+13
4.46691035431e-08	-3.09048691917e+13
4.47100093156e-08	3.35064952996e+13
4.47509150881e-08	-3.59374929265e+13
4.47918208606e-08	3.81404420506e+13
4.4832726633e-08	-4.00526713815e+13
4.48736324055e-08	4.1608586199e+13
4.4914538178e-08	-4.27396054385e+13
4.49554439505e-08	4.33739645583e+13
4.49963497229e-08	-4.34398990172e+13
4.50372554954e-08	4.28622217216e+13
4.50781612679e-08	-4.15692394332e+13
4.51190670404e-08	3.9487757353e+13
4.51599728128e-08	-3.65488672604e+13
4.52008785853e-08	3.26873183683e+13
4.52417843578e-08	-2.78428553052e+13
4.52826901303e-08	2.19630786314e+13
4.53235959028e-08	-1.5003618902e+13
4.53645016752e-08	6.93136418406e+12
4.54054074477e-08	2.27497371238e+12
4.54463132202e-08	-1.26220427592e+13
4.54872189927e-08	2.41002400973e+13
4.55281247651e-08	-3.6681948332e+13
4.55690305376e-08	5.03193586893e+13
4.56099363101e-08	-6.49427995853e+13
4.56508420826e-08	8.04592497459e+13
4.5691747855e-08	-9.67489701806e+13
4.57326536275e-08	1.13668322755e+14
4.57735594e-08	-1.31041985561e+14
4.58144651725e-08	1.48669118546e+14
4.58553709449e-08	-1.66317239828e+14
4.58962767174e-08	1.83724238963e+14
4.59371824899e-08	-2.00599031251e+14
4.59780882624e-08	2.16619796136e+14
4.60189940348e-08	-2.3143885937e+14
4.60598998073e-08	2.44679320797e+14
4.61008055798e-08	-2.5594203367e+14
4.61417113523e-08	2.64805352997e+14
4.61826171247e-08	-2.70830772683e+14
4.62235228972e-08	2.7356594543e+14
4.62644286697e-08	-2.72547652305e+14
4.63053344422e-08	2.67316449247e+14
4.63462402146e-08	-2.57408932774e+14
4.63871459871e-08	2.42379030266e+14
4.64280517596e-08	-2.21798788497e+14
4.64689575321e-08	1.95266074378e+14
4.65098633045e-08	-1.62421536719e+14
4.6550769077e-08	1.2294939476e+14
4.65916748495e-08	-7.65991982203e+13
4.6632580622e-08	2.31841663549e+13
4.66734863944e-08	3.73952568361e+13
4.67143921669e-08	-1.05143433429e+14
4.67552979394e-08	1.79963357561e+14
4.67962037119e-08	-2.61630835294e+14
4.68371094843e-08	3.49803007443e+14
4.68780152568e-08	-4.43977882927e+14
4.69189210293e-08	5.43522071511e+14
4.69598268018e-08	-6.47616576618e+14
4.70007325742e-08	7.55291138294e+14
4.70416383467e-08	-8.65382625706e+14
4.70825441192e-08	9.76550807732e+14
4.71234498917e-08	-1.08727170918e+15
4.71643556641e-08	1.19581257918e+15
4.72052614366e-08	-1.30029611437e+15
4.72461672091e-08	1.39860308394e+15
4.72870729816e-08	-1.48850413142e+15
4.7327978754e-08	1.56755515199e+15
4.73688845265e-08	-1.6331991637e+15
4.7409790299e-08	1.68273879289e+15
4.74506960715e-08	-1.71337076808e+15
4.74916018439e-08	1.72223101718e+15
4.75325076164e-08	-1.7063965465e+15
4.75734133889e-08	1.66297429292e+15
4.76143191614e-08	-1.58905830841e+15
4.76552249338e-08	1.48191685955e+15
4.76961307063e-08	-1.33885257266e+15
4.77370364788e-08	1.15748764647e+15
4.77779422513e-08	-9.35607220044e+14
4.78188480238e-08	6.71386334921e+14
4.78597537962e-08	-3.63391948423e+14
4.79006595687e-08	1.06202461635e+13
4.79415653412e-08	3.87312231907e+14
4.79824711137e-08	-8.30228922368e+14
4.80233768861e-08	1.31724123675e+15
4.80642826586e-08	-1.84662803402e+15
4.81051884311e-08	2.41592393584e+15
4.81460942036e-08	-3.02164290516e+15
4.8186999976e-08	3.6593599177e+15
4.82279057485e-08	-4.32362385467e+15
4.8268811521e-08	5.00781536615e+15
4.83097172935e-08	-5.70428350477e+15
4.83506230659e-08	6.40408346427e+15
4.83915288384e-08	-7.09722837195e+15
4.84324346109e-08	7.77237414543e+15
