% time-domain current integration by openEMS v0.0.35 @Thu May 22 17:17:12 2025
% start-coordinates: (0.01625,-0.01725,0) m -> [6,4,1]
% stop-coordinates: (0.03275,0.01725,0) m -> [8,5,1]
% t/s	current
2.9218408911e-12	0
4.38276133665e-11	5.22571923511e-08
8.47333858419e-11	9.04663295387e-08
1.25639158317e-10	-3.64444261436e-08
1.66544930793e-10	-4.01801486305e-07
2.07450703268e-10	-8.7508726665e-07
2.48356475744e-10	-1.14748763735e-06
2.89262248219e-10	-8.48460274483e-07
3.30168020694e-10	2.16298190026e-07
3.7107379317e-10	1.86885063158e-06
4.11979565645e-10	3.46764682035e-06
4.52885338121e-10	4.05702303397e-06
4.93791110596e-10	2.73438217846e-06
5.34696883071e-10	-8.22750848783e-07
5.75602655547e-10	-5.89318597122e-06
6.16508428022e-10	-1.05650706246e-05
6.57414200498e-10	-1.21571665659e-05
6.98319972973e-10	-8.25928782433e-06
7.39225745448e-10	1.85209933079e-06
7.80131517924e-10	1.60055387823e-05
8.21037290399e-10	2.88837436528e-05
8.61943062875e-10	3.33189927915e-05
9.0284883535e-10	2.3168286134e-05
9.43754607825e-10	-3.04662648887e-06
9.84660380301e-10	-3.93134760088e-05
1.02556615278e-09	-7.19622403267e-05
1.06647192525e-09	-8.33664089441e-05
1.10737769773e-09	-5.9204059653e-05
1.1482834702e-09	3.02540797747e-06
1.18918924268e-09	8.80921725184e-05
1.23009501515e-09	0.000163769014762
1.27100078763e-09	0.000190346792806
1.3119065601e-09	0.000137379829539
1.35281233258e-09	1.8503847059e-06
1.39371810505e-09	-0.000180831877515
1.43462387753e-09	-0.000340931437677
1.47552965001e-09	-0.000396599643864
1.51643542248e-09	-0.000289135263301
1.55734119496e-09	-1.81049763341e-05
1.59824696743e-09	0.000340871483786
1.63915273991e-09	0.000649484223686
1.68005851238e-09	0.000753777450882
1.72096428486e-09	0.000551660836209
1.76187005733e-09	5.40863693459e-05
1.80277582981e-09	-0.000590956304222
1.84368160228e-09	-0.00113246846013
1.88458737476e-09	-0.00130664999597
1.92549314724e-09	-0.000954145158175
1.96639891971e-09	-0.000115569782793
2.00730469219e-09	0.000944035418797
2.04821046466e-09	0.00180825707503
2.08911623714e-09	0.00206593936309
2.13002200961e-09	0.00149556482211
2.17092778209e-09	0.000197944056708
2.21183355456e-09	-0.00139275041874
2.25273932704e-09	-0.00264552189037
2.29364509951e-09	-0.00297884875908
2.33455087199e-09	-0.00212246761657
2.37545664446e-09	-0.000278934894595
2.41636241694e-09	0.00190167222172
2.45726818942e-09	0.00354739278555
2.49817396189e-09	0.00391471851617
2.53907973437e-09	0.00272244215012
2.57998550684e-09	0.00031915132422
2.62089127932e-09	-0.00240671192296
2.66179705179e-09	-0.00435901852325
2.70270282427e-09	-0.00468351459131
2.74360859674e-09	-0.00314709194936
2.78451436922e-09	-0.000275802158285
2.82542014169e-09	0.00282437680289
2.86632591417e-09	0.00490451371297
2.90723168664e-09	0.00509091187268
2.94813745912e-09	0.00326362461783
2.9890432316e-09	0.000126582453959
3.02994900407e-09	-0.00307003967464
3.07085477655e-09	-0.00504352385178
3.11176054902e-09	-0.00501126004383
3.1526663215e-09	-0.00301398779266
3.19357209397e-09	0.000109120854177
3.23447786645e-09	0.00308093614876
3.27538363892e-09	0.00472420547158
3.3162894114e-09	0.00444381218404
3.35719518387e-09	0.00244939001277
3.39810095635e-09	-0.000367812986951
3.43900672883e-09	-0.00283746514469
3.4799125013e-09	-0.00400770828128
3.52081827378e-09	-0.00352113973349
3.56172404625e-09	-0.00171696371399
3.60262981873e-09	0.000565375492442
3.6435355912e-09	0.00237520155497
3.68444136368e-09	0.00305117014796
3.72534713615e-09	0.00246219383553
3.76625290863e-09	0.00100176827982
3.8071586811e-09	-0.000636249955278
3.84806445358e-09	-0.00178067933302
3.88897022605e-09	-0.002055502031
3.92987599853e-09	-0.00149195210543
3.97078177101e-09	-0.000453802611446
4.01168754348e-09	0.000565684167668
4.05259331596e-09	0.00116883777082
4.09349908843e-09	0.00120046804659
4.13440486091e-09	0.000766308279708
4.17531063338e-09	0.000137624694617
4.21621640586e-09	-0.000395545124775
4.25712217833e-09	-0.000648576475214
4.29802795081e-09	-0.00059417396551
4.33893372328e-09	-0.000334873708198
4.37983949576e-09	-2.65425987891e-05
4.42074526824e-09	0.000201059374376
4.46165104071e-09	0.000290077994578
4.50255681319e-09	0.000255078572081
4.54346258566e-09	0.000151400556206
4.58436835814e-09	3.6623358028e-05
4.62527413061e-09	-5.35415820195e-05
4.66617990309e-09	-0.000107895946712
4.70708567556e-09	-0.00012827035971
4.74799144804e-09	-0.000117459698231
4.78889722051e-09	-7.62311392464e-05
4.82980299299e-09	-9.49856712396e-06
4.87070876546e-09	6.62219827063e-05
4.91161453794e-09	0.000123104415252
4.95252031042e-09	0.00013312936062
4.99342608289e-09	8.45300019137e-05
5.03433185537e-09	-7.0984588092e-06
5.07523762784e-09	-0.000101792946225
5.11614340032e-09	-0.000153064087499
5.15704917279e-09	-0.00013204611605
5.19795494527e-09	-4.4646414608e-05
5.23886071774e-09	6.87240244588e-05
5.27976649022e-09	0.000152062231791
5.32067226269e-09	0.000162149546668
5.36157803517e-09	9.1533162049e-05
5.40248380764e-09	-2.63867314061e-05
5.44338958012e-09	-0.0001334088156
5.4842953526e-09	-0.000175777313416
5.52520112507e-09	-0.000131594875711
5.56610689755e-09	-2.21972732106e-05
5.60701267002e-09	9.84265861916e-05
5.6479184425e-09	0.000170738319866
5.68882421497e-09	0.000159410206834
5.72972998745e-09	7.06769787939e-05
5.77063575992e-09	-5.12742044521e-05
5.8115415324e-09	-0.000146685328218
5.85244730487e-09	-0.000169830280356
5.89335307735e-09	-0.000111065957753
5.93425884983e-09	-6.17594650976e-07
5.9751646223e-09	0.000107221014332
6.01607039478e-09	0.000161078743986
6.05697616725e-09	0.000137132272357
6.09788193973e-09	4.95101012348e-05
6.1387877122e-09	-5.79567604291e-05
6.17969348468e-09	-0.000133848836413
6.22059925715e-09	-0.000143891898915
6.26150502963e-09	-8.63653986016e-05
6.3024108021e-09	8.67725520948e-06
6.34331657458e-09	9.51450347202e-05
6.38422234705e-09	0.000133345776703
6.42512811953e-09	0.000108172782348
6.46603389201e-09	3.47477907781e-05
6.50693966448e-09	-5.03718474647e-05
6.54784543696e-09	-0.000107420695713
6.58875120943e-09	-0.000111995730549
6.62965698191e-09	-6.53148308629e-05
6.67056275438e-09	8.03549028205e-06
6.71146852686e-09	7.29670719011e-05
6.75237429933e-09	0.000100679862953
6.79328007181e-09	8.13499136711e-05
6.83418584428e-09	2.71795324807e-05
6.87509161676e-09	-3.48543544533e-05
6.91599738923e-09	-7.64136493672e-05
6.95690316171e-09	-8.07182586868e-05
6.99780893419e-09	-4.91019382025e-05
7.03871470666e-09	1.22922892842e-06
7.07962047914e-09	4.64076183562e-05
7.12052625161e-09	6.722350372e-05
7.16143202409e-09	5.71838027099e-05
7.20233779656e-09	2.39832988882e-05
7.24324356904e-09	-1.55430006998e-05
7.28414934151e-09	-4.39199102402e-05
7.32505511399e-09	-5.07110562467e-05
7.36596088646e-09	-3.60260673915e-05
7.40686665894e-09	-8.87503483682e-06
7.44777243142e-09	1.80869428732e-05
7.48867820389e-09	3.44522559317e-05
7.52958397637e-09	3.58438664989e-05
7.57048974884e-09	2.43501308432e-05
7.61139552132e-09	6.20060700385e-06
7.65230129379e-09	-1.1562689906e-05
7.69320706627e-09	-2.36488886003e-05
7.73411283874e-09	-2.74794638244e-05
7.77501861122e-09	-2.28593908105e-05
7.81592438369e-09	-1.1281854313e-05
7.85683015617e-09	4.4136318138e-06
7.89773592864e-09	2.00462927751e-05
7.93864170112e-09	3.04377008433e-05
7.9795474736e-09	3.07674272335e-05
8.02045324607e-09	1.88479716599e-05
8.06135901855e-09	-2.76911782748e-06
8.10226479102e-09	-2.64078880718e-05
8.1431705635e-09	-4.16093462263e-05
8.18407633597e-09	-3.9764745452e-05
8.22498210845e-09	-1.89961137949e-05
8.26588788092e-09	1.34835554491e-05
8.3067936534e-09	4.34354806202e-05
8.34769942587e-09	5.58021929464e-05
8.38860519835e-09	4.23824967584e-05
8.42951097082e-09	7.027339052e-06
8.4704167433e-09	-3.48397443304e-05
8.51132251578e-09	-6.28818088444e-05
8.55222828825e-09	-6.1850019847e-05
8.59313406073e-09	-2.9951614124e-05
8.6340398332e-09	1.90300634131e-05
8.67494560568e-09	6.1580525653e-05
8.71585137815e-09	7.58608803153e-05
8.75675715063e-09	5.30773759237e-05
8.7976629231e-09	2.81854772766e-06
8.83856869558e-09	-5.0827893574e-05
8.87947446805e-09	-8.0908255768e-05
8.92038024053e-09	-7.13396002539e-05
8.96128601301e-09	-2.5647928851e-05
9.00219178548e-09	3.41079394275e-05
9.04309755796e-09	7.80518166721e-05
9.08400333043e-09	8.36068356875e-05
9.12490910291e-09	4.7294608521e-05
9.16581487538e-09	-1.30459029606e-05
9.20672064786e-09	-6.70502267894e-05
9.24762642033e-09	-8.72719756444e-05
9.28853219281e-09	-6.3329389377e-05
9.32943796528e-09	-7.38881317375e-06
9.37034373776e-09	5.19726054335e-05
9.41124951023e-09	8.44731985126e-05
9.45215528271e-09	7.37775117159e-05
9.49306105519e-09	2.58788913925e-05
9.53396682766e-09	-3.41597697116e-05
9.57487260014e-09	-7.5356430898e-05
9.61577837261e-09	-7.69477628637e-05
9.65668414509e-09	-3.90397908632e-05
9.69758991756e-09	1.78063855856e-05
9.73849569004e-09	6.3700703322e-05
9.77940146251e-09	7.52252381062e-05
9.82030723499e-09	4.75350352644e-05
9.86121300746e-09	-3.55063139068e-06
9.90211877994e-09	-5.04421950609e-05
9.94302455242e-09	-6.87196297804e-05
9.98393032489e-09	-4.99656598549e-05
1.00248360974e-08	-5.70285783397e-06
1.00657418698e-08	3.94022717956e-05
1.01066476423e-08	6.11931318417e-05
1.01475534148e-08	4.90382699354e-05
1.01884591873e-08	1.11166373244e-05
1.02293649597e-08	-3.07135996991e-05
1.02702707322e-08	-5.33249367436e-05
1.03111765047e-08	-4.50544321211e-05
1.03520822772e-08	-1.18192238006e-05
1.03929880496e-08	2.6682857424e-05
1.04338938221e-08	4.84275151393e-05
1.04747995946e-08	4.15410177084e-05
1.05157053671e-08	1.07668411147e-05
1.05566111395e-08	-2.55264203588e-05
1.0597516912e-08	-4.60205810668e-05
1.06384226845e-08	-3.87806576327e-05
1.0679328457e-08	-8.14206850919e-06
1.07202342294e-08	2.78384068224e-05
1.07611400019e-08	4.78212532471e-05
1.08020457744e-08	3.95562165068e-05
1.08429515469e-08	7.21586684449e-06
1.08838573193e-08	-3.06645597448e-05
1.09247630918e-08	-5.17373446201e-05
1.09656688643e-08	-4.28352104791e-05
1.10065746368e-08	-7.87612225395e-06
1.10474804093e-08	3.38310201187e-05
1.10883861817e-08	5.81548374612e-05
1.11292919542e-08	4.99743582623e-05
1.11701977267e-08	1.23709596664e-05
1.12111034992e-08	-3.443332389e-05
1.12520092716e-08	-6.40037324047e-05
1.12929150441e-08	-5.84878034715e-05
1.13338208166e-08	-1.91987965081e-05
1.13747265891e-08	3.31833653036e-05
1.14156323615e-08	6.9563582656e-05
1.1456538134e-08	6.86555285938e-05
1.14974439065e-08	2.92602562695e-05
1.1538349679e-08	-2.82731980406e-05
1.15792554514e-08	-7.24817218725e-05
1.16201612239e-08	-7.80002810643e-05
1.16610669964e-08	-4.0171755245e-05
1.17019727689e-08	2.15824748011e-05
1.17428785413e-08	7.38278758945e-05
1.17837843138e-08	8.71713200468e-05
1.18246900863e-08	5.27450974914e-05
1.18655958588e-08	-1.197201982e-05
1.19065016312e-08	-7.20034731785e-05
1.19474074037e-08	-9.39540987019e-05
1.19883131762e-08	-6.45565669402e-05
1.20292189487e-08	1.4882598407e-06
1.20701247211e-08	6.86738203513e-05
1.21110304936e-08	9.97090464807e-05
1.21519362661e-08	7.64262513258e-05
1.21928420386e-08	1.04401851786e-05
1.2233747811e-08	-6.27431145404e-05
1.22746535835e-08	-0.000102767422504
1.2315559356e-08	-8.65603869897e-05
1.23564651285e-08	-2.18035384023e-05
1.23973709009e-08	5.64774964005e-05
1.24382766734e-08	0.00010504842794
1.24791824459e-08	9.63629281614e-05
1.25200882184e-08	3.39743783115e-05
1.25609939908e-08	-4.85888122057e-05
1.26018997633e-08	-0.000105585349957
1.26428055358e-08	-0.000104612081486
1.26837113083e-08	-4.51736559626e-05
1.27246170807e-08	4.07185543736e-05
1.27655228532e-08	0.000105762097519
1.28064286257e-08	0.000113105488708
1.28473343982e-08	5.73599427298e-05
1.28882401706e-08	-3.14105345751e-05
1.29291459431e-08	-0.000104153950815
1.29700517156e-08	-0.000120072749269
1.30109574881e-08	-6.91206005285e-05
1.30518632605e-08	2.17237811739e-05
1.3092769033e-08	0.000102286903712
1.31336748055e-08	0.000127127830638
1.3174580578e-08	8.15395615064e-05
1.32154863504e-08	-1.01586883829e-05
1.32563921229e-08	-9.78041207418e-05
1.32972978954e-08	-0.000132347588078
1.33382036679e-08	-9.33318660827e-05
1.33791094403e-08	-1.49888819578e-06
1.34200152128e-08	9.24983032746e-05
1.34609209853e-08	0.00013650659821
1.35018267578e-08	0.000105329876533
1.35427325303e-08	1.49352499648e-05
1.35836383027e-08	-8.49692733027e-05
1.36245440752e-08	-0.000138359173434
1.36654498477e-08	-0.000115101356641
1.37063556202e-08	-2.76074497378e-05
1.37472613926e-08	7.63852294767e-05
1.37881671651e-08	0.000139163108543
1.38290729376e-08	0.000124767655507
1.38699787101e-08	4.05386963394e-05
1.39108844825e-08	-6.66221021675e-05
1.3951790255e-08	-0.000137307753903
1.39926960275e-08	-0.00013202833361
1.40336018e-08	-5.25484938407e-05
1.40745075724e-08	5.74073419557e-05
1.41154133449e-08	0.000135762762511
1.41563191174e-08	0.00013840344036
1.41972248899e-08	6.39259887976e-05
1.42381306623e-08	-4.68847938464e-05
1.42790364348e-08	-0.000132596382173
1.43199422073e-08	-0.000144046134665
1.43608479798e-08	-7.37988084438e-05
1.44017537522e-08	3.8477974158e-05
1.44426595247e-08	0.000129953754367
1.44835652972e-08	0.000149564715684
1.45244710697e-08	8.47954797791e-05
1.45653768421e-08	-2.94410347124e-05
1.46062826146e-08	-0.00012812895875
1.46471883871e-08	-0.000154775028932
1.46880941596e-08	-9.43527847994e-05
1.4728999932e-08	2.04894986382e-05
1.47699057045e-08	0.000126755709061
1.4810811477e-08	0.00016319489805
1.48517172495e-08	0.000106731138658
1.48926230219e-08	-1.13133046398e-05
1.49335287944e-08	-0.000124824320665
1.49744345669e-08	-0.000170786486706
1.50153403394e-08	-0.000121232791571
1.50562461118e-08	-3.53362338501e-07
1.50971518843e-08	0.000124155441881
1.51380576568e-08	0.000180718227057
1.51789634293e-08	0.00013724877499
1.52198692017e-08	1.60967829288e-05
1.52607749742e-08	-0.000118661911984
1.53016807467e-08	-0.000191099185031
1.53425865192e-08	-0.000156549765961
1.53834922916e-08	-3.27282068611e-05
1.54243980641e-08	0.000111735746032
1.54653038366e-08	0.000198552734219
1.55062096091e-08	0.000178143993253
1.55471153815e-08	5.62787281524e-05
1.5588021154e-08	-0.000101156067103
1.56289269265e-08	-0.000204606549232
1.5669832699e-08	-0.000196849607164
1.57107384714e-08	-8.12814687379e-05
1.57516442439e-08	8.36162216729e-05
1.57925500164e-08	0.000208215293242
1.58334557889e-08	0.000218604225665
1.58743615613e-08	0.00010702291911
1.59152673338e-08	-6.3897758082e-05
1.59561731063e-08	-0.000203167874133
1.59970788788e-08	-0.000235533079831
1.60379846513e-08	-0.000136892165756
1.60788904237e-08	4.17661831307e-05
1.61197961962e-08	0.000198429523152
1.61607019687e-08	0.000247183896136
1.62016077412e-08	0.000163578457432
1.62425135136e-08	-1.20360218716e-05
1.62834192861e-08	-0.000187343743164
1.63243250586e-08	-0.000259777792962
1.63652308311e-08	-0.000186340694199
1.64061366035e-08	-1.19150190585e-05
1.6447042376e-08	0.000169899256434
1.64879481485e-08	0.000264377013082
1.6528853921e-08	0.00021320815722
1.65697596934e-08	3.85043131246e-05
1.66106654659e-08	-0.000157107962877
1.66515712384e-08	-0.000263717985945
1.66924770109e-08	-0.000229093711823
1.67333827833e-08	-6.81005767547e-05
1.67742885558e-08	0.000138937393785
1.68151943283e-08	0.000270167889539
1.68561001008e-08	0.000245427596383
1.68970058732e-08	8.63903042045e-05
1.69379116457e-08	-0.000117772156955
1.69788174182e-08	-0.000264403934125
1.70197231907e-08	-0.000266840739641
1.70606289631e-08	-0.000110966793727
1.71015347356e-08	0.000109054162749
1.71424405081e-08	0.000262774177827
1.71833462806e-08	0.000275345199043
1.7224252053e-08	0.000139145107823
1.72651578255e-08	-8.65129477461e-05
1.7306063598e-08	-0.000270384014584
1.73469693705e-08	-0.000293464458082
1.73878751429e-08	-0.000151879969053
1.74287809154e-08	6.74083348713e-05
1.74696866879e-08	0.000259585678577
1.75105924604e-08	0.00031784971361
1.75514982328e-08	0.000186103323358
1.75924040053e-08	-5.85192319704e-05
1.76333097778e-08	-0.000261110515567
1.76742155503e-08	-0.000322143197991
1.77151213227e-08	-0.000216621076106
1.77560270952e-08	2.29708530242e-05
1.77969328677e-08	0.000267051102128
1.78378386402e-08	0.00035071891034
1.78787444126e-08	0.00023272560793
1.79196501851e-08	1.1729025573e-07
1.79605559576e-08	-0.000240466790274
1.80014617301e-08	-0.00037097116001
1.80423675025e-08	-0.000283863890218
1.8083273275e-08	-1.92517072719e-05
1.81241790475e-08	0.000242364345468
1.816508482e-08	0.000366262800526
1.82059905924e-08	0.000312682706863
1.82468963649e-08	7.92079372332e-05
1.82878021374e-08	-0.000228826218517
1.83287079099e-08	-0.000398923992179
1.83696136823e-08	-0.000329142087139
1.84105194548e-08	-0.000101114717836
1.84514252273e-08	0.000178081128979
1.84923309998e-08	0.000396861112677
1.85332367723e-08	0.000393244525185
1.85741425447e-08	0.000136725764605
1.86150483172e-08	-0.000179018417839
1.86559540897e-08	-0.000373306073016
1.86968598622e-08	-0.000397839059588
1.87377656346e-08	-0.000213068677112
1.87786714071e-08	0.0001363819174
1.88195771796e-08	0.000407101993915
1.88604829521e-08	0.000411217653891
1.89013887245e-08	0.000216149055632
1.8942294497e-08	-6.7791872425e-05
1.89832002695e-08	-0.000364866136806
1.9024106042e-08	-0.00047721050214
1.90650118144e-08	-0.000266441085842
1.91059175869e-08	8.39987405925e-05
1.91468233594e-08	0.000334260519594
1.91877291319e-08	0.00043994479347
1.92286349043e-08	0.000345501321135
1.92695406768e-08	-5.70595148019e-06
1.93104464493e-08	-0.000374904309865
1.93513522218e-08	-0.00046256283531
1.93922579942e-08	-0.000310264644213
1.94331637667e-08	-5.77869504923e-05
1.94740695392e-08	0.000285266432911
1.95149753117e-08	0.000529632437974
1.95558810841e-08	0.000394639326259
1.95967868566e-08	1.55438447109e-05
1.96376926291e-08	-0.000274537364021
1.96785984016e-08	-0.000439789466327
1.9719504174e-08	-0.000460721028503
1.97604099465e-08	-0.000148708626512
1.9801315719e-08	0.000324573658872
1.98422214915e-08	0.000508955097757
1.98831272639e-08	0.000385809165891
1.99240330364e-08	0.000181726980372
1.99649388089e-08	-0.000167464924743
2.00058445814e-08	-0.000560711370781
2.00467503538e-08	-0.000543318688869
2.00876561263e-08	-0.000123197823996
2.01285618988e-08	0.000216372485738
2.01694676713e-08	0.000411935063312
2.02103734437e-08	0.000564791844226
2.02512792162e-08	0.000351962546119
2.02921849887e-08	-0.000240582186962
2.03330907612e-08	-0.000570137926843
2.03739965336e-08	-0.000463526404928
2.04149023061e-08	-0.000304592365865
2.04558080786e-08	-8.37128027342e-06
2.04967138511e-08	0.000548898824491
2.05376196235e-08	0.000734359316994
2.0578525396e-08	0.000278974155663
2.06194311685e-08	-0.000151828513481
2.0660336941e-08	-0.000340709782904
2.07012427134e-08	-0.000629515037872
2.07421484859e-08	-0.000620824866928
2.07830542584e-08	6.66061459924e-05
2.08239600309e-08	0.000630475056823
2.08648658033e-08	0.000544992741197
2.09057715758e-08	0.000408440304454
2.09466773483e-08	0.000259021326201
2.09875831208e-08	-0.000419589137891
2.10284888933e-08	-0.00093429867411
2.10693946657e-08	-0.000501185306348
2.11103004382e-08	8.19776323624e-05
2.11512062107e-08	0.000215813255636
2.11921119832e-08	0.000580372929107
2.12330177556e-08	0.000910864328034
2.12739235281e-08	0.0002400893718
2.13148293006e-08	-0.000658475270029
2.13557350731e-08	-0.00062021688791
2.13966408455e-08	-0.000430228246842
2.1437546618e-08	-0.000527964672074
2.14784523905e-08	0.000116571769468
2.1519358163e-08	0.00108293525409
2.15602639354e-08	0.000785450800322
2.16011697079e-08	-3.50475638697e-05
2.16420754804e-08	-9.19505255297e-05
2.16829812529e-08	-0.000352253729943
2.17238870253e-08	-0.00113333272748
2.17647927978e-08	-0.00067343597766
2.18056985703e-08	0.000643022183795
2.18466043428e-08	0.000741648022085
2.18875101152e-08	0.000316942343488
2.19284158877e-08	0.000714538735338
2.19693216602e-08	0.000355803698767
2.20102274327e-08	-0.00112200435251
2.20511332051e-08	-0.00117109052371
2.20920389776e-08	4.10901047871e-05
2.21329447501e-08	7.80246191425e-05
2.21738505226e-08	-3.98730917368e-05
2.2214756295e-08	0.00119665032253
2.22556620675e-08	0.00126073765568
2.229656784e-08	-0.000568853341974
2.23374736125e-08	-0.00101530738175
2.23783793849e-08	-9.9291180959e-05
2.24192851574e-08	-0.000701351498719
2.24601909299e-08	-0.000995109905489
2.25010967024e-08	0.000983809004538
2.25420024748e-08	0.00176408851985
2.25829082473e-08	-3.11216863338e-05
2.26238140198e-08	-0.000292227574391
2.26647197923e-08	0.000546224124264
2.27056255647e-08	-0.000970128865447
2.27465313372e-08	-0.00209200009704
2.27874371097e-08	0.000318618433084
2.28283428822e-08	0.00154123990797
2.28692486546e-08	-8.46091279527e-05
2.29101544271e-08	0.000313063210342
2.29510601996e-08	0.00185510574374
2.29919659721e-08	-0.000489772879519
2.30328717445e-08	-0.00260458653793
2.3073777517e-08	-0.000248576223385
2.31146832895e-08	0.000919326324947
2.3155589062e-08	-0.001133417245
2.31964948344e-08	0.000238278065808
2.32374006069e-08	0.00311045488343
2.32783063794e-08	0.000488547957502
2.33192121519e-08	-0.0024325188715
2.33601179243e-08	7.05245183781e-05
2.34010236968e-08	0.000658232835121
2.34419294693e-08	-0.0027387808077
2.34828352418e-08	-0.000812722311821
2.35237410143e-08	0.00363830616698
2.35646467867e-08	0.00112913711928
2.36055525592e-08	-0.00207268912345
2.36464583317e-08	0.00146479019895
2.36873641042e-08	0.00140880967956
2.37282698766e-08	-0.00398740218952
2.37691756491e-08	-0.00232313130982
2.38100814216e-08	0.00362711120397
2.38509871941e-08	0.000568601884879
2.38918929665e-08	-0.00239813374355
2.3932798739e-08	0.00299410545267
2.39737045115e-08	0.00345348566771
2.4014610284e-08	-0.00456396862864
2.40555160564e-08	-0.0029962756671
2.40964218289e-08	0.00353949191049
2.41373276014e-08	-0.000593613134697
2.41782333739e-08	-0.00440899468958
2.42191391463e-08	0.00419417209923
2.42600449188e-08	0.00536300428212
2.43009506913e-08	-0.00440022023395
2.43418564638e-08	-0.00291661731899
2.43827622362e-08	0.00508822174743
2.44236680087e-08	-0.00193308515009
2.44645737812e-08	-0.00723991310224
2.45054795537e-08	0.00418579392135
2.45463853261e-08	0.00681772828102
2.45872910986e-08	-0.00507306819782
2.46281968711e-08	-0.00220876070671
2.46691026436e-08	0.00813399720937
2.4710008416e-08	-0.00227569974959
2.47509141885e-08	-0.0101160295308
2.4791819961e-08	0.00395188946277
2.48327257335e-08	0.00764968479052
2.48736315059e-08	-0.00773243745789
2.49145372784e-08	-0.00176504137926
2.49554430509e-08	0.0118707548827
2.49963488234e-08	-0.00105871807318
2.50372545958e-08	-0.0131772262976
2.50781603683e-08	0.00553175294772
2.51190661408e-08	0.00765737891197
2.51599719133e-08	-0.0111432429403
2.52008776857e-08	-0.00387950520962
2.52417834582e-08	0.0170881636441
2.52826892307e-08	-0.00127831310965
2.53235950032e-08	-0.0143975550309
2.53645007756e-08	0.00753387995064
2.54054065481e-08	0.0107853384688
2.54463123206e-08	-0.0177208483219
2.54872180931e-08	-0.00542218983173
2.55281238655e-08	0.0202600806952
2.5569029638e-08	-0.000742260017432
2.56099354105e-08	-0.0186228286475
2.5650841183e-08	0.0134367374703
2.56917469554e-08	0.0143424328417
2.57326527279e-08	-0.0228725671768
2.57735585004e-08	-0.00875728949904
2.58144642729e-08	0.0253596697003
2.58553700453e-08	-0.003595397342
2.58962758178e-08	-0.024669136852
2.59371815903e-08	0.0200754124671
2.59780873628e-08	0.0202886667103
2.60189931352e-08	-0.0281871147454
2.60598989077e-08	-0.0118356114253
2.61008046802e-08	0.0343076474965
2.61417104527e-08	-0.00984715018421
2.61826162252e-08	-0.0321330390871
2.62235219976e-08	0.0236846134067
2.62644277701e-08	0.0310556478798
2.63053335426e-08	-0.0397084057331
2.63462393151e-08	-0.00811995379627
2.63871450875e-08	0.0417635515332
2.642805086e-08	-0.00950763840228
2.64689566325e-08	-0.050931122154
2.6509862405e-08	0.0365215986967
2.65507681774e-08	0.0327665060759
2.65916739499e-08	-0.0456376448274
2.66325797224e-08	-0.0152740320191
2.66734854949e-08	0.0662383809686
2.67143912673e-08	-0.0200089737773
2.67552970398e-08	-0.0601644851267
2.67962028123e-08	0.0395002216101
2.68371085848e-08	0.0478683449328
2.68780143572e-08	-0.0704477354884
2.69189201297e-08	-0.0122516881675
2.69598259022e-08	0.0844444483519
2.70007316747e-08	-0.0197510104626
2.70416374471e-08	-0.0822468772531
2.70825432196e-08	0.0566435456276
2.71234489921e-08	0.0594959817827
2.71643547646e-08	-0.0973032638431
2.7205260537e-08	-0.0156991705298
2.72461663095e-08	0.108131863177
2.7287072082e-08	-0.0194138605148
2.73279778545e-08	-0.114359043539
2.73688836269e-08	0.0900236740708
2.74097893994e-08	0.0643055960536
2.74506951719e-08	-0.11456874758
2.74916009444e-08	-0.0420425273478
2.75325067168e-08	0.164452522993
2.75734124893e-08	-0.0547733306885
2.76143182618e-08	-0.12004737556
2.76552240343e-08	0.0909024253488
2.76961298067e-08	0.12274158746
2.77370355792e-08	-0.190642103553
2.77779413517e-08	-0.0134218055755
2.78188471242e-08	0.170163810253
2.78597528966e-08	-0.0311881825328
2.79006586691e-08	-0.206700831652
2.79415644416e-08	0.173063322902
2.79824702141e-08	0.112091317773
2.80233759865e-08	-0.200285583735
2.8064281759e-08	-0.0617263913155
2.81051875315e-08	0.272174686193
2.8146093304e-08	-0.0940292701125
2.81869990764e-08	-0.232991829515
2.82279048489e-08	0.19313710928
2.82688106214e-08	0.177301838994
2.83097163939e-08	-0.288765192032
2.83506221663e-08	-0.0561634227633
2.83915279388e-08	0.353825896978
2.84324337113e-08	-0.133829325438
2.84733394838e-08	-0.291524142027
2.85142452562e-08	0.228442594409
2.85551510287e-08	0.268238663673
2.85960568012e-08	-0.44470462203
2.86369625737e-08	0.01389907673
2.86778683462e-08	0.377594411373
2.87187741186e-08	-0.0712848603725
2.87596798911e-08	-0.51508384943
2.88005856636e-08	0.461901843548
2.88414914361e-08	0.16921132803
2.88823972085e-08	-0.402586400509
2.8923302981e-08	-0.18541893363
2.89642087535e-08	0.737769007683
2.9005114526e-08	-0.356295794249
2.90460202984e-08	-0.401881545782
2.90869260709e-08	0.338410258293
2.91278318434e-08	0.50953066349
2.91687376159e-08	-0.856434643269
2.92096433883e-08	0.0843844264746
2.92505491608e-08	0.658929765224
2.92914549333e-08	-0.167717978358
2.93323607058e-08	-0.837191164494
2.93732664782e-08	0.7714433074
2.94141722507e-08	0.37896874547
2.94550780232e-08	-0.887707412243
2.94959837957e-08	-0.105426952243
2.95368895681e-08	1.06464242935
2.95777953406e-08	-0.392620503902
2.96187011131e-08	-1.00865316391
2.96596068856e-08	1.01901888847
2.9700512658e-08	0.451857447624
2.97414184305e-08	-1.07089996338
2.9782324203e-08	-0.325873404741
2.98232299755e-08	1.71490967274
2.98641357479e-08	-0.960577130318
2.99050415204e-08	-0.818922162056
2.99459472929e-08	0.746165215969
2.99868530654e-08	1.34540057182
3.00277588378e-08	-2.31646585464
3.00686646103e-08	0.610491394997
3.01095703828e-08	1.13722372055
3.01504761553e-08	-0.0360618233681
3.01913819277e-08	-2.49900960922
3.02322877002e-08	2.53795814514
3.02731934727e-08	0.121442943811
3.03140992452e-08	-1.32781672478
3.03550050176e-08	-1.00702929497
3.03959107901e-08	3.44722151756
3.04368165626e-08	-2.06581187248
3.04777223351e-08	-1.265229702
3.05186281075e-08	1.34105670452
3.055953388e-08	2.15100431442
3.06004396525e-08	-3.76444339752
3.0641345425e-08	0.626141607761
3.06822511974e-08	2.80887365341
3.07231569699e-08	-1.15786385536
3.07640627424e-08	-3.07214045525
3.08049685149e-08	2.96497821808
3.08458742873e-08	1.96658480167
3.08867800598e-08	-4.52676868439
3.09276858323e-08	0.77945458889
3.09685916048e-08	3.30961513519
3.10094973772e-08	-0.669677972794
3.10504031497e-08	-5.49082279205
3.10913089222e-08	6.06161642075
3.11322146947e-08	-0.268255114555
3.11731204672e-08	-2.54153060913
3.12140262396e-08	-3.11649894714
3.12549320121e-08	9.40250015259
3.12958377846e-08	-6.83234453201
3.13367435571e-08	-0.527446508408
3.13776493295e-08	0.626915693283
3.1418555102e-08	7.95287895203
3.14594608745e-08	-12.5545845032
3.1500366647e-08	5.89510536194
3.15412724194e-08	1.71981191635
3.15821781919e-08	2.20389795303
3.16230839644e-08	-12.548699379
3.16639897369e-08	13.2596340179
3.17048955093e-08	-2.43315720558
3.17458012818e-08	-3.61735343933
3.17867070543e-08	-4.97166919708
3.18276128268e-08	15.0653991699
3.18685185992e-08	-9.86869907379
3.19094243717e-08	-4.48080873489
3.19503301442e-08	6.76913833618
3.19912359167e-08	6.61525440216
3.20321416891e-08	-13.4555311203
3.20730474616e-08	0.565867900848
3.21139532341e-08	15.1863574982
3.21548590066e-08	-10.897600174
3.2195764779e-08	-5.65841388702
3.22366705515e-08	5.69335174561
3.2277576324e-08	15.1578655243
3.23184820965e-08	-28.3725624084
3.23593878689e-08	15.5834150314
3.24002936414e-08	1.13019943237
3.24411994139e-08	8.6423997879
3.24821051864e-08	-35.6565170288
3.25230109588e-08	41.3237762451
3.25639167313e-08	-19.0203876495
3.26048225038e-08	6.15791988373
3.26457282763e-08	-28.1828289032
3.26866340487e-08	56.3156204224
3.27275398212e-08	-48.6211090088
3.27684455937e-08	17.7921504974
3.28093513662e-08	-14.0589618683
3.28502571386e-08	47.8542556763
3.28911629111e-08	-68.9370269775
3.29320686836e-08	43.1976547241
3.29729744561e-08	-7.21742343903
3.30138802285e-08	17.8216457367
3.3054786001e-08	-59.2732429504
3.30956917735e-08	63.3295249939
3.3136597546e-08	-16.5202636719
3.31775033184e-08	-17.3301734924
3.32184090909e-08	-11.3824768066
3.32593148634e-08	52.11353302
3.33002206359e-08	-28.6035404205
3.33411264083e-08	-37.5133399963
3.33820321808e-08	57.8207015991
3.34229379533e-08	-11.0802955627
3.34638437258e-08	-16.6064682007
3.35047494982e-08	-41.5661277771
3.35456552707e-08	117.304534912
3.35865610432e-08	-112.089050293
3.36274668157e-08	51.4641036987
3.36683725882e-08	-49.6591415405
3.37092783606e-08	142.826202393
3.37501841331e-08	-211.767303467
3.37910899056e-08	168.255126953
3.38319956781e-08	-100.584938049
3.38729014505e-08	138.252502441
3.3913807223e-08	-256.943389893
3.39547129955e-08	291.90234375
3.3995618768e-08	-199.644073486
3.40365245404e-08	140.931488037
3.40774303129e-08	-224.692565918
3.41183360854e-08	341.096801758
3.41592418579e-08	-312.244262695
3.42001476303e-08	174.410003662
3.42410534028e-08	-138.798492432
3.42819591753e-08	260.445922852
3.43228649478e-08	-340.846740723
3.43637707202e-08	222.612182617
3.44046764927e-08	-46.3134613037
3.44455822652e-08	51.4363632202
3.44864880377e-08	-194.261444092
3.45273938101e-08	198.077056885
3.45682995826e-08	33.2745361328
3.46092053551e-08	-216.750610352
3.46501111276e-08	149.41065979
3.46910169e-08	-20.8669891357
3.47319226725e-08	140.593811035
3.4772828445e-08	-466.130950928
3.48137342175e-08	610.650268555
3.48546399899e-08	-473.555419922
3.48955457624e-08	397.464782715
3.49364515349e-08	-661.308654785
3.49773573074e-08	1030.51330566
3.50182630798e-08	-1080.84155273
3.50591688523e-08	858.617858887
3.51000746248e-08	-873.044128418
3.51409803973e-08	1273.65063477
3.51818861697e-08	-1594.39282227
3.52227919422e-08	1458.92004395
3.52636977147e-08	-1175.14538574
3.53046034872e-08	1296.49462891
3.53455092596e-08	-1759.53063965
3.53864150321e-08	1908.29907227
3.54273208046e-08	-1517.90966797
3.54682265771e-08	1180.1439209
3.55091323495e-08	-1404.92431641
3.5550038122e-08	1818.01379395
3.55909438945e-08	-1649.90979004
3.5631849667e-08	933.520507812
3.56727554394e-08	-581.598083496
3.57136612119e-08	918.526794434
3.57545669844e-08	-1090.89538574
3.57954727569e-08	434.735595703
3.58363785293e-08	549.288208008
3.58772843018e-08	-801.666320801
3.59181900743e-08	493.832519531
3.59590958468e-08	-718.837890625
3.60000016192e-08	1874.81445312
3.60409073917e-08	-2994.52636719
3.60818131642e-08	3116.41333008
3.61227189367e-08	-2851.06005859
3.61636247092e-08	3533.59765625
3.62045304816e-08	-5170.3515625
3.62454362541e-08	6208.03320312
3.62863420266e-08	-5924.38378906
3.63272477991e-08	5719.53515625
3.63681535715e-08	-6994.69921875
3.6409059344e-08	8783.7734375
3.64499651165e-08	-9168.35644531
3.6490870889e-08	8336.16796875
3.65317766614e-08	-8327.32617188
3.65726824339e-08	9883.94335938
3.66135882064e-08	-11159.3964844
3.66544939789e-08	10503.3173828
3.66953997513e-08	-8990.48925781
3.67363055238e-08	8913.27148438
3.67772112963e-08	-10341.3720703
3.68181170688e-08	10501.4785156
3.68590228412e-08	-8232.32714844
3.68999286137e-08	5766.52832031
3.69408343862e-08	-5649.34570312
3.69817401587e-08	6364.40527344
3.70226459311e-08	-4540.52783203
3.70635517036e-08	215.998535156
3.71044574761e-08	2811.96777344
3.71453632486e-08	-3137.68896484
3.7186269021e-08	4017.20800781
3.72271747935e-08	-8209.5703125
3.7268080566e-08	14260.2919922
3.73089863385e-08	-17482.6582031
3.73498921109e-08	18189.8320312
3.73907978834e-08	-20566.5625
3.74317036559e-08	27475.1992188
3.74726094284e-08	-34100.5234375
3.75135152008e-08	36482
3.75544209733e-08	-37130.8671875
3.75953267458e-08	40900.6992188
3.76362325183e-08	-49560.6484375
3.76771382907e-08	54513.6796875
3.77180440632e-08	-54429.4414062
3.77589498357e-08	54274.3242188
3.77998556082e-08	-58802.1328125
3.78407613806e-08	65716.671875
3.78816671531e-08	-67066.859375
3.79225729256e-08	62434.2851562
3.79634786981e-08	-59473.203125
3.80043844705e-08	62912.9609375
3.8045290243e-08	-65098.796875
3.80861960155e-08	59597.53125
3.8127101788e-08	-46832.140625
3.81680075604e-08	40810.6445312
3.82089133329e-08	-40984.4804688
3.82498191054e-08	34174.4570312
3.82907248779e-08	-16703.4179688
3.83316306503e-08	-2197.046875
3.83725364228e-08	12300.2617188
3.84134421953e-08	-20319.46875
3.84543479678e-08	38235.8476562
3.84952537402e-08	-66820.609375
3.85361595127e-08	90741.328125
3.85770652852e-08	-107738.992188
3.86179710577e-08	121008.382812
3.86588768302e-08	-150059.3125
3.86997826026e-08	188271.6875
3.87406883751e-08	-213867.0625
3.87815941476e-08	229373.484375
3.88224999201e-08	-246967.59375
3.88634056925e-08	285105.25
3.8904311465e-08	-321711.875
3.89452172375e-08	338247.9375
3.898612301e-08	-344218.125
3.90270287824e-08	363293
3.90679345549e-08	-393946.625
3.91088403274e-08	415463.9375
3.91497460999e-08	-409489.8125
3.91906518723e-08	393085.34375
3.92315576448e-08	-401522.5
3.92724634173e-08	408180.5625
3.93133691898e-08	-394446.4375
3.93542749622e-08	346611.71875
3.93951807347e-08	-299787
3.94360865072e-08	280054.8125
3.94769922797e-08	-240583.875
3.95178980521e-08	173947.3125
3.95588038246e-08	-75491.703125
3.95997095971e-08	-18694.09375
3.96406153696e-08	79746.9375
3.9681521142e-08	-167058
3.97224269145e-08	308867.25
3.9763332687e-08	-465446.375
3.98042384595e-08	590888.0625
3.98451442319e-08	-687992.8125
3.98860500044e-08	843718.75
3.99269557769e-08	-1051661.625
3.99678615494e-08	1219230.25
4.00087673218e-08	-1358501.75
4.00496730943e-08	1500939.125
4.00905788668e-08	-1677338.5
4.01314846393e-08	1881414.125
4.01723904117e-08	-2046111.875
4.02132961842e-08	2157354
4.02542019567e-08	-2246460.5
4.02951077292e-08	2388248
4.03360135016e-08	-2559556.75
4.03769192741e-08	2606856.25
4.04178250466e-08	-2557268.25
4.04587308191e-08	2560629
4.04996365915e-08	-2617823.25
4.0540542364e-08	2560475.25
4.05814481365e-08	-2372218.25
4.0622353909e-08	2151667.5
4.06632596814e-08	-1942458.25
4.07041654539e-08	1728451.875
4.07450712264e-08	-1390875.25
4.07859769989e-08	897511.375
4.08268827713e-08	-355566.25
4.08677885438e-08	-149913.625
4.09086943163e-08	655898.5
4.09496000888e-08	-1356215.625
4.09905058612e-08	2291846
4.10314116337e-08	-3097125.25
4.10723174062e-08	3821008.75
4.11132231787e-08	-4751124
4.11541289512e-08	5816309
4.11950347236e-08	-6923088.5
4.12359404961e-08	7928237.5
4.12768462686e-08	-8910436
4.13177520411e-08	9929974
4.13586578135e-08	-11086062
4.1399563586e-08	12237180
4.14404693585e-08	-13190629
4.1481375131e-08	13883012
4.15222809034e-08	-14593668
4.15631866759e-08	15725655
4.16040924484e-08	-16278700
4.16449982209e-08	16366927
4.16859039933e-08	-16411338
4.17268097658e-08	16652010
4.17677155383e-08	-16633840
4.18086213108e-08	15740350
4.18495270832e-08	-14745912
4.18904328557e-08	13642567
4.19313386282e-08	-12139080
4.19722444007e-08	10312388
4.20131501731e-08	-7927077.5
4.20540559456e-08	4904605
4.20949617181e-08	-1590184
4.21358674906e-08	-1727476
4.2176773263e-08	5376657
4.22176790355e-08	-10488712
4.2258584808e-08	15888519
4.22994905805e-08	-20509542
4.23403963529e-08	26067478
4.23813021254e-08	-32265848
4.24222078979e-08	39086092
4.24631136704e-08	-45605392
4.25040194428e-08	51910244
4.25449252153e-08	-58728964
4.25858309878e-08	65597060
4.26267367603e-08	-72589216
4.26676425327e-08	79429120
4.27085483052e-08	-85131968
4.27494540777e-08	89580872
4.27903598502e-08	-96191328
4.28312656226e-08	100717608
4.28721713951e-08	-103194280
4.29130771676e-08	105031504
4.29539829401e-08	-105498752
4.29948887125e-08	106501872
4.3035794485e-08	-104148568
4.30767002575e-08	98231648
4.311760603e-08	-93374184
4.31585118024e-08	84255584
4.31994175749e-08	-74633040
4.32403233474e-08	62246080
4.32812291199e-08	-44129384
4.33221348923e-08	26849092
4.33630406648e-08	-5584868
4.34039464373e-08	-17301536
4.34448522098e-08	43980496
4.34857579822e-08	-75539872
4.35266637547e-08	107699032
4.35675695272e-08	-140036976
4.36084752997e-08	177360880
4.36493810722e-08	-217420944
4.36902868446e-08	259510880
4.37311926171e-08	-301417728
4.37720983896e-08	342072256
4.38130041621e-08	-385332768
4.38539099345e-08	432880320
4.3894815707e-08	-474271712
4.39357214795e-08	512517056
4.3976627252e-08	-551401984
4.40175330244e-08	586727296
4.40584387969e-08	-620469504
4.40993445694e-08	642196224
4.41402503419e-08	-664469376
4.41811561143e-08	671941952
4.42220618868e-08	-675489600
4.42629676593e-08	674383104
4.43038734318e-08	-653843136
4.43447792042e-08	624020160
4.43856849767e-08	-572689792
4.44265907492e-08	529092448
4.44674965217e-08	-459628864
4.45084022941e-08	354956768
4.45493080666e-08	-261194720
4.45902138391e-08	136484288
4.46311196116e-08	-2290304
4.4672025384e-08	-159368768
4.47129311565e-08	340288704
4.4753836929e-08	-518795584
4.47947427015e-08	745539200
4.48356484739e-08	-962599104
4.48765542464e-08	1185225728
4.49174600189e-08	-1467278336
4.49583657914e-08	1724437248
4.49992715638e-08	-1977491968
4.50401773363e-08	2264078080
4.50810831088e-08	-2539270144
4.51219888813e-08	2830077440
4.51628946537e-08	-3084592128
4.52038004262e-08	3328797440
4.52447061987e-08	-3590512128
4.52856119712e-08	3802326016
4.53265177436e-08	-3973868544
4.53674235161e-08	4162121216
4.54083292886e-08	-4231585792
4.54492350611e-08	4293940736
4.54901408335e-08	-4342833152
4.5531046606e-08	4236236288
4.55719523785e-08	-4131197440
4.5612858151e-08	3890553344
4.56537639234e-08	-3614402560
4.56946696959e-08	3260494336
4.57355754684e-08	-2708013824
4.57764812409e-08	2163735808
4.58173870133e-08	-1471010560
4.58582927858e-08	616537344
4.58991985583e-08	251390208
4.59401043308e-08	-1266030848
4.59810101032e-08	2496018176
4.60219158757e-08	-3720328192
4.60628216482e-08	5050551296
4.61037274207e-08	-6489461248
4.61446331932e-08	8112998912
4.61855389656e-08	-9773314048
4.62264447381e-08	11327928320
4.62673505106e-08	-13134919680
4.63082562831e-08	14956806144
4.63491620555e-08	-16671940608
4.6390067828e-08	18385756160
4.64309736005e-08	-20146556928
4.6471879373e-08	21734612992
4.65127851454e-08	-23158079488
4.65536909179e-08	24600971264
4.65945966904e-08	-25722343424
4.66355024629e-08	26547021824
4.66764082353e-08	-27217219584
4.67173140078e-08	27481208832
4.67582197803e-08	-27511969792
4.67991255528e-08	26852806656
4.68400313252e-08	-25963745280
4.68809370977e-08	24513990656
4.69218428702e-08	-22330855424
4.69627486427e-08	19907723264
4.70036544151e-08	-16574043136
4.70445601876e-08	12490297344
4.70854659601e-08	-7979867136
4.71263717326e-08	2693347328
4.7167277505e-08	3298150400
4.72081832775e-08	-10234068992
4.724908905e-08	18060455936
4.72899948225e-08	-25394505728
4.73309005949e-08	34881978368
4.73718063674e-08	-44366163968
4.74127121399e-08	54143860736
4.74536179124e-08	-64896819200
4.74945236848e-08	75249827840
4.75354294573e-08	-87257915392
4.75763352298e-08	97814142976
4.76172410023e-08	-109047209984
4.76581467747e-08	120705261568
4.76990525472e-08	-131241598976
4.77399583197e-08	140361498624
4.77808640922e-08	-150673113088
4.78217698646e-08	159054594048
4.78626756371e-08	-165095555072
4.79035814096e-08	170511302656
4.79444871821e-08	-174061551616
4.79853929545e-08	176393355264
4.8026298727e-08	-173639172096
4.80672044995e-08	169574285312
4.8108110272e-08	-164042866688
4.81490160444e-08	153255641088
4.81899218169e-08	-137602154496
4.82308275894e-08	122026631168
4.82717333619e-08	-99045351424
4.83126391343e-08	72924340224
4.83535449068e-08	-41419653120
4.83944506793e-08	7556694016
4.84353564518e-08	31313682432
