% time-domain current integration by openEMS v0.0.35 @Thu May 22 17:17:12 2025
% start-coordinates: (-0.04625,-0.01725,0) m -> [2,4,1]
% stop-coordinates: (-0.02975,0.01725,0) m -> [4,5,1]
% t/s	current
2.9218408911e-12	0
4.38276133665e-11	5.22571887984e-08
8.47333858419e-11	9.04663295387e-08
1.25639158317e-10	-3.64444261436e-08
1.66544930793e-10	-4.01801486305e-07
2.07450703268e-10	-8.7508726665e-07
2.48356475744e-10	-1.14748763735e-06
2.89262248219e-10	-8.48460274483e-07
3.30168020694e-10	2.16298218447e-07
3.7107379317e-10	1.86885063158e-06
4.11979565645e-10	3.46764659298e-06
4.52885338121e-10	4.05702257922e-06
4.93791110596e-10	2.73438195109e-06
5.34696883071e-10	-8.22750735097e-07
5.75602655547e-10	-5.89318597122e-06
6.16508428022e-10	-1.05650715341e-05
6.57414200498e-10	-1.21571674754e-05
6.98319972973e-10	-8.25928873383e-06
7.39225745448e-10	1.85209876236e-06
7.80131517924e-10	1.60055387823e-05
8.21037290399e-10	2.88837400149e-05
8.61943062875e-10	3.33189964294e-05
9.0284883535e-10	2.3168287953e-05
9.43754607825e-10	-3.04662398776e-06
9.84660380301e-10	-3.93134760088e-05
1.02556615278e-09	-7.19622403267e-05
1.06647192525e-09	-8.3366423496e-05
1.10737769773e-09	-5.9204063291e-05
1.1482834702e-09	3.02540411212e-06
1.18918924268e-09	8.80921579665e-05
1.23009501515e-09	0.00016376900021
1.27100078763e-09	0.000190346792806
1.3119065601e-09	0.000137379844091
1.35281233258e-09	1.85039471035e-06
1.39371810505e-09	-0.000180831862963
1.43462387753e-09	-0.000340931408573
1.47552965001e-09	-0.000396599643864
1.51643542248e-09	-0.000289135263301
1.55734119496e-09	-1.81049763341e-05
1.59824696743e-09	0.000340871483786
1.63915273991e-09	0.000649484223686
1.68005851238e-09	0.000753777334467
1.72096428486e-09	0.000551660836209
1.76187005733e-09	5.40863693459e-05
1.80277582981e-09	-0.000590956246015
1.84368160228e-09	-0.00113246846013
1.88458737476e-09	-0.00130664999597
1.92549314724e-09	-0.000954145216383
1.96639891971e-09	-0.000115569870104
2.00730469219e-09	0.00094403536059
2.04821046466e-09	0.00180825695861
2.08911623714e-09	0.00206593936309
2.13002200961e-09	0.00149556482211
2.17092778209e-09	0.000197944042156
2.21183355456e-09	-0.00139275053516
2.25273932704e-09	-0.00264552189037
2.29364509951e-09	-0.00297884875908
2.33455087199e-09	-0.00212246738374
2.37545664446e-09	-0.000278934836388
2.41636241694e-09	0.0019016721053
2.45726818942e-09	0.00354739231989
2.49817396189e-09	0.00391471851617
2.53907973437e-09	0.00272244238295
2.57998550684e-09	0.000319151469739
2.62089127932e-09	-0.00240671215579
2.66179705179e-09	-0.00435901898891
2.70270282427e-09	-0.00468351552263
2.74360859674e-09	-0.00314709218219
2.78451436922e-09	-0.000275801925454
2.82542014169e-09	0.00282437726855
2.86632591417e-09	0.00490451417863
2.90723168664e-09	0.00509091233835
2.94813745912e-09	0.00326362461783
2.9890432316e-09	0.000126582526718
3.02994900407e-09	-0.00307003967464
3.07085477655e-09	-0.00504352385178
3.11176054902e-09	-0.00501126004383
3.1526663215e-09	-0.00301398779266
3.19357209397e-09	0.000109121072455
3.23447786645e-09	0.00308093661442
3.27538363892e-09	0.0047242064029
3.3162894114e-09	0.0044438126497
3.35719518387e-09	0.0024493902456
3.39810095635e-09	-0.00036781327799
3.43900672883e-09	-0.00283746584319
3.4799125013e-09	-0.0040077092126
3.52081827378e-09	-0.00352113996632
3.56172404625e-09	-0.00171696336474
3.60262981873e-09	0.000565375667065
3.6435355912e-09	0.00237520132214
3.68444136368e-09	0.00305117014796
3.72534713615e-09	0.0024621936027
3.76625290863e-09	0.00100176804699
3.8071586811e-09	-0.000636250420939
3.84806445358e-09	-0.0017806799151
3.88897022605e-09	-0.002055502031
3.92987599853e-09	-0.00149195175618
3.97078177101e-09	-0.000453802116681
4.01168754348e-09	0.000565684691537
4.05259331596e-09	0.00116883812007
4.09349908843e-09	0.00120046793018
4.13440486091e-09	0.000766307814047
4.17531063338e-09	0.000137624054332
4.21621640586e-09	-0.000395545503125
4.25712217833e-09	-0.000648576533422
4.29802795081e-09	-0.000594173558056
4.33893372328e-09	-0.00033487327164
4.37983949576e-09	-2.65423186647e-05
4.42074526824e-09	0.000201059272513
4.46165104071e-09	0.000290077645332
4.50255681319e-09	0.000255078251939
4.54346258566e-09	0.000151400454342
4.58436835814e-09	3.66234999092e-05
4.62527413061e-09	-5.35413419129e-05
4.66617990309e-09	-0.000107895801193
4.70708567556e-09	-0.000128270388814
4.74799144804e-09	-0.000117459836474
4.78889722051e-09	-7.62312338338e-05
4.82980299299e-09	-9.49858440435e-06
4.87070876546e-09	6.6222040914e-05
4.91161453794e-09	0.000123104458908
4.95252031042e-09	0.00013312936062
4.99342608289e-09	8.45300164656e-05
5.03433185537e-09	-7.09836422175e-06
5.07523762784e-09	-0.000101792807982
5.11614340032e-09	-0.000153064014739
5.15704917279e-09	-0.000132046174258
5.19795494527e-09	-4.4646589231e-05
5.23886071774e-09	6.87238352839e-05
5.27976649022e-09	0.000152062173584
5.32067226269e-09	0.000162149663083
5.36157803517e-09	9.15333876037e-05
5.40248380764e-09	-2.63865913439e-05
5.44338958012e-09	-0.000133408873808
5.4842953526e-09	-0.000175777531695
5.52520112507e-09	-0.00013159509399
5.56610689755e-09	-2.21973095904e-05
5.60701267002e-09	9.84267680906e-05
5.6479184425e-09	0.000170738581801
5.68882421497e-09	0.000159410410561
5.72972998745e-09	7.0676964242e-05
5.77063575992e-09	-5.1274379075e-05
5.8115415324e-09	-0.000146685488289
5.85244730487e-09	-0.00016983030946
5.89335307735e-09	-0.00011106585589
5.93425884983e-09	-6.17465957475e-07
5.9751646223e-09	0.000107221079816
6.01607039478e-09	0.000161078656674
6.05697616725e-09	0.000137132097734
6.09788193973e-09	4.95099702675e-05
6.1387877122e-09	-5.7956767705e-05
6.17969348468e-09	-0.000133848719997
6.22059925715e-09	-0.0001438917825
6.26150502963e-09	-8.63653840497e-05
6.3024108021e-09	8.67718699737e-06
6.34331657458e-09	9.51449837885e-05
6.38422234705e-09	0.000133345776703
6.42512811953e-09	0.000108172855107
6.46603389201e-09	3.47478671756e-05
6.50693966448e-09	-5.03718256368e-05
6.54784543696e-09	-0.000107420739369
6.58875120943e-09	-0.000111995781481
6.62965698191e-09	-6.5314823587e-05
6.67056275438e-09	8.03557486506e-06
6.71146852686e-09	7.29671592126e-05
6.75237429933e-09	0.000100679862953
6.79328007181e-09	8.13498190837e-05
6.83418584428e-09	2.71794087894e-05
6.87509161676e-09	-3.48544126609e-05
6.91599738923e-09	-7.64135911595e-05
6.95690316171e-09	-8.07180986158e-05
6.99780893419e-09	-4.91018072353e-05
7.03871470666e-09	1.22922256196e-06
7.07962047914e-09	4.6407480113e-05
7.12052625161e-09	6.72233436489e-05
7.16143202409e-09	5.71837517782e-05
7.20233779656e-09	2.39833752858e-05
7.24324356904e-09	-1.55428424478e-05
7.28414934151e-09	-4.39197974629e-05
7.32505511399e-09	-5.07110489707e-05
7.36596088646e-09	-3.6026161979e-05
7.40686665894e-09	-8.87513488124e-06
7.44777243142e-09	1.80868955795e-05
7.48867820389e-09	3.44523032254e-05
7.52958397637e-09	3.58439283445e-05
7.57048974884e-09	2.43501308432e-05
7.61139552132e-09	6.20054061073e-06
7.65230129379e-09	-1.15627572086e-05
7.69320706627e-09	-2.36489140661e-05
7.73411283874e-09	-2.74794292636e-05
7.77501861122e-09	-2.28593398788e-05
7.81592438369e-09	-1.12818215712e-05
7.85683015617e-09	4.41359952674e-06
7.89773592864e-09	2.00462236535e-05
7.93864170112e-09	3.04376662825e-05
7.9795474736e-09	3.07674818032e-05
8.02045324607e-09	1.88480771612e-05
8.06135901855e-09	-2.76904302154e-06
8.10226479102e-09	-2.64078953478e-05
8.1431705635e-09	-4.1609397158e-05
8.18407633597e-09	-3.97648072976e-05
8.22498210845e-09	-1.89961338037e-05
8.26588788092e-09	1.34835827339e-05
8.3067936534e-09	4.34355388279e-05
8.34769942587e-09	5.58022147743e-05
8.38860519835e-09	4.23824603786e-05
8.42951097082e-09	7.02728175384e-06
8.4704167433e-09	-3.48397661583e-05
8.51132251578e-09	-6.28817651886e-05
8.55222828825e-09	-6.18499543634e-05
8.59313406073e-09	-2.99515813822e-05
8.6340398332e-09	1.90300415852e-05
8.67494560568e-09	6.15804674453e-05
8.71585137815e-09	7.58608221076e-05
8.75675715063e-09	5.30773759237e-05
8.7976629231e-09	2.81863958662e-06
8.83856869558e-09	-5.08277771587e-05
8.87947446805e-09	-8.09082266642e-05
8.92038024053e-09	-7.13396802894e-05
8.96128601301e-09	-2.56480470853e-05
9.00219178548e-09	3.41078375641e-05
9.04309755796e-09	7.80517875683e-05
9.08400333043e-09	8.36068938952e-05
9.12490910291e-09	4.72947176604e-05
9.16581487538e-09	-1.3045839296e-05
9.20672064786e-09	-6.70502631692e-05
9.24762642033e-09	-8.72720629559e-05
9.28853219281e-09	-6.33294548607e-05
9.32943796528e-09	-7.38883409213e-06
9.37034373776e-09	5.19726454513e-05
9.41124951023e-09	8.44732858241e-05
9.45215528271e-09	7.37775553716e-05
9.49306105519e-09	2.58788804786e-05
9.53396682766e-09	-3.41598060913e-05
9.57487260014e-09	-7.53564745537e-05
9.61577837261e-09	-7.69477628637e-05
9.65668414509e-09	-3.90397472074e-05
9.69758991756e-09	1.78064219654e-05
9.73849569004e-09	6.37006669422e-05
9.77940146251e-09	7.52251944505e-05
9.82030723499e-09	4.75350279885e-05
9.86121300746e-09	-3.55062456947e-06
9.90211877994e-09	-5.04422059748e-05
9.94302455242e-09	-6.87195861246e-05
9.98393032489e-09	-4.99655907333e-05
1.00248360974e-08	-5.70286374568e-06
1.00657418698e-08	3.94022172259e-05
1.01066476423e-08	6.11931172898e-05
1.01475534148e-08	4.90382626595e-05
1.01884591873e-08	1.11166191346e-05
1.02293649597e-08	-3.07135705953e-05
1.02702707322e-08	-5.3324874898e-05
1.03111765047e-08	-4.50544102932e-05
1.03520822772e-08	-1.1819235624e-05
1.03929880496e-08	2.66828647e-05
1.04338938221e-08	4.84274714836e-05
1.04747995946e-08	4.15409231209e-05
1.05157053671e-08	1.07668074634e-05
1.05566111395e-08	-2.5526387617e-05
1.0597516912e-08	-4.60205628769e-05
1.06384226845e-08	-3.87806358049e-05
1.0679328457e-08	-8.142014849e-06
1.07202342294e-08	2.78384013654e-05
1.07611400019e-08	4.78211695736e-05
1.08020457744e-08	3.9556172851e-05
1.08429515469e-08	7.2158900366e-06
1.08838573193e-08	-3.06645815726e-05
1.09247630918e-08	-5.17373300681e-05
1.09656688643e-08	-4.28350940638e-05
1.10065746368e-08	-7.87606950325e-06
1.10474804093e-08	3.38309291692e-05
1.10883861817e-08	5.81548083574e-05
1.11292919542e-08	4.99744128319e-05
1.11701977267e-08	1.23709469335e-05
1.12111034992e-08	-3.44333784597e-05
1.12520092716e-08	-6.40036960249e-05
1.12929150441e-08	-5.84877961955e-05
1.13338208166e-08	-1.91989183804e-05
1.13747265891e-08	3.31833216478e-05
1.14156323615e-08	6.95636699675e-05
1.1456538134e-08	6.86555795255e-05
1.14974439065e-08	2.92602835543e-05
1.1538349679e-08	-2.82730979961e-05
1.15792554514e-08	-7.24817582523e-05
1.16201612239e-08	-7.80004920671e-05
1.16610669964e-08	-4.01718134526e-05
1.17019727689e-08	2.15826075873e-05
1.17428785413e-08	7.38279413781e-05
1.17837843138e-08	8.71713637025e-05
1.18246900863e-08	5.27452539245e-05
1.18655958588e-08	-1.19720225484e-05
1.19065016312e-08	-7.2003727837e-05
1.19474074037e-08	-9.39542005653e-05
1.19883131762e-08	-6.45564723527e-05
1.20292189487e-08	1.48822346091e-06
1.20701247211e-08	6.86738276272e-05
1.21110304936e-08	9.97092865873e-05
1.21519362661e-08	7.64263095334e-05
1.21928420386e-08	1.0439941434e-05
1.2233747811e-08	-6.27432018518e-05
1.22746535835e-08	-0.000102767306089
1.2315559356e-08	-8.6560510681e-05
1.23564651285e-08	-2.18036093429e-05
1.23973709009e-08	5.6477754697e-05
1.24382766734e-08	0.000105048558908
1.24791824459e-08	9.63626735029e-05
1.25200882184e-08	3.39743783115e-05
1.25609939908e-08	-4.85886739625e-05
1.26018997633e-08	-0.000105585510028
1.26428055358e-08	-0.000104612190626
1.26837113083e-08	-4.51732812508e-05
1.27246170807e-08	4.07186453231e-05
1.27655228532e-08	0.000105761762825
1.28064286257e-08	0.000113105474156
1.28473343982e-08	5.73601973883e-05
1.28882401706e-08	-3.14108110615e-05
1.29291459431e-08	-0.000104154110886
1.29700517156e-08	-0.000120072290883
1.30109574881e-08	-6.91204259056e-05
1.30518632605e-08	2.17233464355e-05
1.3092769033e-08	0.000102286983747
1.31336748055e-08	0.00012712815078
1.3174580578e-08	8.15391395008e-05
1.32154863504e-08	-1.01589876067e-05
1.32563921229e-08	-9.78034950094e-05
1.32972978954e-08	-0.000132347340696
1.33382036679e-08	-9.33324627113e-05
1.33791094403e-08	-1.49875404531e-06
1.34200152128e-08	9.24987980397e-05
1.34609209853e-08	0.000136506088893
1.35018267578e-08	0.00010532939632
1.35427325303e-08	1.49360421347e-05
1.35836383027e-08	-8.49690404721e-05
1.36245440752e-08	-0.000138359871926
1.36654498477e-08	-0.000115101211122
1.37063556202e-08	-2.76067003142e-05
1.37472613926e-08	7.63844800531e-05
1.37881671651e-08	0.00013916255557
1.38290729376e-08	0.000124768557725
1.38699787101e-08	4.05390528613e-05
1.39108844825e-08	-6.66233027005e-05
1.3951790255e-08	-0.000137307477416
1.39926960275e-08	-0.000132027373184
1.40336018e-08	-5.25491705048e-05
1.40745075724e-08	5.74064688408e-05
1.41154133449e-08	0.000135764086735
1.41563191174e-08	0.000138403731398
1.41972248899e-08	6.39246572973e-05
1.42381306623e-08	-4.68845792057e-05
1.42790364348e-08	-0.000132594970637
1.43199422073e-08	-0.000144047226058
1.43608479798e-08	-7.37998343538e-05
1.44017537522e-08	3.84795785067e-05
1.44426595247e-08	0.000129954321892
1.44835652972e-08	0.000149562925799
1.45244710697e-08	8.4795850853e-05
1.45653768421e-08	-2.94392502838e-05
1.46062826146e-08	-0.000128130413941
1.46471883871e-08	-0.000154776367708
1.46880941596e-08	-9.43508930504e-05
1.4728999932e-08	2.04903481063e-05
1.47699057045e-08	0.000126753351651
1.4810811477e-08	0.000163195712958
1.48517172495e-08	0.000106733030407
1.48926230219e-08	-1.13148962555e-05
1.49335287944e-08	-0.000124826387037
1.49744345669e-08	-0.000170783474459
1.50153403394e-08	-0.000121232493257
1.50562461118e-08	-3.55934389518e-07
1.50971518843e-08	0.000124155892991
1.51380576568e-08	0.000180721603101
1.51789634293e-08	0.000137245879159
1.52198692017e-08	1.60951713042e-05
1.52607749742e-08	-0.000118659081636
1.53016807467e-08	-0.000191098122741
1.53425865192e-08	-0.000156554247951
1.53834922916e-08	-3.27261805069e-05
1.54243980641e-08	0.000111738947453
1.54653038366e-08	0.000198549882043
1.55062096091e-08	0.000178140981006
1.55471153815e-08	5.62838686164e-05
1.5588021154e-08	-0.000101156074379
1.56289269265e-08	-0.000204611671506
1.5669832699e-08	-0.000196847613552
1.57107384714e-08	-8.12763828435e-05
1.57516442439e-08	8.361156506e-05
1.57925500164e-08	0.000208211888094
1.58334557889e-08	0.000218610890443
1.58743615613e-08	0.000107022817247
1.59152673338e-08	-6.39042336843e-05
1.59561731063e-08	-0.000203165283892
1.59970788788e-08	-0.000235525614698
1.60379846513e-08	-0.000136900111102
1.60788904237e-08	4.17633928009e-05
1.61197961962e-08	0.000198436988285
1.61607019687e-08	0.000247185933404
1.62016077412e-08	0.000163566393894
1.62425135136e-08	-1.20290724226e-05
1.62834192861e-08	-0.000187337282114
1.63243250586e-08	-0.000259784166701
1.63652308311e-08	-0.000186349294381
1.64061366035e-08	-1.18996094898e-05
1.6447042376e-08	0.000169896142324
1.64879481485e-08	0.000264366797637
1.6528853921e-08	0.000213211082155
1.65697596934e-08	3.85200073652e-05
1.66106654659e-08	-0.0001571240864
1.66515712384e-08	-0.000263722176896
1.66924770109e-08	-0.000229080091231
1.67333827833e-08	-6.80969824316e-05
1.67742885558e-08	0.000138915725984
1.68151943283e-08	0.000270178861683
1.68561001008e-08	0.000245442177402
1.68970058732e-08	8.63755922182e-05
1.69379116457e-08	-0.000117784205941
1.69788174182e-08	-0.000264381116722
1.70197231907e-08	-0.0002668396628
1.70606289631e-08	-0.000110992477858
1.71015347356e-08	0.000109067026642
1.71424405081e-08	0.000262793444563
1.71833462806e-08	0.000275327533018
1.7224252053e-08	0.000139125506394
1.72651578255e-08	-8.64765897859e-05
1.7306063598e-08	-0.000270390475634
1.73469693705e-08	-0.000293488177704
1.73878751429e-08	-0.000151877204189
1.74287809154e-08	6.74501425237e-05
1.74696866879e-08	0.000259544351138
1.75105924604e-08	0.000317846046528
1.75514982328e-08	0.000186125238542
1.75924040053e-08	-5.8499568695e-05
1.76333097778e-08	-0.000261172070168
1.76742155503e-08	-0.000322105421219
1.77151213227e-08	-0.000216604341404
1.77560270952e-08	2.29563793255e-05
1.77969328677e-08	0.000267005438218
1.78378386402e-08	0.000350791757228
1.78787444126e-08	0.000232704798691
1.79196501851e-08	8.40573193273e-08
1.79605559576e-08	-0.000240464549279
1.80014617301e-08	-0.000370902620489
1.80423675025e-08	-0.000283929839497
1.8083273275e-08	-1.92646293726e-05
1.81241790475e-08	0.000242415349931
1.816508482e-08	0.00036627316149
1.82059905924e-08	0.000312605727231
1.82468963649e-08	7.92437276687e-05
1.82878021374e-08	-0.000228762975894
1.83287079099e-08	-0.000398996751755
1.83696136823e-08	-0.000329162343405
1.84105194548e-08	-0.000101049328805
1.84514252273e-08	0.00017810575082
1.84923309998e-08	0.000396732968511
1.85332367723e-08	0.000393336289562
1.85741425447e-08	0.000136750139063
1.86150483172e-08	-0.000179044582183
1.86559540897e-08	-0.00037341832649
1.86968598622e-08	-0.000397643860197
1.87377656346e-08	-0.00021316864877
1.87786714071e-08	0.000136359856697
1.88195771796e-08	0.000407064479077
1.88604829521e-08	0.000411431712564
1.89013887245e-08	0.000215903142816
1.8942294497e-08	-6.77112111589e-05
1.89832002695e-08	-0.000364843697753
1.9024106042e-08	-0.000477091933135
1.90650118144e-08	-0.0002667469671
1.91059175869e-08	8.42420995468e-05
1.91468233594e-08	0.000334248878062
1.91877291319e-08	0.000439914438175
1.92286349043e-08	0.000345304957591
1.92695406768e-08	-5.36576771992e-06
1.93104464493e-08	-0.000375052681193
1.93513522218e-08	-0.000462682335638
1.93922579942e-08	-0.000310205010464
1.94331637667e-08	-5.75522062718e-05
1.94740695392e-08	0.000284995243419
1.95149753117e-08	0.000529558979906
1.95558810841e-08	0.000394961127313
1.95967868566e-08	1.54306035256e-05
1.96376926291e-08	-0.000274736376014
1.96785984016e-08	-0.000439741881564
1.9719504174e-08	-0.000460289476905
1.97604099465e-08	-0.000149272527779
1.9801315719e-08	0.000324760389049
1.98422214915e-08	0.000509005098138
1.98831272639e-08	0.000386152649298
1.99240330364e-08	0.000180853487109
1.99649388089e-08	-0.000166679747053
2.00058445814e-08	-0.000560974585824
2.00467503538e-08	-0.000543107686099
2.00876561263e-08	-0.000124045895063
2.01285618988e-08	0.000217659486225
2.01694676713e-08	0.000411053944845
2.02103734437e-08	0.000565081951208
2.02512792162e-08	0.000351431313902
2.02921849887e-08	-0.000239251137828
2.03330907612e-08	-0.000571617041714
2.03739965336e-08	-0.000462814525235
2.04149023061e-08	-0.000304787536152
2.04558080786e-08	-7.59485556046e-06
2.04967138511e-08	0.000547339092009
2.05376196235e-08	0.000735590816475
2.0578525396e-08	0.000278840248939
2.06194311685e-08	-0.000151970845764
2.0660336941e-08	-0.000341471168213
2.07012427134e-08	-0.00062823848566
2.07421484859e-08	-0.000621142564341
2.07830542584e-08	6.56515185256e-05
2.08239600309e-08	0.000631281000096
2.08648658033e-08	0.000545274349861
2.09057715758e-08	0.000408193038311
2.09466773483e-08	0.000257669220446
2.09875831208e-08	-0.000417064933572
2.10284888933e-08	-0.000936125812586
2.10693946657e-08	-0.000500414171256
2.11103004382e-08	8.0418845755e-05
2.11512062107e-08	0.000219456516788
2.11921119832e-08	0.000576008693315
2.12330177556e-08	0.000913893105462
2.12739235281e-08	0.000237840082264
2.13148293006e-08	-0.00065457506571
2.13557350731e-08	-0.000626306165941
2.13966408455e-08	-0.000424317608122
2.1437546618e-08	-0.000531921279617
2.14784523905e-08	0.0001202768035
2.1519358163e-08	0.00107685173862
2.15602639354e-08	0.000793257844634
2.16011697079e-08	-4.13427806052e-05
2.16420754804e-08	-8.8127606432e-05
2.16829812529e-08	-0.000356525240932
2.17238870253e-08	-0.0011262713233
2.17647927978e-08	-0.000681019271724
2.18056985703e-08	0.000647344393656
2.18466043428e-08	0.000740040442906
2.18875101152e-08	0.000319901271723
2.19284158877e-08	0.000709015410393
2.19693216602e-08	0.000359767785994
2.20102274327e-08	-0.00112094823271
2.20511332051e-08	-0.00117460556794
2.20920389776e-08	4.23407000198e-05
2.21329447501e-08	7.83355062595e-05
2.21738505226e-08	-3.59088589903e-05
2.2214756295e-08	0.00118627119809
2.22556620675e-08	0.00127253250685
2.229656784e-08	-0.000577435479499
2.23374736125e-08	-0.00100644724444
2.23783793849e-08	-0.000115475879284
2.24192851574e-08	-0.000678496842738
2.24601909299e-08	-0.0010169747984
2.25010967024e-08	0.00100176373962
2.25420024748e-08	0.00174308370333
2.25829082473e-08	-5.72807039134e-07
2.26238140198e-08	-0.000327476474922
2.26647197923e-08	0.000576961843763
2.27056255647e-08	-0.000996638671495
2.27465313372e-08	-0.00205955933779
2.27874371097e-08	0.000276343955193
2.28283428822e-08	0.00158356875181
2.28692486546e-08	-0.000117602292448
2.29101544271e-08	0.000341982522514
2.29510601996e-08	0.0018176700687
2.29919659721e-08	-0.000445493147708
2.30328717445e-08	-0.00264073442668
2.3073777517e-08	-0.000226783493417
2.31146832895e-08	0.000900213606656
2.3155589062e-08	-0.0011051815236
2.31964948344e-08	0.00021071077208
2.32374006069e-08	0.0031195518095
2.32783063794e-08	0.000497236615047
2.33192121519e-08	-0.00244185794145
2.33601179243e-08	7.31369073037e-05
2.34010236968e-08	0.000643993902486
2.34419294693e-08	-0.00269544986077
2.34828352418e-08	-0.000874350662343
2.35237410143e-08	0.00369663001038
2.35646467867e-08	0.0010717252735
2.36055525592e-08	-0.00199026567861
2.36464583317e-08	0.00134680885822
2.36873641042e-08	0.00153953232802
2.37282698766e-08	-0.00410990184173
2.37691756491e-08	-0.00219334755093
2.38100814216e-08	0.00346158025786
2.38509871941e-08	0.000767233432271
2.38918929665e-08	-0.00259729521349
2.3932798739e-08	0.0031779629644
2.39737045115e-08	0.00325631140731
2.4014610284e-08	-0.00432619685307
2.40555160564e-08	-0.00325200217776
2.40964218289e-08	0.00377266388386
2.41373276014e-08	-0.000802227063105
2.41782333739e-08	-0.00418357411399
2.42191391463e-08	0.00393744045869
2.42600449188e-08	0.00560573721305
2.43009506913e-08	-0.00458891922608
2.43418564638e-08	-0.00276131508872
2.43827622362e-08	0.00492157135159
2.44236680087e-08	-0.00176388467662
2.44645737812e-08	-0.00735129229724
2.45054795537e-08	0.00420911237597
2.45463853261e-08	0.00684020156041
2.45872910986e-08	-0.00509733846411
2.46281968711e-08	-0.0021451767534
2.46691026436e-08	0.00795871950686
2.4710008416e-08	-0.0019836416468
2.47509141885e-08	-0.0104603003711
2.4791819961e-08	0.00431330222636
2.48327257335e-08	0.00719648040831
2.48736315059e-08	-0.00711933430284
2.49145372784e-08	-0.00250015896745
2.49554430509e-08	0.012647096999
2.49963488234e-08	-0.00186802702956
2.50372545958e-08	-0.0122337993234
2.50781603683e-08	0.00441247969866
2.51190661408e-08	0.00886863283813
2.51599719133e-08	-0.0123525848612
2.52008776857e-08	-0.00264013558626
2.52417834582e-08	0.0157033577561
2.52826892307e-08	0.00024837453384
2.53235950032e-08	-0.0159196723253
2.53645007756e-08	0.00896655954421
2.54054065481e-08	0.00934930332005
2.54463123206e-08	-0.0161841548979
2.54872180931e-08	-0.00697866734117
2.55281238655e-08	0.0216484479606
2.5569029638e-08	-0.00191573833581
2.56099354105e-08	-0.0175177305937
2.5650841183e-08	0.0123549094424
2.56917469554e-08	0.0152411246672
2.57326527279e-08	-0.0233856588602
2.57735585004e-08	-0.00862802471966
2.58144642729e-08	0.025401333347
2.58553700453e-08	-0.00383075233549
2.58962758178e-08	-0.0239636413753
2.59371815903e-08	0.0187304578722
2.59780873628e-08	0.0221276264638
2.60189931352e-08	-0.0303078964353
2.60598989077e-08	-0.00929778628051
2.61008046802e-08	0.0310190226883
2.61417104527e-08	-0.0057523897849
2.61826162252e-08	-0.0367271564901
2.62235219976e-08	0.0286308247596
2.62644277701e-08	0.025519285351
2.63053335426e-08	-0.0332796722651
2.63462393151e-08	-0.0153304580599
2.63871450875e-08	0.0492873191833
2.642805086e-08	-0.0172796957195
2.64689566325e-08	-0.0425538048148
2.6509862405e-08	0.0273671578616
2.65507681774e-08	0.0423034466803
2.65916739499e-08	-0.0550148896873
2.66325797224e-08	-0.00599379930645
2.66734854949e-08	0.0566534101963
2.67143912673e-08	-0.0101592103019
2.67552970398e-08	-0.0695311427116
2.67962028123e-08	0.0478579290211
2.68371085848e-08	0.0402077846229
2.68780143572e-08	-0.0631653815508
2.69189201297e-08	-0.0187357850373
2.69598259022e-08	0.0891544669867
2.70007316747e-08	-0.0223518889397
2.70416374471e-08	-0.0811696201563
2.70825432196e-08	0.057050421834
2.71234489921e-08	0.0567945241928
2.71643547646e-08	-0.0914232432842
2.7205260537e-08	-0.0247881002724
2.72461663095e-08	0.119853630662
2.7287072082e-08	-0.0336399786174
2.73279778545e-08	-0.096422187984
2.73688836269e-08	0.0674366131425
2.74097893994e-08	0.0906675085425
2.74506951719e-08	-0.144052743912
2.74916009444e-08	-0.00931876525283
2.75325067168e-08	0.126980498433
2.75734124893e-08	-0.0122967809439
2.76143182618e-08	-0.16553170979
2.76552240343e-08	0.139028847218
2.76961298067e-08	0.0712795257568
2.77370355792e-08	-0.135377258062
2.77779413517e-08	-0.0720118135214
2.78188471242e-08	0.229817986488
2.78597528966e-08	-0.0910185351968
2.79006586691e-08	-0.145898044109
2.79415644416e-08	0.111185453832
2.79824702141e-08	0.173289015889
2.80233759865e-08	-0.257687628269
2.8064281759e-08	-0.00900917686522
2.81051875315e-08	0.222690194845
2.8146093304e-08	-0.0487059280276
2.81869990764e-08	-0.269909888506
2.82279048489e-08	0.219306260347
2.82688106214e-08	0.161626294255
2.83097163939e-08	-0.283426314592
2.83506221663e-08	-0.0490221828222
2.83915279388e-08	0.330087244511
2.84324337113e-08	-0.0913939923048
2.84733394838e-08	-0.352346092463
2.85142452562e-08	0.306424766779
2.85551510287e-08	0.16991122067
2.85960568012e-08	-0.321218460798
2.86369625737e-08	-0.134977251291
2.86778683462e-08	0.549631297588
2.87187741186e-08	-0.26387539506
2.87596798911e-08	-0.295895576477
2.88005856636e-08	0.21333681047
2.88414914361e-08	0.441951036453
2.88823972085e-08	-0.696449756622
2.8923302981e-08	0.128065779805
2.89642087535e-08	0.401176780462
2.9005114526e-08	0.00228864327073
2.90460202984e-08	-0.774572312832
2.90869260709e-08	0.718484640121
2.91278318434e-08	0.124328970909
2.91687376159e-08	-0.464099347591
2.92096433883e-08	-0.30951192975
2.92505491608e-08	1.03849995136
2.92914549333e-08	-0.526340842247
2.93323607058e-08	-0.500722229481
2.93732664782e-08	0.461493194103
2.94141722507e-08	0.65165168047
2.94550780232e-08	-1.10250723362
2.94959837957e-08	0.0470720827579
2.95368895681e-08	0.975991666317
2.95777953406e-08	-0.381029337645
2.96187011131e-08	-0.934632658958
2.96596068856e-08	0.834727942944
2.9700512658e-08	0.751337468624
2.97414184305e-08	-1.47900497913
2.9782324203e-08	0.207656949759
2.98232299755e-08	1.04215502739
2.98641357479e-08	-0.129407972097
2.99050415204e-08	-1.80291068554
2.99459472929e-08	1.86596345901
2.99868530654e-08	0.0639741867781
3.00277588378e-08	-0.860603094101
3.00686646103e-08	-1.00695049763
3.01095703828e-08	2.90776371956
3.01504761553e-08	-1.93727982044
3.01913819277e-08	-0.448988288641
3.02322877002e-08	0.345662772655
3.02731934727e-08	2.41765499115
3.03140992452e-08	-3.71472835541
3.03550050176e-08	1.43055427074
3.03959107901e-08	0.966899573803
3.04368165626e-08	0.443843185902
3.04777223351e-08	-3.74126720428
3.05186281075e-08	3.72766876221
3.055953388e-08	-0.1082470119
3.06004396525e-08	-1.64961719513
3.0641345425e-08	-1.29728615284
3.06822511974e-08	4.43268823624
3.07231569699e-08	-2.42778301239
3.07640627424e-08	-2.18392658234
3.08049685149e-08	2.51499414444
3.08458742873e-08	1.89719855785
3.08867800598e-08	-3.84891819954
3.09276858323e-08	-0.570479214191
3.09685916048e-08	5.36786079407
3.10094973772e-08	-3.48264551163
3.10504031497e-08	-1.84557175636
3.10913089222e-08	1.49970364571
3.11322146947e-08	5.27250385284
3.11731204672e-08	-9.00374794006
3.12140262396e-08	4.31035327911
3.12549320121e-08	0.917841911316
3.12958377846e-08	2.71885108948
3.13367435571e-08	-11.0830307007
3.13776493295e-08	12.0917873383
3.1418555102e-08	-4.46874332428
3.14594608745e-08	0.795088231564
3.1500366647e-08	-8.22250556946
3.15412724194e-08	16.5068378448
3.15821781919e-08	-13.1002693176
3.16230839644e-08	3.12949371338
3.16639897369e-08	-2.6277961731
3.17048955093e-08	13.4788455963
3.17458012818e-08	-19.2955703735
3.17867070543e-08	10.0393924713
3.18276128268e-08	0.843805551529
3.18685185992e-08	3.34474110603
3.19094243717e-08	-16.2503757477
3.19503301442e-08	16.5025997162
3.19912359167e-08	-0.920253992081
3.20321416891e-08	-8.43423366547
3.20730474616e-08	-1.44726788998
3.21139532341e-08	13.766251564
3.21548590066e-08	-5.35698699951
3.2195764779e-08	-15.257973671
3.22366705515e-08	19.985704422
3.2277576324e-08	-4.26466321945
3.23184820965e-08	-3.65297603607
3.23593878689e-08	-15.1812038422
3.24002936414e-08	37.7988090515
3.24411994139e-08	-34.1359138489
3.24821051864e-08	13.6413440704
3.25230109588e-08	-14.509604454
3.25639167313e-08	43.488407135
3.26048225038e-08	-62.5851478577
3.26457282763e-08	46.6494827271
3.26866340487e-08	-24.4874305725
3.27275398212e-08	37.7736549377
3.27684455937e-08	-73.4253540039
3.28093513662e-08	81.076423645
3.28502571386e-08	-50.4315185547
3.28911629111e-08	31.419878006
3.29320686836e-08	-58.6460189819
3.29729744561e-08	93.6458892822
3.30138802285e-08	-80.8186798096
3.3054786001e-08	35.8225860596
3.30956917735e-08	-25.767156601
3.3136597546e-08	65.592376709
3.31775033184e-08	-88.5888061523
3.32184090909e-08	47.4282455444
3.32593148634e-08	7.36504793167
3.33002206359e-08	-1.96250629425
3.33411264083e-08	-44.7334442139
3.33820321808e-08	42.2462425232
3.34229379533e-08	30.601146698
3.34638437258e-08	-85.5027389526
3.35047494982e-08	57.9836807251
3.35456552707e-08	-15.1192455292
3.35865610432e-08	55.19896698
3.36274668157e-08	-155.096328735
3.36683725882e-08	193.440734863
3.37092783606e-08	-140.414901733
3.37501841331e-08	114.478111267
3.37910899056e-08	-198.125152588
3.38319956781e-08	309.032104492
3.38729014505e-08	-308.791412354
3.3913807223e-08	231.159606934
3.39547129955e-08	-234.444152832
3.3995618768e-08	357.074554443
3.40365245404e-08	-448.481567383
3.40774303129e-08	387.478210449
3.41183360854e-08	-290.021270752
3.41592418579e-08	331.107177734
3.42001476303e-08	-472.18927002
3.42410534028e-08	503.046966553
3.42819591753e-08	-363.339355469
3.43228649478e-08	255.412109375
3.43637707202e-08	-336.209716797
3.44046764927e-08	459.812438965
3.44455822652e-08	-383.247711182
3.44864880377e-08	157.561859131
3.45273938101e-08	-60.3768005371
3.45682995826e-08	172.232208252
3.46092053551e-08	-224.452697754
3.46501111276e-08	8.0005645752
3.46910169e-08	288.358215332
3.47319226725e-08	-345.026763916
3.4772828445e-08	226.157302856
3.48137342175e-08	-291.459106445
3.48546399899e-08	654.39465332
3.48955457624e-08	-979.395751953
3.49364515349e-08	955.636108398
3.49773573074e-08	-847.294799805
3.50182630798e-08	1067.1340332
3.50591688523e-08	-1546.18762207
3.51000746248e-08	1800.09326172
3.51409803973e-08	-1652.87731934
3.51818861697e-08	1577.09692383
3.52227919422e-08	-1947.39880371
3.52636977147e-08	2438.40527344
3.53046034872e-08	-2494.32666016
3.53455092596e-08	2181.70166016
3.53864150321e-08	-2141.15576172
3.54273208046e-08	2588.88500977
3.54682265771e-08	-2948.9152832
3.55091323495e-08	2650.48388672
3.5550038122e-08	-2119.76342773
3.55909438945e-08	2112.57202148
3.5631849667e-08	-2539.0390625
3.56727554394e-08	2518.72558594
3.57136612119e-08	-1738.54980469
3.57545669844e-08	1015.17834473
3.57954727569e-08	-1004.74694824
3.58363785293e-08	1224.95410156
3.58772843018e-08	-616.489624023
3.59181900743e-08	-662.62322998
3.59590958468e-08	1558.65649414
3.60000016192e-08	-1568.53881836
3.60409073917e-08	1722.23364258
3.60818131642e-08	-3022.32397461
3.61227189367e-08	4773.91992188
3.61636247092e-08	-5612.25390625
3.62045304816e-08	5550.75146484
3.62454362541e-08	-6248.38964844
3.62863420266e-08	8202.2265625
3.63272477991e-08	-10037.9394531
3.63681535715e-08	10451.8066406
3.6409059344e-08	-10331.1503906
3.64499651165e-08	11467.484375
3.6490870889e-08	-13673.8066406
3.65317766614e-08	15051.1962891
3.65726824339e-08	-14577.4990234
3.66135882064e-08	14156.4160156
3.66544939789e-08	-15408.03125
3.66953997513e-08	17298.9550781
3.67363055238e-08	-17306.7949219
3.67772112963e-08	15321.3046875
3.68181170688e-08	-14416.4414062
3.68590228412e-08	15271.4765625
3.68999286137e-08	-15810.4150391
3.69408343862e-08	13430.75
3.69817401587e-08	-9684.33007812
3.70226459311e-08	7913.28320312
3.70635517036e-08	-7632.98291016
3.71044574761e-08	5798.09667969
3.71453632486e-08	-456.645874023
3.7186269021e-08	-5312.1484375
3.72271747935e-08	8072.81396484
3.7268080566e-08	-9768.12695312
3.73089863385e-08	14976.4853516
3.73498921109e-08	-23406.9335938
3.73907978834e-08	30370.4121094
3.74317036559e-08	-33563.9492188
3.74726094284e-08	37178.6328125
3.75135152008e-08	-45528.890625
3.75544209733e-08	55852.4179688
3.75953267458e-08	-62081.0039062
3.76362325183e-08	64892.296875
3.76771382907e-08	-69738.09375
3.77180440632e-08	79170.3203125
3.77589498357e-08	-89069.71875
3.77998556082e-08	91689.21875
3.78407613806e-08	-91816.6171875
3.78816671531e-08	95500.9140625
3.79225729256e-08	-103772.078125
3.79634786981e-08	108093.679688
3.80043844705e-08	-103294.835938
3.8045290243e-08	97753.8203125
3.80861960155e-08	-97302
3.8127101788e-08	100077.671875
3.81680075604e-08	-92134.2421875
3.82089133329e-08	76986.9609375
3.82498191054e-08	-62331.2929688
3.82907248779e-08	54556.03125
3.83316306503e-08	-45325.4921875
3.83725364228e-08	21908.9179688
3.84134421953e-08	7209.3515625
3.84543479678e-08	-32789.6054688
3.84952537402e-08	49776.15625
3.85361595127e-08	-75068.34375
3.85770652852e-08	115262.226562
3.86179710577e-08	-159227.03125
3.86588768302e-08	190933.28125
3.86997826026e-08	-217806
3.87406883751e-08	258540.359375
3.87815941476e-08	-312248.34375
3.88224999201e-08	361070.53125
3.88634056925e-08	-392187.1875
3.8904311465e-08	423510.125
3.89452172375e-08	-470316.0625
3.898612301e-08	524516.5
3.90270287824e-08	-561959.5
3.90679345549e-08	578983.5625
3.91088403274e-08	-597500.0625
3.91497460999e-08	635783.25
3.91906518723e-08	-666580
3.92315576448e-08	667999.3125
3.92724634173e-08	-648144.6875
3.93133691898e-08	634256.75
3.93542749622e-08	-638287.375
3.93951807347e-08	614110.75
3.94360865072e-08	-551671.0625
3.94769922797e-08	469500.625
3.95178980521e-08	-402180.75
3.95588038246e-08	341501.53125
3.95997095971e-08	-234335.6875
3.96406153696e-08	81092.1171875
3.9681521142e-08	78943.4296875
3.97224269145e-08	-211317.875
3.9763332687e-08	360990.8125
3.98042384595e-08	-568472.5
3.98451442319e-08	814784.6875
3.98860500044e-08	-1041147.25
3.99269557769e-08	1241937.25
3.99678615494e-08	-1475304.625
4.00087673218e-08	1758135.625
4.00496730943e-08	-2068049.5
4.00905788668e-08	2323067.25
4.01314846393e-08	-2544709.25
4.01723904117e-08	2802689.25
4.02132961842e-08	-3110380
4.02542019567e-08	3400776.75
4.02951077292e-08	-3567437.75
4.03360135016e-08	3725941.25
4.03769192741e-08	-3924999.75
4.04178250466e-08	4118740.75
4.04587308191e-08	-4223731.5
4.04996365915e-08	4187378.5
4.0540542364e-08	-4147401.25
4.05814481365e-08	4109969.75
4.0622353909e-08	-4021723
4.06632596814e-08	3770094
4.07041654539e-08	-3371534
4.07450712264e-08	2937845.25
4.07859769989e-08	-2514558.25
4.08268827713e-08	1989809
4.08677885438e-08	-1177677.75
4.09086943163e-08	259176.78125
4.09496000888e-08	619569.375
4.09905058612e-08	-1566147.25
4.10314116337e-08	2702931.25
4.10723174062e-08	-4080117.5
4.11132231787e-08	5515628.5
4.11541289512e-08	-6871587
4.11950347236e-08	8315931.5
4.12359404961e-08	-9952123
4.12768462686e-08	11747997
4.13177520411e-08	-13541033
4.13586578135e-08	15089852
4.1399563586e-08	-16673235
4.14404693585e-08	18528836
4.1481375131e-08	-20334930
4.15222809034e-08	21787176
4.15631866759e-08	-22985852
4.16040924484e-08	24231660
4.16449982209e-08	-25469882
4.16859039933e-08	26394564
4.17268097658e-08	-26686954
4.17677155383e-08	26759086
4.18086213108e-08	-26558376
4.18495270832e-08	26114938
4.18904328557e-08	-25193650
4.19313386282e-08	23263402
4.19722444007e-08	-20904636
4.20131501731e-08	18292488
4.20540559456e-08	-15254712
4.20949617181e-08	11158429
4.21358674906e-08	-5946257
4.2176773263e-08	499299.5
4.22176790355e-08	5317001.5
4.2258584808e-08	-11821669
4.22994905805e-08	19773240
4.23403963529e-08	-28369976
4.23813021254e-08	36928632
4.24222078979e-08	-46145652
4.24631136704e-08	55824472
4.25040194428e-08	-66696672
4.25449252153e-08	77771480
4.25858309878e-08	-88333664
4.26267367603e-08	98953640
4.26676425327e-08	-109757200
4.27085483052e-08	121349904
4.27494540777e-08	-131690056
4.27903598502e-08	140588384
4.28312656226e-08	-149155312
4.28721713951e-08	156763760
4.29130771676e-08	-164288784
4.29539829401e-08	168391344
4.29948887125e-08	-170285472
4.3035794485e-08	170761376
4.30767002575e-08	-169243584
4.311760603e-08	165430432
4.31585118024e-08	-156863024
4.31994175749e-08	144406976
4.32403233474e-08	-130400872
4.32812291199e-08	112357008
4.33221348923e-08	-90019624
4.33630406648e-08	62470492
4.34039464373e-08	-29428628
4.34448522098e-08	-4730788
4.34857579822e-08	44391744
4.35266637547e-08	-89418848
4.35675695272e-08	139671472
4.36084752997e-08	-194031920
4.36493810722e-08	250072544
4.36902868446e-08	-309437952
4.37311926171e-08	375098176
4.37720983896e-08	-443714752
4.38130041621e-08	511451680
4.38539099345e-08	-580421952
4.3894815707e-08	649582144
4.39357214795e-08	-720082880
4.3976627252e-08	791037312
4.40175330244e-08	-852264320
4.40584387969e-08	912015680
4.40993445694e-08	-964592384
4.41402503419e-08	1013936192
4.41811561143e-08	-1055011456
4.42220618868e-08	1074236160
4.42629676593e-08	-1090519808
4.43038734318e-08	1087265408
4.43447792042e-08	-1077078656
4.43856849767e-08	1040097088
4.44265907492e-08	-976471680
4.44674965217e-08	906838144
4.45084022941e-08	-802736448
4.45493080666e-08	681639488
4.45902138391e-08	-527926464
4.46311196116e-08	345207552
4.4672025384e-08	-141982560
4.47129311565e-08	-101387648
4.4753836929e-08	348153664
4.47947427015e-08	-655535744
4.48356484739e-08	979279040
4.48765542464e-08	-1321382272
4.49174600189e-08	1691938560
4.49583657914e-08	-2076737664
4.49992715638e-08	2515903232
4.50401773363e-08	-2928555008
4.50810831088e-08	3373386240
4.51219888813e-08	-3812748800
4.51628946537e-08	4269202176
4.52038004262e-08	-4707358720
4.52447061987e-08	5132701184
4.52856119712e-08	-5550444544
4.53265177436e-08	5890805760
4.53674235161e-08	-6248893952
4.54083292886e-08	6538917376
4.54492350611e-08	-6748155392
4.54901408335e-08	6897328128
4.5531046606e-08	-6940701184
4.55719523785e-08	6952044032
4.5612858151e-08	-6803795968
4.56537639234e-08	6509896192
4.56946696959e-08	-6165113344
4.57355754684e-08	5603058688
4.57764812409e-08	-4936822784
4.58173870133e-08	4107388160
4.58582927858e-08	-3075168000
4.58991985583e-08	1887267712
4.59401043308e-08	-508512256
4.59810101032e-08	-1004319168
4.60219158757e-08	2742762240
4.60628216482e-08	-4695726080
4.61037274207e-08	6801120768
4.61446331932e-08	-8973759488
4.61855389656e-08	11430974464
4.62264447381e-08	-14022135808
4.62673505106e-08	16614471680
4.63082562831e-08	-19454003200
4.63491620555e-08	22202427392
4.6390067828e-08	-25089812480
4.64309736005e-08	27933470720
4.6471879373e-08	-30709671936
4.65127851454e-08	33476573184
4.65536909179e-08	-35866431488
4.65945966904e-08	38265139200
4.66355024629e-08	-40339664896
4.66764082353e-08	42064011264
4.67173140078e-08	-43255922688
4.67582197803e-08	44105166848
4.67991255528e-08	-44487106560
4.68400313252e-08	43916890112
4.68809370977e-08	-43073884160
4.69218428702e-08	41017925632
4.69627486427e-08	-38431784960
4.70036544151e-08	34723966976
4.70445601876e-08	-30190974976
4.70854659601e-08	24656228352
4.71263717326e-08	-17564340224
4.7167277505e-08	10015375360
4.72081832775e-08	-843954176
4.724908905e-08	-9119515648
4.72899948225e-08	20843460608
4.73309005949e-08	-33136384000
4.73718063674e-08	46720081920
4.74127121399e-08	-61413539840
4.74536179124e-08	77021356032
4.74945236848e-08	-93577306112
4.75354294573e-08	110498562048
4.75763352298e-08	-128694657024
4.76172410023e-08	146076565504
4.76581467747e-08	-164913463296
4.76990525472e-08	182540091392
4.77399583197e-08	-200558198784
4.77808640922e-08	217263292416
4.78217698646e-08	-232872312832
4.78626756371e-08	247736074240
4.79035814096e-08	-259929440256
4.79444871821e-08	270505213952
4.79853929545e-08	-277519761408
4.8026298727e-08	282170523648
4.80672044995e-08	-282912391168
4.8108110272e-08	279203020800
4.81490160444e-08	-271698100224
4.81899218169e-08	257440301056
4.82308275894e-08	-239502163968
4.82717333619e-08	215153836032
4.83126391343e-08	-183159947264
4.83535449068e-08	146288967680
4.83944506793e-08	-100009492480
4.84353564518e-08	50516877312
