% time-domain current integration by openEMS v0.0.35 @Thu May 22 17:17:12 2025
% start-coordinates: (-0.04625,-0.09375,0) m -> [2,1,1]
% stop-coordinates: (-0.02975,-0.04525,0) m -> [4,2,1]
% t/s	current
2.9218408911e-12	0
4.38276133665e-11	6.18521056595e-08
8.47333858419e-11	1.14287260544e-07
1.25639158317e-10	-2.82062018186e-08
1.66544930793e-10	-4.7003840109e-07
2.07450703268e-10	-1.08399478904e-06
2.48356475744e-10	-1.50279765876e-06
2.89262248219e-10	-1.24192195017e-06
3.30168020694e-10	1.96936227326e-08
3.7107379317e-10	2.15456179831e-06
4.11979565645e-10	4.41401516582e-06
4.52885338121e-10	5.54750704396e-06
4.93791110596e-10	4.24814743383e-06
5.34696883071e-10	-1.38533621907e-07
5.75602655547e-10	-6.91640252626e-06
6.16508428022e-10	-1.37157094287e-05
6.57414200498e-10	-1.69180439116e-05
6.98319972973e-10	-1.29649843075e-05
7.39225745448e-10	-2.89501940642e-07
7.80131517924e-10	1.88692574739e-05
8.21037290399e-10	3.77999749617e-05
8.61943062875e-10	4.67093814223e-05
9.0284883535e-10	3.63906001439e-05
9.43754607825e-10	3.26425970343e-06
9.84660380301e-10	-4.62570642412e-05
1.02556615278e-09	-9.46771033341e-05
1.06647192525e-09	-0.000117575553304
1.10737769773e-09	-9.30667956709e-05
1.1482834702e-09	-1.38447148856e-05
1.18918924268e-09	0.000103340178612
1.23009501515e-09	0.000216628803173
1.27100078763e-09	0.000270194374025
1.3119065601e-09	0.000216506858123
1.35281233258e-09	4.25800972153e-05
1.39371810505e-09	-0.000211521837628
1.43462387753e-09	-0.000453835440567
1.47552965001e-09	-0.000567398732528
1.51643542248e-09	-0.00045813122415
1.55734119496e-09	-0.000106918676465
1.59824696743e-09	0.000398242846131
1.63915273991e-09	0.000871750176884
1.68005851238e-09	0.00108924042434
1.72096428486e-09	0.000881564803421
1.76187005733e-09	0.000228560034884
1.80277582981e-09	-0.000692246831022
1.84368160228e-09	-0.00153695023619
1.88458737476e-09	-0.00191201176494
1.92549314724e-09	-0.00154228613246
1.96639891971e-09	-0.000423530495027
2.00730469219e-09	0.00111548311543
2.04821046466e-09	0.00249011581764
2.08911623714e-09	0.00307003268972
2.13002200961e-09	0.00245243916288
2.17092778209e-09	0.000684937287588
2.21183355456e-09	-0.00167375127785
2.25273932704e-09	-0.00371231208555
2.29364509951e-09	-0.0045104008168
2.33455087199e-09	-0.00354193663225
2.37545664446e-09	-0.000965073646512
2.41636241694e-09	0.00234902161174
2.45726818942e-09	0.00509898643941
2.49817396189e-09	0.00606327177957
2.53907973437e-09	0.00463863089681
2.57998550684e-09	0.00117051950656
2.62089127932e-09	-0.00309526966885
2.66179705179e-09	-0.00645895674825
2.70270282427e-09	-0.00745359249413
2.74360859674e-09	-0.00549173681065
2.78451436922e-09	-0.00118380994536
2.82542014169e-09	0.00383786205202
2.86632591417e-09	0.00754812685773
2.90723168664e-09	0.00836583599448
2.94813745912e-09	0.00584517046809
2.9890432316e-09	0.000912242918275
3.02994900407e-09	-0.00447704875842
3.07085477655e-09	-0.00813211034983
3.11176054902e-09	-0.00854529254138
3.1526663215e-09	-0.00553714856505
3.19357209397e-09	-0.000343902473105
3.23447786645e-09	0.00489873252809
3.27538363892e-09	0.00805673468858
3.3162894114e-09	0.00789454951882
3.35719518387e-09	0.00457931822166
3.39810095635e-09	-0.000421717879362
3.43900672883e-09	-0.00499644223601
3.4799125013e-09	-0.00729977339506
3.52081827378e-09	-0.00651990901679
3.56172404625e-09	-0.00317142368294
3.60262981873e-09	0.00119346030988
3.6435355912e-09	0.00470379879698
3.68444136368e-09	0.00598427793011
3.72534713615e-09	0.00470438832417
3.76625290863e-09	0.00163856497966
3.8071586811e-09	-0.00175653910264
3.84806445358e-09	-0.00402728607878
3.88897022605e-09	-0.00434865197167
3.92987599853e-09	-0.0028184291441
3.97078177101e-09	-0.000318149483064
4.01168754348e-09	0.00195776764303
4.05259331596e-09	0.00306214997545
4.09349908843e-09	0.00268368329853
4.13440486091e-09	0.00120627973229
4.17531063338e-09	-0.00055209279526
4.21621640586e-09	-0.00176576292142
4.25712217833e-09	-0.00197763810866
4.29802795081e-09	-0.00125710130669
4.33893372328e-09	-9.25207932596e-05
4.37983949576e-09	0.000898011145182
4.42074526824e-09	0.00127757107839
4.46165104071e-09	0.00097161589656
4.50255681319e-09	0.000249116827035
4.54346258566e-09	-0.000460863928311
4.58436835814e-09	-0.000805344898254
4.62527413061e-09	-0.000672317517456
4.66617990309e-09	-0.000211262478842
4.70708567556e-09	0.000282124849036
4.74799144804e-09	0.000540519016795
4.78889722051e-09	0.000461249699583
4.82980299299e-09	0.000138110422995
4.87070876546e-09	-0.000215258754906
4.91161453794e-09	-0.000396853487473
4.95252031042e-09	-0.000325880333548
4.99342608289e-09	-7.35582943889e-05
5.03433185537e-09	0.000193403073354
5.07523762784e-09	0.000316891586408
5.11614340032e-09	0.000236908177612
5.15704917279e-09	1.77950132638e-05
5.19795494527e-09	-0.000198502180865
5.23886071774e-09	-0.000280411622953
5.27976649022e-09	-0.000183303753147
5.32067226269e-09	2.83097870124e-05
5.36157803517e-09	0.000222852482693
5.40248380764e-09	0.000281138025457
5.44338958012e-09	0.000166334852111
5.4842953526e-09	-5.5305143178e-05
5.52520112507e-09	-0.000253598846029
5.56610689755e-09	-0.000310030824039
5.60701267002e-09	-0.000186356744962
5.6479184425e-09	5.25311370438e-05
5.68882421497e-09	0.00027408474125
5.72972998745e-09	0.000351890281308
5.77063575992e-09	0.000236645704717
5.8115415324e-09	-1.49715733642e-05
5.85244730487e-09	-0.000269534997642
5.89335307735e-09	-0.000388493004721
5.93425884983e-09	-0.000303351582261
5.9751646223e-09	-5.37704254384e-05
6.01607039478e-09	0.000232026766753
6.05697616725e-09	0.000404235324822
6.09788193973e-09	0.000370370049495
6.1387877122e-09	0.000144412595546
6.17969348468e-09	-0.000159630450071
6.22059925715e-09	-0.000386326224543
6.26150502963e-09	-0.000418948940933
6.3024108021e-09	-0.000239561515627
6.34331657458e-09	6.18159829173e-05
6.38422234705e-09	0.000333296484314
6.42512811953e-09	0.000438434188254
6.46603389201e-09	0.000325070606777
6.50693966448e-09	5.08987395733e-05
6.54784543696e-09	-0.000246585113928
6.58875120943e-09	-0.000419762654928
6.62965698191e-09	-0.000384561135434
6.67056275438e-09	-0.000161180345458
6.71146852686e-09	0.000137762195664
6.75237429933e-09	0.000364614126738
6.79328007181e-09	0.000410078268033
6.83418584428e-09	0.000255934108282
6.87509161676e-09	-1.83287065738e-05
6.91599738923e-09	-0.000276905688224
6.95690316171e-09	-0.000395357346861
6.99780893419e-09	-0.000320652878145
7.03871470666e-09	-9.4558155979e-05
7.07962047914e-09	0.0001697136031
7.12052625161e-09	0.000344539235812
7.16143202409e-09	0.00034971506102
7.20233779656e-09	0.000189050173503
7.24324356904e-09	-5.48309035366e-05
7.28414934151e-09	-0.000263161200564
7.32505511399e-09	-0.000339059421094
7.36596088646e-09	-0.000252486643149
7.40686665894e-09	-5.13478407811e-05
7.44777243142e-09	0.000164851022419
7.48867820389e-09	0.000294376572128
7.52958397637e-09	0.000281109736534
7.57048974884e-09	0.00013839249732
7.61139552132e-09	-6.0965285229e-05
7.65230129379e-09	-0.000221863723709
7.69320706627e-09	-0.000272283097729
7.73411283874e-09	-0.000195217260625
7.77501861122e-09	-3.31967385137e-05
7.81592438369e-09	0.000134915753733
7.85683015617e-09	0.000232315738685
7.89773592864e-09	0.000219155161176
7.93864170112e-09	0.000108208827442
7.9795474736e-09	-4.44619981863e-05
8.02045324607e-09	-0.000167767168023
8.06135901855e-09	-0.000208558747545
8.10226479102e-09	-0.000154109016876
8.1431705635e-09	-3.48474022758e-05
8.18407633597e-09	9.22888793866e-05
8.22498210845e-09	0.000170930899912
8.26588788092e-09	0.00016996692284
8.3067936534e-09	9.52050904743e-05
8.34769942587e-09	-1.59679730132e-05
8.38860519835e-09	-0.000113146423246
8.42951097082e-09	-0.000155533707584
8.4704167433e-09	-0.00012861059804
8.51132251578e-09	-4.83051371702e-05
8.55222828825e-09	4.79856680613e-05
8.59313406073e-09	0.000118632306112
8.6340398332e-09	0.000135429523652
8.67494560568e-09	9.43800914683e-05
8.71585137815e-09	1.57566064445e-05
8.75675715063e-09	-6.57446653349e-05
8.7976629231e-09	-0.000116052149679
8.83856869558e-09	-0.000115593225928
8.87947446805e-09	-6.65615007165e-05
8.92038024053e-09	8.92146726983e-06
8.96128601301e-09	7.85757874837e-05
9.00219178548e-09	0.000113472429803
9.04309755796e-09	9.97966417344e-05
9.08400333043e-09	4.42163727712e-05
9.12490910291e-09	-2.91939486488e-05
9.16581487538e-09	-8.91465533641e-05
9.20672064786e-09	-0.000110262604721
9.24762642033e-09	-8.37307088659e-05
9.28853219281e-09	-2.10688140214e-05
9.32943796528e-09	5.06713877257e-05
9.37034373776e-09	0.000100389028376
9.41124951023e-09	0.000106345738459
9.45215528271e-09	6.57473719912e-05
9.49306105519e-09	-3.78607296625e-06
9.53396682766e-09	-7.17071234249e-05
9.57487260014e-09	-0.000107886036858
9.61577837261e-09	-9.60189354373e-05
9.65668414509e-09	-4.11060136685e-05
9.69758991756e-09	3.24980610458e-05
9.73849569004e-09	9.17961588129e-05
9.77940146251e-09	0.000109961620183
9.82030723499e-09	7.85937445471e-05
9.86121300746e-09	1.17458748718e-05
9.90211877994e-09	-6.02872896707e-05
9.94302455242e-09	-0.000104715145426
9.98393032489e-09	-0.000101264238765
1.00248360974e-08	-5.15363972227e-05
1.00657418698e-08	2.16490225284e-05
1.01066476423e-08	8.47004121169e-05
1.01475534148e-08	0.000108726388135
1.01884591873e-08	8.28795309644e-05
1.02293649597e-08	1.93431478692e-05
1.02702707322e-08	-5.23817798239e-05
1.03111765047e-08	-9.92176210275e-05
1.03520822772e-08	-9.9848388345e-05
1.03929880496e-08	-5.44903232367e-05
1.04338938221e-08	1.54230529006e-05
1.04747995946e-08	7.73922365624e-05
1.05157053671e-08	0.000103005426354
1.05566111395e-08	8.10152705526e-05
1.0597516912e-08	2.23077367991e-05
1.06384226845e-08	-4.54627770523e-05
1.0679328457e-08	-9.0954490588e-05
1.07202342294e-08	-9.37029690249e-05
1.07611400019e-08	-5.33419224666e-05
1.08020457744e-08	1.06714660433e-05
1.08429515469e-08	6.84581536916e-05
1.08838573193e-08	9.36931319302e-05
1.09247630918e-08	7.56123117753e-05
1.09656688643e-08	2.35658935708e-05
1.10065746368e-08	-3.77837932319e-05
1.10474804093e-08	-8.0164798419e-05
1.10883861817e-08	-8.47475093906e-05
1.11292919542e-08	-5.05068492203e-05
1.11701977267e-08	5.84472491028e-06
1.12111034992e-08	5.80502382945e-05
1.12520092716e-08	8.25525639812e-05
1.12929150441e-08	6.9068169978e-05
1.13338208166e-08	2.48192500294e-05
1.13747265891e-08	-2.92632212222e-05
1.14156323615e-08	-6.84340193402e-05
1.1456538134e-08	-7.54569628043e-05
1.14974439065e-08	-4.81409260829e-05
1.1538349679e-08	1.79134985956e-07
1.15792554514e-08	4.71517414553e-05
1.16201612239e-08	7.17320508556e-05
1.16610669964e-08	6.3558560214e-05
1.17019727689e-08	2.72137585853e-05
1.17428785413e-08	-2.02984010684e-05
1.17837843138e-08	-5.74541045353e-05
1.18246900863e-08	-6.78773067193e-05
1.18655958588e-08	-4.75225388072e-05
1.19065016312e-08	-6.19589718553e-06
1.19474074037e-08	3.71839450963e-05
1.19883131762e-08	6.32390438113e-05
1.20292189487e-08	6.06905705354e-05
1.20701247211e-08	3.11379735649e-05
1.21110304936e-08	-1.18633270176e-05
1.21519362661e-08	-4.89574449603e-05
1.21928420386e-08	-6.36357726762e-05
1.2233747811e-08	-4.95264321216e-05
1.22746535835e-08	-1.31402030092e-05
1.2315559356e-08	2.90833340841e-05
1.23564651285e-08	5.81626118219e-05
1.23973709009e-08	6.11000141362e-05
1.24382766734e-08	3.66542808479e-05
1.24791824459e-08	-4.19674142904e-06
1.25200882184e-08	-4.31337284681e-05
1.25609939908e-08	-6.25807151664e-05
1.26018997633e-08	-5.3601754189e-05
1.26428055358e-08	-2.00960494112e-05
1.26837113083e-08	2.28403259825e-05
1.27246170807e-08	5.57247913093e-05
1.27655228532e-08	6.35197357042e-05
1.28064286257e-08	4.24801328336e-05
1.28473343982e-08	1.97805206881e-06
1.28882401706e-08	-3.96312570956e-05
1.29291459431e-08	-6.33042072877e-05
1.29700517156e-08	-5.79935949645e-05
1.30109574881e-08	-2.57950487139e-05
1.30518632605e-08	1.87540572369e-05
1.3092769033e-08	5.51490702492e-05
1.31336748055e-08	6.64323670208e-05
1.3174580578e-08	4.72100000479e-05
1.32154863504e-08	6.18306785327e-06
1.32563921229e-08	-3.7873560359e-05
1.32972978954e-08	-6.46426196909e-05
1.33382036679e-08	-6.15652679699e-05
1.33791094403e-08	-2.98112317978e-05
1.34200152128e-08	1.60476774909e-05
1.34609209853e-08	5.47718846065e-05
1.35018267578e-08	6.83575708535e-05
1.35427325303e-08	5.04416930198e-05
1.35836383027e-08	9.31897648115e-06
1.36245440752e-08	-3.58934739779e-05
1.36654498477e-08	-6.42932864139e-05
1.37063556202e-08	-6.29168280284e-05
1.37472613926e-08	-3.25473156408e-05
1.37881671651e-08	1.27781277115e-05
1.38290729376e-08	5.20953217347e-05
1.38699787101e-08	6.72418900649e-05
1.39108844825e-08	5.14872226631e-05
1.3951790255e-08	1.25897477119e-05
1.39926960275e-08	-3.12849151669e-05
1.40336018e-08	-6.01427673246e-05
1.40745075724e-08	-6.11868745182e-05
1.41154133449e-08	-3.44658619724e-05
1.41563191174e-08	7.32273838366e-06
1.41972248899e-08	4.50177285529e-05
1.42381306623e-08	6.18467529421e-05
1.42790364348e-08	5.07789081894e-05
1.43199422073e-08	1.74491087819e-05
1.43608479798e-08	-2.25175790547e-05
1.44017537522e-08	-5.10553036293e-05
1.44426595247e-08	-5.61566957913e-05
1.44835652972e-08	-3.66665844922e-05
1.45244710697e-08	-1.85739054359e-06
1.45653768421e-08	3.28353162331e-05
1.46062826146e-08	5.23510752828e-05
1.46471883871e-08	4.87672004965e-05
1.46880941596e-08	2.46241143032e-05
1.4728999932e-08	-8.92952903087e-06
1.47699057045e-08	-3.74901283067e-05
1.4810811477e-08	-4.92763902002e-05
1.48517172495e-08	-3.99959972128e-05
1.48926230219e-08	-1.43642118928e-05
1.49335287944e-08	1.65191795531e-05
1.49744345669e-08	4.02234472858e-05
1.50153403394e-08	4.72833417007e-05
1.50562461118e-08	3.4762055293e-05
1.50971518843e-08	7.90999274614e-06
1.51380576568e-08	-2.17863798753e-05
1.51789634293e-08	-4.22440643888e-05
1.52198692017e-08	-4.54836554127e-05
1.52607749742e-08	-3.00633546431e-05
1.53016807467e-08	-1.61686330102e-06
1.53425865192e-08	2.83501067315e-05
1.53834922916e-08	4.72526007798e-05
1.54243980641e-08	4.68355319754e-05
1.54653038366e-08	2.65721901087e-05
1.55062096091e-08	-5.93243521507e-06
1.55471153815e-08	-3.69841582142e-05
1.5588021154e-08	-5.27148731635e-05
1.56289269265e-08	-4.58603826701e-05
1.5669832699e-08	-1.88464218809e-05
1.57107384714e-08	1.77219972102e-05
1.57516442439e-08	4.84876800328e-05
1.57925500164e-08	5.88847833569e-05
1.58334557889e-08	4.28124985774e-05
1.58743615613e-08	6.80878838466e-06
1.59152673338e-08	-3.30440525431e-05
1.59561731063e-08	-5.90561212448e-05
1.59970788788e-08	-5.89370829402e-05
1.60379846513e-08	-3.16875448334e-05
1.60788904237e-08	1.10684595711e-05
1.61197961962e-08	4.96894645039e-05
1.61607019687e-08	6.66038540658e-05
1.62016077412e-08	5.34179707756e-05
1.62425135136e-08	1.51747126438e-05
1.62834192861e-08	-3.11167495965e-05
1.63243250586e-08	-6.29250207567e-05
1.63652308311e-08	-6.52150411042e-05
1.64061366035e-08	-3.74185365217e-05
1.6447042376e-08	7.20947809896e-06
1.64879481485e-08	4.91394384881e-05
1.6528853921e-08	6.87592109898e-05
1.65697596934e-08	5.62650857319e-05
1.66106654659e-08	1.73263088072e-05
1.66515712384e-08	-2.86997146759e-05
1.66924770109e-08	-6.05717432336e-05
1.67333827833e-08	-6.38711062493e-05
1.67742885558e-08	-3.73390721506e-05
1.68151943283e-08	6.25881466476e-06
1.68561001008e-08	4.52378117188e-05
1.68970058732e-08	6.1949249357e-05
1.69379116457e-08	5.06551659782e-05
1.69788174182e-08	1.71537867573e-05
1.70197231907e-08	-2.37461936194e-05
1.70606289631e-08	-5.23412963958e-05
1.71015347356e-08	-5.41684785276e-05
1.71424405081e-08	-3.10027280648e-05
1.71833462806e-08	3.72539352611e-06
1.7224252053e-08	3.41097183991e-05
1.72651578255e-08	4.86074313812e-05
1.7306063598e-08	4.01954457629e-05
1.73469693705e-08	1.45541143866e-05
1.73878751429e-08	-1.48461840581e-05
1.74287809154e-08	-3.4094984585e-05
1.74696866879e-08	-3.83948499803e-05
1.75105924604e-08	-2.53682246694e-05
1.75514982328e-08	-2.09517361327e-06
1.75924040053e-08	1.9402412363e-05
1.76333097778e-08	2.76111368294e-05
1.76742155503e-08	2.5570501748e-05
1.77151213227e-08	1.60081581271e-05
1.77560270952e-08	1.72278851096e-06
1.77969328677e-08	-1.39607082019e-05
1.78378386402e-08	-2.05598153116e-05
1.78787444126e-08	-1.87531695701e-05
1.79196501851e-08	-1.25380774989e-05
1.79605559576e-08	-4.45248497272e-06
1.80014617301e-08	7.55089695303e-06
1.80423675025e-08	1.66834652191e-05
1.8083273275e-08	1.97621957341e-05
1.81241790475e-08	1.83321790246e-05
1.816508482e-08	1.18538755487e-05
1.82059905924e-08	-4.04831916967e-06
1.82468963649e-08	-2.23955030378e-05
1.82878021374e-08	-2.88926676149e-05
1.83287079099e-08	-2.30749992625e-05
1.83696136823e-08	-9.72284215095e-06
1.84105194548e-08	9.03203545022e-06
1.84514252273e-08	3.23619460687e-05
1.84923309998e-08	4.07599072787e-05
1.85332367723e-08	2.85473724944e-05
1.85741425447e-08	6.72374198984e-07
1.86150483172e-08	-2.49672393693e-05
1.86559540897e-08	-4.64710101369e-05
1.86968598622e-08	-4.46206468041e-05
1.87377656346e-08	-1.995429011e-05
1.87786714071e-08	1.97177687369e-05
1.88195771796e-08	4.33595778304e-05
1.88604829521e-08	5.3599014791e-05
1.89013887245e-08	3.90009299736e-05
1.8942294497e-08	5.71312921238e-06
1.89832002695e-08	-4.22343073296e-05
1.9024106042e-08	-6.19485799689e-05
1.90650118144e-08	-5.13618215336e-05
1.91059175869e-08	-1.47230020957e-05
1.91468233594e-08	2.20663023356e-05
1.91877291319e-08	5.81483982387e-05
1.92286349043e-08	6.38685669401e-05
1.92695406768e-08	3.6846511648e-05
1.93104464493e-08	-1.10967057481e-05
1.93513522218e-08	-4.65541015728e-05
1.93922579942e-08	-6.37380580883e-05
1.94331637667e-08	-5.30444485776e-05
1.94740695392e-08	-9.99712574412e-06
1.95149753117e-08	4.09460044466e-05
1.95558810841e-08	6.58743010717e-05
1.95967868566e-08	4.95890380989e-05
1.96376926291e-08	2.38993416133e-05
1.96785984016e-08	-1.64412213053e-05
1.9719504174e-08	-4.8718193284e-05
1.97604099465e-08	-6.81625897414e-05
1.9801315719e-08	-3.05296853185e-05
1.98422214915e-08	6.73410249874e-06
1.98831272639e-08	4.56551097159e-05
1.99240330364e-08	4.534609252e-05
1.99649388089e-08	5.00385212945e-05
2.00058445814e-08	1.20428740047e-06
2.00467503538e-08	-2.78529623756e-05
2.00876561263e-08	-5.38774838788e-05
2.01285618988e-08	-2.13787934626e-05
2.01694676713e-08	-2.27828568313e-05
2.02103734437e-08	1.47982136696e-05
2.02512792162e-08	3.14832941513e-05
2.02921849887e-08	5.56146842428e-05
2.03330907612e-08	4.35727997683e-07
2.03739965336e-08	-1.39494368341e-05
2.04149023061e-08	-2.61204113485e-05
2.04558080786e-08	-9.1586043709e-06
2.04967138511e-08	-2.69399024546e-05
2.05376196235e-08	8.86451744009e-06
2.0578525396e-08	2.79386949842e-05
2.06194311685e-08	1.90746941371e-05
2.0660336941e-08	-1.02482517832e-05
2.07012427134e-08	-3.75799572794e-06
2.07421484859e-08	-4.42800228484e-07
2.07830542584e-08	-3.1941664929e-05
2.08239600309e-08	-7.40321411286e-07
2.08648658033e-08	2.9887247365e-05
2.09057715758e-08	4.66123092338e-05
2.09466773483e-08	-3.29527902068e-05
2.09875831208e-08	2.89853778668e-06
2.10284888933e-08	-2.46031122515e-05
2.10693946657e-08	-3.38627432939e-06
2.11103004382e-08	-6.9019937655e-05
2.11512062107e-08	5.84938388783e-05
2.11921119832e-08	2.04066745937e-05
2.12330177556e-08	6.33242016193e-05
2.12739235281e-08	-3.49280599039e-05
2.13148293006e-08	6.4188207034e-05
2.13557350731e-08	-8.91757663339e-05
2.13966408455e-08	-3.73187358491e-05
2.1437546618e-08	-8.09618504718e-05
2.14784523905e-08	9.97011666186e-05
2.1519358163e-08	-2.8632057365e-05
2.15602639354e-08	7.76566448621e-05
2.16011697079e-08	2.27523269132e-05
2.16420754804e-08	9.40391910262e-05
2.16829812529e-08	-0.000121224438772
2.17238870253e-08	-4.6756293159e-05
2.17647927978e-08	-6.06943503954e-05
2.18056985703e-08	1.53702567331e-05
2.18466043428e-08	-3.53921204805e-05
2.18875101152e-08	9.20507009141e-05
2.19284158877e-08	0.000110006600153
2.19693216602e-08	-7.57747329772e-07
2.20102274327e-08	-2.73419718724e-05
2.20511332051e-08	-5.4450443713e-05
2.20920389776e-08	1.01054320112e-05
2.21329447501e-08	-0.000183719501365
2.21738505226e-08	7.3786417488e-05
2.2214756295e-08	3.24356369674e-06
2.22556620675e-08	0.000218479661271
2.229656784e-08	-0.000163449090905
2.23374736125e-08	0.000198139226995
2.23783793849e-08	-0.000180856557563
2.24192851574e-08	0.000132938148454
2.24601909299e-08	-0.000356741249561
2.25010967024e-08	0.00028602941893
2.25420024748e-08	-0.000223096925765
2.25829082473e-08	0.000308477319777
2.26238140198e-08	-0.000279761385173
2.26647197923e-08	0.000433698296547
2.27056255647e-08	-0.000362530816346
2.27465313372e-08	0.000206760596484
2.27874371097e-08	-0.000388676766306
2.28283428822e-08	0.00041919760406
2.28692486546e-08	-0.000351243186742
2.29101544271e-08	0.000271895900369
2.29510601996e-08	-0.000194279011339
2.29919659721e-08	0.000380542594939
2.30328717445e-08	-0.000324672088027
2.3073777517e-08	6.11878931522e-05
2.31146832895e-08	-8.18432308733e-05
2.3155589062e-08	8.98544676602e-05
2.31964948344e-08	-8.63112509251e-05
2.32374006069e-08	-3.48757021129e-05
2.32783063794e-08	0.000375588657334
2.33192121519e-08	-0.000312319491059
2.33601179243e-08	0.000205350574106
2.34010236968e-08	-0.000466650584713
2.34419294693e-08	0.00072438409552
2.34828352418e-08	-0.000948443077505
2.35237410143e-08	0.000796029344201
2.35646467867e-08	-0.000749880913645
2.36055525592e-08	0.00135249830782
2.36464583317e-08	-0.00154408439994
2.36873641042e-08	0.00141272507608
2.37282698766e-08	-0.00141184963286
2.37691756491e-08	0.0015779081732
2.38100814216e-08	-0.00217732414603
2.38509871941e-08	0.0021646246314
2.38918929665e-08	-0.00175087526441
2.3932798739e-08	0.00195547565818
2.39737045115e-08	-0.00228152424097
2.4014610284e-08	0.00260839425027
2.40555160564e-08	-0.0022433437407
2.40964218289e-08	0.00161154195666
2.41373276014e-08	-0.00212450325489
2.41782333739e-08	0.00246603041887
2.42191391463e-08	-0.00199842825532
2.42600449188e-08	0.00130327418447
2.43009506913e-08	-0.000906243920326
2.43418564638e-08	0.00145181454718
2.43827622362e-08	-0.00125336460769
2.44236680087e-08	-5.37745654583e-06
2.44645737812e-08	0.000685974955559
2.45054795537e-08	-0.000826590694487
2.45463853261e-08	0.000728156417608
2.45872910986e-08	-0.00162307359278
2.46281968711e-08	0.00342312082648
2.46691026436e-08	-0.00389804691076
2.4710008416e-08	0.00373616069555
2.47509141885e-08	-0.00447760894895
2.4791819961e-08	0.00621645525098
2.48327257335e-08	-0.00778863206506
2.48736315059e-08	0.00767851248384
2.49145372784e-08	-0.00772486627102
2.49554430509e-08	0.00951980054379
2.49963488234e-08	-0.0112354680896
2.50372545958e-08	0.0117212533951
2.50781603683e-08	-0.0113847851753
2.51190661408e-08	0.0118875801563
2.51599719133e-08	-0.0138297826052
2.52008776857e-08	0.0146495550871
2.52417834582e-08	-0.0137260258198
2.52826892307e-08	0.0131483972073
2.53235950032e-08	-0.0139087587595
2.53645007756e-08	0.0148874819279
2.54054065481e-08	-0.0136860758066
2.54463123206e-08	0.0112639516592
2.54872180931e-08	-0.0107423961163
2.55281238655e-08	0.0108611881733
2.5569029638e-08	-0.00901061296463
2.56099354105e-08	0.00556382536888
2.5650841183e-08	-0.00256581604481
2.56917469554e-08	0.00127747654915
2.57326527279e-08	0.000975869596004
2.57735585004e-08	-0.00598081201315
2.58144642729e-08	0.0108729973435
2.58553700453e-08	-0.0142946913838
2.58962758178e-08	0.0173686221242
2.59371815903e-08	-0.0226306468248
2.59780873628e-08	0.0300681889057
2.60189931352e-08	-0.0351020544767
2.60598989077e-08	0.0384125709534
2.61008046802e-08	-0.0441752672195
2.61417104527e-08	0.0520314276218
2.61826162252e-08	-0.0587738752365
2.62235219976e-08	0.0619712471962
2.62644277701e-08	-0.0657851696014
2.63053335426e-08	0.0735247731209
2.63462393151e-08	-0.0799560546875
2.63871450875e-08	0.0822831988335
2.642805086e-08	-0.0830088853836
2.64689566325e-08	0.0863288640976
2.6509862405e-08	-0.0918600559235
2.65507681774e-08	0.0920293331146
2.65916739499e-08	-0.0867443084717
2.66325797224e-08	0.0836292505264
2.66734854949e-08	-0.0839112997055
2.67143912673e-08	0.0812293291092
2.67552970398e-08	-0.0693258047104
2.67962028123e-08	0.0551097393036
2.68371085848e-08	-0.0475957393646
2.68780143572e-08	0.0394424200058
2.69189201297e-08	-0.0209869146347
2.69598259022e-08	-0.0043837428093
2.70007316747e-08	0.0254865884781
2.70416374471e-08	-0.0406628251076
2.70825432196e-08	0.0633710026741
2.71234489921e-08	-0.0991843342781
2.71643547646e-08	0.13437718153
2.7205260537e-08	-0.159846067429
2.72461663095e-08	0.184317469597
2.7287072082e-08	-0.223373651505
2.73279778545e-08	0.271025538445
2.73688836269e-08	-0.305974721909
2.74097893994e-08	0.330049991608
2.74506951719e-08	-0.363529443741
2.74916009444e-08	0.412119626999
2.75325067168e-08	-0.453306674957
2.75734124893e-08	0.473382949829
2.76143182618e-08	-0.490557193756
2.76552240343e-08	0.523358345032
2.76961298067e-08	-0.558581352234
2.77370355792e-08	0.569736003876
2.77779413517e-08	-0.560134410858
2.78188471242e-08	0.557513237
2.78597528966e-08	-0.56757068634
2.79006586691e-08	0.559090137482
2.79415644416e-08	-0.51451587677
2.79824702141e-08	0.460096359253
2.80233759865e-08	-0.421123027802
2.8064281759e-08	0.377109527588
2.81051875315e-08	-0.291848182678
2.8146093304e-08	0.176069259644
2.81869990764e-08	-0.0698761940002
2.82279048489e-08	-0.0289640426636
2.82688106214e-08	0.158563137054
2.83097163939e-08	-0.331162452698
2.83506221663e-08	0.513528347015
2.83915279388e-08	-0.676568984985
2.84324337113e-08	0.847832202911
2.84733394838e-08	-1.06423187256
2.85142452562e-08	1.30554103851
2.85551510287e-08	-1.5257692337
2.85960568012e-08	1.72670459747
2.86369625737e-08	-1.95537567139
2.86778683462e-08	2.21677780151
2.87187741186e-08	-2.45890808105
2.87596798911e-08	2.65495109558
2.88005856636e-08	-2.8499546051
2.88414914361e-08	3.06624603271
2.88823972085e-08	-3.26382446289
2.8923302981e-08	3.39860534668
2.89642087535e-08	-3.48826599121
2.9005114526e-08	3.57569122314
2.90460202984e-08	-3.64058685303
2.90869260709e-08	3.62872695923
2.91278318434e-08	-3.52669906616
2.91687376159e-08	3.38694381714
2.92096433883e-08	-3.2212600708
2.92505491608e-08	2.96647644043
2.92914549333e-08	-2.58106231689
2.93323607058e-08	2.11917495728
2.93732664782e-08	-1.62973403931
2.94141722507e-08	1.05055999756
2.94550780232e-08	-0.313293457031
2.94959837957e-08	-0.535085678101
2.95368895681e-08	1.412525177
2.95777953406e-08	-2.35285949707
2.96187011131e-08	3.44252586365
2.96596068856e-08	-4.67817115784
2.9700512658e-08	5.94271278381
2.97414184305e-08	-7.19493103027
2.9782324203e-08	8.54714584351
2.98232299755e-08	-10.0465316772
2.98641357479e-08	11.5817947388
2.99050415204e-08	-13.0011978149
2.99459472929e-08	14.3844985962
2.99868530654e-08	-15.8787689209
3.00277588378e-08	17.3935394287
3.00686646103e-08	-18.7031555176
3.01095703828e-08	19.7676544189
3.01504761553e-08	-20.8116607666
3.01913819277e-08	21.8295440674
3.02322877002e-08	-22.5953674316
3.02731934727e-08	22.8911437988
3.03140992452e-08	-22.902557373
3.03550050176e-08	22.7948913574
3.03959107901e-08	-22.4183959961
3.04368165626e-08	21.4528198242
3.04777223351e-08	-19.8012695312
3.05186281075e-08	17.8946533203
3.055953388e-08	-15.7421569824
3.06004396525e-08	12.9330444336
3.0641345425e-08	-9.21026611328
3.06822511974e-08	4.93536376953
3.07231569699e-08	-0.420394897461
3.07640627424e-08	-4.59428405762
3.08049685149e-08	10.5805511475
3.08458742873e-08	-17.379486084
3.08867800598e-08	24.4586639404
3.09276858323e-08	-31.7577972412
3.09685916048e-08	39.6748199463
3.10094973772e-08	-48.5396728516
3.10504031497e-08	57.7084960938
3.10913089222e-08	-66.6504211426
3.11322146947e-08	75.6377563477
3.11731204672e-08	-85.2117919922
3.12140262396e-08	94.9886474609
3.12549320121e-08	-104.119018555
3.12958377846e-08	112.419189453
3.13367435571e-08	-120.446533203
3.13776493295e-08	128.293457031
3.1418555102e-08	-135.030273438
3.14594608745e-08	139.973144531
3.1500366647e-08	-143.404907227
3.15412724194e-08	145.785766602
3.15821781919e-08	-146.569458008
3.16230839644e-08	144.581787109
3.16639897369e-08	-139.90246582
3.17048955093e-08	132.784179688
3.17458012818e-08	-123.499267578
3.17867070543e-08	110.924438477
3.18276128268e-08	-94.2019042969
3.18685185992e-08	74.2393798828
3.19094243717e-08	-51.0541992188
3.19503301442e-08	24.6568603516
3.19912359167e-08	6.61120605469
3.20321416891e-08	-41.7919921875
3.20730474616e-08	80.3713378906
3.21139532341e-08	-122.208740234
3.21548590066e-08	167.905029297
3.2195764779e-08	-217.949829102
3.22366705515e-08	270.133056641
3.2277576324e-08	-325.027587891
3.23184820965e-08	381.551269531
3.23593878689e-08	-440.888671875
3.24002936414e-08	501.052001953
3.24411994139e-08	-560.275390625
3.24821051864e-08	619.321289062
3.25230109588e-08	-676.5
3.25639167313e-08	732.16796875
3.26048225038e-08	-782.630859375
3.26457282763e-08	826.971679688
3.26866340487e-08	-866.251953125
3.27275398212e-08	897.990234375
3.27684455937e-08	-919.3125
3.28093513662e-08	928.915039062
3.28502571386e-08	-926.1640625
3.28911629111e-08	910.899414062
3.29320686836e-08	-879.721679688
3.29729744561e-08	829.192382812
3.30138802285e-08	-760.357421875
3.3054786001e-08	672.46484375
3.30956917735e-08	-564.701171875
3.3136597546e-08	432.901367188
3.31775033184e-08	-274.915039062
3.32184090909e-08	95.349609375
3.32593148634e-08	105.826171875
3.33002206359e-08	-333.4609375
3.33411264083e-08	587.229003906
3.33820321808e-08	-866.520507812
3.34229379533e-08	1162.07714844
3.34638437258e-08	-1478.60986328
3.35047494982e-08	1818.13378906
3.35456552707e-08	-2174.58691406
3.35865610432e-08	2543.10546875
3.36274668157e-08	-2913.1640625
3.36683725882e-08	3293.34960938
3.37092783606e-08	-3674.9296875
3.37501841331e-08	4052.796875
3.37910899056e-08	-4409.20703125
3.38319956781e-08	4744.10546875
3.38729014505e-08	-5061.0859375
3.3913807223e-08	5340.625
3.39547129955e-08	-5576.9375
3.3995618768e-08	5746.9609375
3.40365245404e-08	-5861.0703125
3.40774303129e-08	5911.9140625
3.41183360854e-08	-5873.1328125
3.41592418579e-08	5738.546875
3.42001476303e-08	-5495.4765625
3.42410534028e-08	5148.1640625
3.42819591753e-08	-4689.1328125
3.43228649478e-08	4086.421875
3.43637707202e-08	-3338.765625
3.44046764927e-08	2456.8125
3.44455822652e-08	-1428.8671875
3.44864880377e-08	249.01171875
3.45273938101e-08	1099.0859375
3.45682995826e-08	-2604.9296875
3.46092053551e-08	4252.6640625
3.46501111276e-08	-6035.640625
3.46910169e-08	7979.7109375
3.47319226725e-08	-10054.3554688
3.4772828445e-08	12228.5625
3.48137342175e-08	-14511.96875
3.48546399899e-08	16840.8828125
3.48955457624e-08	-19249.703125
3.49364515349e-08	21689.125
3.49773573074e-08	-24069.671875
3.50182630798e-08	26419.078125
3.50591688523e-08	-28676.09375
3.51000746248e-08	30800.65625
3.51409803973e-08	-32733.21875
3.51818861697e-08	34388.34375
3.52227919422e-08	-35793.28125
3.52636977147e-08	36806.6875
3.53046034872e-08	-37412.1875
3.53455092596e-08	37541.90625
3.53864150321e-08	-37100.8125
3.54273208046e-08	36069.6875
3.54682265771e-08	-34365.9375
3.55091323495e-08	31934.90625
3.5550038122e-08	-28688.65625
3.55909438945e-08	24608.8125
3.5631849667e-08	-19646.75
3.56727554394e-08	13799.53125
3.57136612119e-08	-6876.6875
3.57545669844e-08	-933.90625
3.57954727569e-08	9734.546875
3.58363785293e-08	-19561.5
3.58772843018e-08	30344.625
3.59181900743e-08	-42055.375
3.59590958468e-08	54563.71875
3.60000016192e-08	-67950.21875
3.60409073917e-08	82005.375
3.60818131642e-08	-96651.5
3.61227189367e-08	111646.1875
3.61636247092e-08	-126992.25
3.62045304816e-08	142321.25
3.62454362541e-08	-157508.125
3.62863420266e-08	172387.875
3.63272477991e-08	-186369.25
3.63681535715e-08	199504.375
3.6409059344e-08	-211294
3.64499651165e-08	221574.25
3.6490870889e-08	-229584.25
3.65317766614e-08	235284.75
3.65726824339e-08	-238319
3.66135882064e-08	238074.25
3.66544939789e-08	-234331.5
3.66953997513e-08	226207.25
3.67363055238e-08	-214323
3.67772112963e-08	197130
3.68181170688e-08	-175073.5
3.68590228412e-08	147732.5
3.68999286137e-08	-113981
3.69408343862e-08	75007.75
3.69817401587e-08	-29541.25
3.70226459311e-08	-22184.375
3.70635517036e-08	80052.125
3.71044574761e-08	-144549
3.71453632486e-08	214639.25
3.7186269021e-08	-290232.125
3.72271747935e-08	372305.875
3.7268080566e-08	-458373
3.73089863385e-08	548605.5
3.73498921109e-08	-642820
3.73907978834e-08	738663.5
3.74317036559e-08	-836378
3.74726094284e-08	933965
3.75135152008e-08	-1029622
3.75544209733e-08	1122400
3.75953267458e-08	-1210575
3.76362325183e-08	1291302
3.76771382907e-08	-1364034
3.77180440632e-08	1424009
3.77589498357e-08	-1471970
3.77998556082e-08	1503404
3.78407613806e-08	-1515972
3.78816671531e-08	1508674
3.79225729256e-08	-1475576
3.79634786981e-08	1419158
3.80043844705e-08	-1331556
3.8045290243e-08	1215072
3.80861960155e-08	-1063068
3.8127101788e-08	877608
3.81680075604e-08	-655098
3.82089133329e-08	392992
3.82498191054e-08	-93226
3.82907248779e-08	-248832
3.83316306503e-08	627170
3.83725364228e-08	-1049415
3.84134421953e-08	1504271
3.84543479678e-08	-2000191
3.84952537402e-08	2528200
3.85361595127e-08	-3082252
3.85770652852e-08	3666682
3.86179710577e-08	-4266902
3.86588768302e-08	4883268
3.86997826026e-08	-5502200
3.87406883751e-08	6119584
3.87815941476e-08	-6725528
3.88224999201e-08	7306488
3.88634056925e-08	-7852248
3.8904311465e-08	8353032
3.89452172375e-08	-8791264
3.898612301e-08	9152176
3.90270287824e-08	-9424984
3.90679345549e-08	9591520
3.91088403274e-08	-9634624
3.91497460999e-08	9537928
3.91906518723e-08	-9291336
3.92315576448e-08	8870000
3.92724634173e-08	-8260160
3.93133691898e-08	7452072
3.93542749622e-08	-6428616
3.93951807347e-08	5176208
3.94360865072e-08	-3681160
3.94769922797e-08	1953176
3.95178980521e-08	33360
3.95588038246e-08	-2281912
3.95997095971e-08	4772800
3.96406153696e-08	-7503480
3.9681521142e-08	10496584
3.97224269145e-08	-13701528
3.9763332687e-08	17099792
3.98042384595e-08	-20699104
3.98451442319e-08	24437776
3.98860500044e-08	-28291104
3.99269557769e-08	32202592
3.99678615494e-08	-36162048
4.00087673218e-08	40066368
4.00496730943e-08	-43860000
4.00905788668e-08	47509536
4.01314846393e-08	-50890848
4.01723904117e-08	53979840
4.02132961842e-08	-56593536
4.02542019567e-08	58745600
4.02951077292e-08	-60320128
4.03360135016e-08	61086848
4.03769192741e-08	-61149824
4.04178250466e-08	60258432
4.04587308191e-08	-58319552
4.04996365915e-08	55316672
4.0540542364e-08	-51067456
4.05814481365e-08	45536000
4.0622353909e-08	-38583616
4.06632596814e-08	30152896
4.07041654539e-08	-20277184
4.07450712264e-08	8747392
4.07859769989e-08	4411232
4.08268827713e-08	-19088864
4.08677885438e-08	35385120
4.09086943163e-08	-53331648
4.09496000888e-08	72710624
4.09905058612e-08	-93386592
4.10314116337e-08	115535872
4.10723174062e-08	-138615296
4.11132231787e-08	162608128
4.11541289512e-08	-187296128
4.11950347236e-08	212209792
4.12359404961e-08	-237432064
4.12768462686e-08	261910784
4.13177520411e-08	-285865728
4.13586578135e-08	308688128
4.1399563586e-08	-329498880
4.14404693585e-08	348322304
4.1481375131e-08	-364199168
4.15222809034e-08	376780800
4.15631866759e-08	-385188864
4.16040924484e-08	389044736
4.16449982209e-08	-387463168
4.16859039933e-08	379873280
4.17268097658e-08	-365770752
4.17677155383e-08	344130048
4.18086213108e-08	-314849280
4.18495270832e-08	276895232
4.18904328557e-08	-230069248
4.19313386282e-08	173749248
4.19722444007e-08	-107726592
4.20131501731e-08	31414272
4.20540559456e-08	55078144
4.20949617181e-08	-151370752
4.21358674906e-08	258606592
4.2176773263e-08	-374939904
4.22176790355e-08	500863488
4.2258584808e-08	-635568384
4.22994905805e-08	777283584
4.23403963529e-08	-926778368
4.23813021254e-08	1080060416
4.24222078979e-08	-1237878784
4.24631136704e-08	1397526528
4.25040194428e-08	-1555200000
4.25449252153e-08	1711566848
4.25858309878e-08	-1861650432
4.26267367603e-08	2002399232
4.26676425327e-08	-2132236288
4.27085483052e-08	2246123520
4.27494540777e-08	-2341330944
4.27903598502e-08	2413174784
4.28312656226e-08	-2458587136
4.28721713951e-08	2473443328
4.29130771676e-08	-2451914752
4.29539829401e-08	2391463936
4.29948887125e-08	-2288265216
4.3035794485e-08	2136848384
4.30767002575e-08	-1933160448
4.311760603e-08	1676232704
4.31585118024e-08	-1361403904
4.31994175749e-08	983435264
4.32403233474e-08	-544180224
4.32812291199e-08	41601024
4.33221348923e-08	528615424
4.33630406648e-08	-1162090496
4.34039464373e-08	1860126720
4.34448522098e-08	-2618269696
4.34857579822e-08	3435042816
4.35266637547e-08	-4308117504
4.35675695272e-08	5222342656
4.36084752997e-08	-6178598912
4.36493810722e-08	7167774720
4.36902868446e-08	-8171433984
4.37311926171e-08	9183961088
4.37720983896e-08	-10185564160
4.38130041621e-08	11171422208
4.38539099345e-08	-12104654848
4.3894815707e-08	12981379072
4.39357214795e-08	-13779828736
4.3976627252e-08	14471708672
4.40175330244e-08	-15032696832
4.40584387969e-08	15434596352
4.40993445694e-08	-15682584576
4.41402503419e-08	15692988416
4.41811561143e-08	-15489761280
4.42220618868e-08	15032795136
4.42629676593e-08	-14277492736
4.43038734318e-08	13224624128
4.43447792042e-08	-11822333952
4.43856849767e-08	10089857024
4.44265907492e-08	-7964917760
4.44674965217e-08	5442060288
4.45084022941e-08	-2542944256
4.45493080666e-08	-790093824
4.45902138391e-08	4532936704
4.46311196116e-08	-8693587968
4.4672025384e-08	13221388288
4.47129311565e-08	-18181988352
4.4753836929e-08	23486652416
4.47947427015e-08	-29083238400
4.48356484739e-08	35019898880
4.48765542464e-08	-41144287232
4.49174600189e-08	47492956160
4.49583657914e-08	-53853749248
4.49992715638e-08	60317859840
4.50401773363e-08	-66680127488
4.50810831088e-08	72788344832
4.51219888813e-08	-78701330432
4.51628946537e-08	84109819904
4.52038004262e-08	-88980717568
4.52447061987e-08	93142188032
4.52856119712e-08	-96442777600
4.53265177436e-08	98719629312
4.53674235161e-08	-99798351872
4.54083292886e-08	99551936512
4.54492350611e-08	-97758609408
4.54901408335e-08	94276157440
4.5531046606e-08	-88948080640
4.55719523785e-08	81585111040
4.5612858151e-08	-72110964736
4.56537639234e-08	60235317248
4.56946696959e-08	-46067286016
4.57355754684e-08	29344727040
4.57764812409e-08	-9957736448
4.58173870133e-08	-11911430144
4.58582927858e-08	36500013056
4.58991985583e-08	-63651053568
4.59401043308e-08	93389455360
4.59810101032e-08	-125454516224
4.60219158757e-08	159781814272
4.60628216482e-08	-196143611904
4.61037274207e-08	234185162752
4.61446331932e-08	-273637834752
4.61855389656e-08	313905381376
4.62264447381e-08	-354927771648
4.62673505106e-08	395572412416
4.63082562831e-08	-435531022336
4.63491620555e-08	474417201152
4.6390067828e-08	-510769233920
4.64309736005e-08	544311607296
4.6471879373e-08	-573994172416
4.65127851454e-08	598974398464
4.65536909179e-08	-618001334272
4.65945966904e-08	630231924736
4.66355024629e-08	-634870300672
4.66764082353e-08	630173204480
4.67173140078e-08	-615871676416
4.67582197803e-08	590123368448
4.67991255528e-08	-552686059520
4.68400313252e-08	501668118528
4.68809370977e-08	-437026029568
4.69218428702e-08	357536104448
4.69627486427e-08	-262150291456
4.70036544151e-08	151065722880
4.70445601876e-08	-22963814400
4.70854659601e-08	-120836063232
4.71263717326e-08	283020099584
4.7167277505e-08	-459660591104
4.72081832775e-08	653418561536
4.724908905e-08	-862208917504
4.72899948225e-08	1.08371063603e+12
4.73309005949e-08	-1.31875209216e+12
4.73718063674e-08	1.56298012262e+12
4.74127121399e-08	-1.81594698547e+12
4.74536179124e-08	2.0734762025e+12
4.74945236848e-08	-2.3337107456e+12
4.75354294573e-08	2.59100822733e+12
4.75763352298e-08	-2.84491880858e+12
4.76172410023e-08	3.08558587494e+12
4.76581467747e-08	-3.31312267264e+12
4.76990525472e-08	3.51999203738e+12
4.77399583197e-08	-3.69855404442e+12
4.77808640922e-08	3.84829069722e+12
4.78217698646e-08	-3.95567746253e+12
4.78626756371e-08	4.02094083277e+12
4.79035814096e-08	-4.03298687386e+12
4.79444871821e-08	3.98387996262e+12
4.79853929545e-08	-3.87437507379e+12
4.8026298727e-08	3.68705326285e+12
4.80672044995e-08	-3.42251850957e+12
4.8108110272e-08	3.07608577638e+12
4.81490160444e-08	-2.63362864742e+12
4.81899218169e-08	2.09988668621e+12
4.82308275894e-08	-1.46367368397e+12
4.82717333619e-08	725801238528
4.83126391343e-08	119636230144
4.83535449068e-08	-1.06814033101e+12
4.83944506793e-08	2.12637581312e+12
4.84353564518e-08	-3.28560594125e+12
