% time-domain voltage integration by openEMS v0.0.35 @Thu May 22 17:17:12 2025
% start-coordinates: (0.02975,0.01725,0) m -> [7,5,1]
% stop-coordinates: (0.02975,0.01725,0.0016) m -> [7,5,2]
% t/s	voltage
0	-0
4.09057724754e-11	6.21923561539e-07
8.18115449508e-11	-2.02124681437e-08
1.22717317426e-10	-1.88823855751e-06
1.63623089902e-10	-3.84279519494e-06
2.04528862377e-10	-4.13449743064e-06
2.45434634852e-10	-1.39587632475e-06
2.86340407328e-10	4.32571005149e-06
3.27246179803e-10	1.10332830445e-05
3.68151952279e-10	1.51384674609e-05
4.09057724754e-10	1.27919101942e-05
4.49963497229e-10	1.86866714103e-06
4.90869269705e-10	-1.60826020874e-05
5.3177504218e-10	-3.49125475623e-05
5.72680814656e-10	-4.49022008979e-05
6.13586587131e-10	-3.61907441402e-05
6.54492359607e-10	-3.95993538405e-06
6.95398132082e-10	4.65021730633e-05
7.36303904557e-10	9.76951851044e-05
7.77209677033e-10	0.000123321995488
8.18115449508e-10	9.80518743745e-05
8.59021221984e-10	1.13090482046e-05
8.99926994459e-10	-0.000120454125863
9.40832766934e-10	-0.000250300770858
9.8173853941e-10	-0.000311858253554
1.02264431189e-09	-0.000245276722126
1.06355008436e-09	-3.06480724248e-05
1.10445585684e-09	0.000285539281322
1.14536162931e-09	0.000587538757827
1.18626740179e-09	0.000721824821085
1.22717317426e-09	0.000559867650736
1.26807894674e-09	7.16358917998e-05
1.30898471921e-09	-0.000623858824838
1.34989049169e-09	-0.00126495736185
1.39079626416e-09	-0.00152726157103
1.43170203664e-09	-0.00116165622603
1.47260780911e-09	-0.000140236181323
1.51351358159e-09	0.00126033218112
1.55441935407e-09	0.00249908841215
1.59532512654e-09	0.002952194307
1.63623089902e-09	0.00218749628402
1.67713667149e-09	0.000223933719099
1.71804244397e-09	-0.00235524727032
1.75894821644e-09	-0.00452980306
1.79985398892e-09	-0.00521102687344
1.84075976139e-09	-0.00373421795666
1.88166553387e-09	-0.000268486328423
1.92257130634e-09	0.00407159561291
1.96347707882e-09	0.00753312045708
2.00438285129e-09	0.00839623808861
2.04528862377e-09	0.00576882204041
2.08619439625e-09	0.000154997513164
2.12710016872e-09	-0.00651316810399
2.1680059412e-09	-0.0114954439923
2.20891171367e-09	-0.0123420562595
2.24981748615e-09	-0.00804275553674
2.29072325862e-09	0.000297142134514
2.3316290311e-09	0.00963879842311
2.37253480357e-09	0.0160928368568
2.41344057605e-09	0.0165331475437
2.45434634852e-09	0.010074662976
2.495252121e-09	-0.0012747788569
2.53615789348e-09	-0.0131816221401
2.57706366595e-09	-0.0206502191722
2.61796943843e-09	-0.0201447978616
2.6588752109e-09	-0.0112582072616
2.69978098338e-09	0.00286224577576
2.74068675585e-09	0.0166233964264
2.78159252833e-09	0.0242477785796
2.8224983008e-09	0.0222574528307
2.86340407328e-09	0.0110887074843
2.90430984575e-09	-0.00492529105395
2.94521561823e-09	-0.0192713439465
2.9861213907e-09	-0.0259804539382
3.02702716318e-09	-0.0221904553473
3.06793293566e-09	-0.00941430125386
3.10883870813e-09	0.00706775393337
3.14974448061e-09	0.0204477123916
3.19065025308e-09	0.0252879392356
3.23155602556e-09	0.0198087450117
3.27246179803e-09	0.00657058740035
3.31336757051e-09	-0.00872284919024
3.35427334298e-09	-0.0197379738092
3.39517911546e-09	-0.0222084783018
3.43608488793e-09	-0.0156360901892
3.47699066041e-09	-0.00329677015543
3.51789643289e-09	0.00936842150986
3.55880220536e-09	0.0171891711652
3.59970797784e-09	0.0174191761762
3.64061375031e-09	0.0106912739575
3.68151952279e-09	0.000450021703728
3.72242529526e-09	-0.00876652728766
3.76333106774e-09	-0.0133465789258
3.80423684021e-09	-0.0120190735906
3.84514261269e-09	-0.00611032685265
3.88604838516e-09	0.00134102557786
3.92695415764e-09	0.00709107564762
3.96785993011e-09	0.00908444821835
4.00876570259e-09	0.00714109092951
4.04967147507e-09	0.00273488857783
4.09057724754e-09	-0.00190412322991
4.13148302002e-09	-0.0048636929132
4.17238879249e-09	-0.00529720587656
4.21329456497e-09	-0.00357185769826
4.25420033744e-09	-0.000861805805471
4.29510610992e-09	0.00152490742039
4.33601188239e-09	0.00273010553792
4.37691765487e-09	0.00259661884047
4.41782342734e-09	0.00154946628027
4.45872919982e-09	0.000251930148806
4.49963497229e-09	-0.000745730067138
4.54054074477e-09	-0.00119798199739
4.58144651725e-09	-0.00115228304639
4.62235228972e-09	-0.000806126161478
4.6632580622e-09	-0.000353563198587
4.70416383467e-09	8.94678960321e-05
4.74506960715e-09	0.000467631733045
4.78597537962e-09	0.000728811894078
4.8268811521e-09	0.000795572355855
4.86778692457e-09	0.000598510028794
4.90869269705e-09	0.000147374536027
4.94959846952e-09	-0.000421018223278
4.990504242e-09	-0.000869998126291
5.03141001448e-09	-0.000968559877947
5.07231578695e-09	-0.000622318300884
5.11322155943e-09	4.91415667057e-05
5.1541273319e-09	0.000744877266698
5.19503310438e-09	0.0011211266974
5.23593887685e-09	0.000968551263213
5.27684464933e-09	0.000332751544192
5.3177504218e-09	-0.000492411723826
5.35865619428e-09	-0.00110302784014
5.39956196675e-09	-0.00118769181427
5.44046773923e-09	-0.000689895241521
5.4813735117e-09	0.000156088499352
5.52227928418e-09	0.000937488570344
5.56318505666e-09	0.00126811256632
5.60409082913e-09	0.000982147408649
5.64499660161e-09	0.000217916065594
5.68590237408e-09	-0.000650820671581
5.72680814656e-09	-0.00120072346181
5.76771391903e-09	-0.00116783857811
5.80861969151e-09	-0.000574849080294
5.84952546398e-09	0.000284370995359
5.89043123646e-09	0.000992598943412
5.93133700893e-09	0.00121435930487
5.97224278141e-09	0.000855941791087
6.01314855388e-09	0.000103641184978
6.05405432636e-09	-0.000674327253364
6.09496009884e-09	-0.0011099454714
6.13586587131e-09	-0.00101058545988
6.17677164379e-09	-0.000443510944024
6.21767741626e-09	0.000306783855194
6.25858318874e-09	0.000882270804141
6.29948896121e-09	0.00102305377368
6.34039473369e-09	0.000684383499902
6.38130050616e-09	4.67037825729e-05
6.42220627864e-09	-0.000580209773034
6.46311205111e-09	-0.000908181711566
6.50401782359e-09	-0.000802929105703
6.54492359607e-09	-0.000337164528901
6.58582936854e-09	0.000255316088442
6.62673514102e-09	0.000697032373864
6.66764091349e-09	0.000796787324362
6.70854668597e-09	0.000531395839062
6.74945245844e-09	4.48439095635e-05
6.79035823092e-09	-0.000428906671004
6.83126400339e-09	-0.000678525073454
6.87216977587e-09	-0.000609165115748
6.91307554834e-09	-0.000276148086414
6.95398132082e-09	0.000152057255036
6.99488709329e-09	0.000478818285046
7.03579286577e-09	0.000569569296204
7.07669863825e-09	0.000405969942221
7.11760441072e-09	8.29033451737e-05
7.1585101832e-09	-0.00024472764926
7.19941595567e-09	-0.000436264905147
7.24032172815e-09	-0.000424993573688
7.28122750062e-09	-0.000238311506109
7.3221332731e-09	2.57171486737e-05
7.36303904557e-09	0.000249345699558
7.40394481805e-09	0.000347353663528
7.44485059052e-09	0.000297425838653
7.485756363e-09	0.000139109382872
7.52666213547e-09	-5.25354334968e-05
7.56756790795e-09	-0.000202425566386
7.60847368043e-09	-0.000263307680143
7.6493794529e-09	-0.000226515781833
7.69028522538e-09	-0.000116225950478
7.73119099785e-09	2.52019162872e-05
7.77209677033e-09	0.000152285385411
7.8130025428e-09	0.000227268319577
7.85390831528e-09	0.000226923599257
7.89481408775e-09	0.000147599013872
7.93571986023e-09	9.0983157861e-06
7.9766256327e-09	-0.000145592493936
8.01753140518e-09	-0.000259308464592
8.05843717766e-09	-0.000279926520307
8.09934295013e-09	-0.000184599761269
8.14024872261e-09	2.34544086197e-06
8.18115449508e-09	0.000210092126508
8.22206026756e-09	0.000345998560078
8.26296604003e-09	0.000337106786901
8.30387181251e-09	0.000169798484421
8.34477758498e-09	-9.40844256547e-05
8.38568335746e-09	-0.000337466510246
8.42658912993e-09	-0.000439832016127
8.46749490241e-09	-0.000337835081154
8.50840067488e-09	-6.37852790533e-05
8.54930644736e-09	0.000261015724391
8.59021221984e-09	0.000479567592265
8.63111799231e-09	0.000475936627481
8.67202376479e-09	0.000237569533056
8.71292953726e-09	-0.000130727814394
8.75383530974e-09	-0.000452328065876
8.79474108221e-09	-0.000564336136449
8.83564685469e-09	-0.000401295226766
8.87655262716e-09	-3.35376353178e-05
8.91745839964e-09	0.000362313177902
8.95836417211e-09	0.000588945345953
8.99926994459e-09	0.000528162985574
9.04017571706e-09	0.000203672301723
9.08108148954e-09	-0.000226922740694
9.12198726202e-09	-0.000549093063455
9.16289303449e-09	-0.000599635357503
9.20379880697e-09	-0.00035089571611
9.24470457944e-09	7.33110573492e-05
9.28561035192e-09	0.000459445873275
9.32651612439e-09	0.000612707051914
9.36742189687e-09	0.000456748966826
9.40832766934e-09	7.29490493541e-05
9.44923344182e-09	-0.000341703736922
9.49013921429e-09	-0.000576415273827
9.53104498677e-09	-0.000514961779118
9.57195075925e-09	-0.000194378444576
9.61285653172e-09	0.000216154352529
9.6537623042e-09	0.000504755356815
9.69466807667e-09	0.000527256343048
9.73557384915e-09	0.000280356849544
9.77647962162e-09	-0.000100128687336
9.8173853941e-09	-0.000413460831624
9.85829116657e-09	-0.000500409572851
9.89919693905e-09	-0.000325361004798
9.94010271152e-09	9.03286127141e-06
9.981008484e-09	0.000320810737321
1.00219142565e-08	0.000447633734439
1.0062820029e-08	0.000331974151777
1.01037258014e-08	4.77700850752e-05
1.01446315739e-08	-0.00024429577752
1.01855373464e-08	-0.00038691755617
1.02264431189e-08	-0.0003111588303
1.02673488913e-08	-7.01942917658e-05
1.03082546638e-08	0.000194625288714
1.03491604363e-08	0.000334948999807
1.03900662088e-08	0.000278217514278
1.04309719812e-08	6.57308555674e-05
1.04718777537e-08	-0.000174497923581
1.05127835262e-08	-0.000302882894175
1.05536892987e-08	-0.000247997581027
1.05945950711e-08	-4.63324831799e-05
1.06355008436e-08	0.000180184651981
1.06764066161e-08	0.000296097510727
1.07173123886e-08	0.000231799422181
1.0758218161e-08	2.42563073698e-05
1.07991239335e-08	-0.000203875344596
1.0840029706e-08	-0.000315053097438
1.08809354785e-08	-0.000237952292082
1.09218412509e-08	-1.15960283438e-05
1.09627470234e-08	0.000234696373809
1.10036527959e-08	0.000354663498001
1.10445585684e-08	0.000270032731351
1.10854643408e-08	1.91709405044e-05
1.11263701133e-08	-0.000259768130491
1.11672758858e-08	-0.000404960941523
1.12081816583e-08	-0.0003241795348
1.12490874307e-08	-5.10699537699e-05
1.12899932032e-08	0.000268432981102
1.13308989757e-08	0.000453893240774
1.13718047482e-08	0.000391912704799
1.14127105206e-08	0.000104619590275
1.14536162931e-08	-0.000256819475908
1.14945220656e-08	-0.000492484425195
1.15354278381e-08	-0.000463899312308
1.15763336105e-08	-0.000174420289113
1.1617239383e-08	0.000225731433602
1.16581451555e-08	0.000517512788065
1.1699050928e-08	0.000533803715371
1.17399567004e-08	0.000254664279055
1.17808624729e-08	-0.000176540925168
1.18217682454e-08	-0.00052627135301
1.18626740179e-08	-0.000597237434704
1.19035797903e-08	-0.00034052823321
1.19444855628e-08	0.000112116242235
1.19853913353e-08	0.000516710686497
1.20262971078e-08	0.000648464250844
1.20672028802e-08	0.000426189275458
1.21081086527e-08	-3.73108923668e-05
1.21490144252e-08	-0.000491581158713
1.21899201977e-08	-0.000685084029101
1.22308259701e-08	-0.000504942901898
1.22717317426e-08	-4.18106865254e-05
1.23126375151e-08	0.000454710767372
1.23535432876e-08	0.000709572690539
1.239444906e-08	0.000575861078687
1.24353548325e-08	0.000120284181321
1.2476260605e-08	-0.000410793261835
1.25171663775e-08	-0.000724414770957
1.25580721499e-08	-0.000641201622784
1.25989779224e-08	-0.000198746740352
1.26398836949e-08	0.000362887076335
1.26807894674e-08	0.000732516520657
1.27216952399e-08	0.000701096781995
1.27626010123e-08	0.000278237304883
1.28035067848e-08	-0.000308696704451
1.28444125573e-08	-0.000734647444915
1.28853183298e-08	-0.000757730857003
1.29262241022e-08	-0.00035822665086
1.29671298747e-08	0.000248345197178
1.30080356472e-08	0.000728330865968
1.30489414197e-08	0.000810993893538
1.30898471921e-08	0.000441282842075
1.31307529646e-08	-0.000181854527909
1.31716587371e-08	-0.000713720917702
1.32125645096e-08	-0.00085699360352
1.3253470282e-08	-0.000525605864823
1.32943760545e-08	0.000105219194666
1.3335281827e-08	0.000688345287926
1.33761875995e-08	0.000895961653441
1.34170933719e-08	0.000607485068031
1.34579991444e-08	-2.21538357437e-05
1.34989049169e-08	-0.000648581364658
1.35398106894e-08	-0.000923315412365
1.35807164618e-08	-0.000686330313329
1.36216222343e-08	-6.37276752968e-05
1.36625280068e-08	0.000599438033532
1.37034337793e-08	0.000935273594223
1.37443395517e-08	0.000755173270591
1.37852453242e-08	0.000152134831296
1.38261510967e-08	-0.000542410416529
1.38670568692e-08	-0.000938556040637
1.39079626416e-08	-0.000812799786218
1.39488684141e-08	-0.00023420486832
1.39897741866e-08	0.000479160022223
1.40306799591e-08	0.000931650109123
1.40715857315e-08	0.000864572706632
1.4112491504e-08	0.0003104035859
1.41533972765e-08	-0.000419431540649
1.4194303049e-08	-0.000917011871934
1.42352088214e-08	-0.000905318127479
1.42761145939e-08	-0.000384411541745
1.43170203664e-08	0.000360049161827
1.43579261389e-08	0.000906106608454
1.43988319113e-08	0.000942001002841
1.44397376838e-08	0.000447851896752
1.44806434563e-08	-0.000303165026708
1.45215492288e-08	-0.000894093362149
1.45624550012e-08	-0.000984519138001
1.46033607737e-08	-0.000512085214723
1.46442665462e-08	0.000257028383203
1.46851723187e-08	0.000888301467057
1.47260780911e-08	0.00102782819886
1.47669838636e-08	0.000586214708164
1.48078896361e-08	-0.000204106967431
1.48487954086e-08	-0.000895845994819
1.4889701181e-08	-0.00108716124669
1.49306069535e-08	-0.000665250932798
1.4971512726e-08	0.000142032266012
1.50124184985e-08	0.000895073811989
1.50533242709e-08	0.00116288522258
1.50942300434e-08	0.000770680955611
1.51351358159e-08	-7.08719962859e-05
1.51760415884e-08	-0.000890319119208
1.52169473609e-08	-0.00123416818678
1.52578531333e-08	-0.000897594087292
1.52987589058e-08	-3.70860871044e-05
1.53396646783e-08	0.000875606376212
1.53805704508e-08	0.00131532084197
1.54214762232e-08	0.00102926476393
1.54623819957e-08	0.000166603495018
1.55032877682e-08	-0.000820191693492
1.55441935407e-08	-0.00138645013794
1.55850993131e-08	-0.00118669483345
1.56260050856e-08	-0.000314291362884
1.56669108581e-08	0.000745997123886
1.57078166306e-08	0.00142118462827
1.5748722403e-08	0.0013380915625
1.57896281755e-08	0.000504170719068
1.5830533948e-08	-0.000642086437438
1.58714397205e-08	-0.00144896272104
1.59123454929e-08	-0.00146618927829
1.59532512654e-08	-0.000688406755216
1.59941570379e-08	0.000486879347591
1.60350628104e-08	0.00143481616396
1.60759685828e-08	0.00160111114383
1.61168743553e-08	0.000872269039974
1.61577801278e-08	-0.000335828837706
1.61986859003e-08	-0.00137140683364
1.62395916727e-08	-0.00168833439238
1.62804974452e-08	-0.00107698445208
1.63214032177e-08	0.000161250398378
1.63623089902e-08	0.0013166036224
1.64032147626e-08	0.00174011709169
1.64441205351e-08	0.00122729223222
1.64850263076e-08	3.9956481487e-05
1.65259320801e-08	-0.00121122726705
1.65668378525e-08	-0.0018031244399
1.6607743625e-08	-0.00137105293106
1.66486493975e-08	-0.000187326135347
1.668955517e-08	0.00108796323184
1.67304609424e-08	0.00179888971616
1.67713667149e-08	0.00152593164239
1.68122724874e-08	0.000359965051757
1.68531782599e-08	-0.0010175491916
1.68940840323e-08	-0.00179906340782
1.69349898048e-08	-0.00160118041094
1.69758955773e-08	-0.000533472863026
1.70168013498e-08	0.000884909240995
1.70577071222e-08	0.00184144428931
1.70986128947e-08	0.00172159541398
1.71395186672e-08	0.000632516399492
1.71804244397e-08	-0.000779765774496
1.72213302121e-08	-0.00180156284478
1.72622359846e-08	-0.00186317018233
1.73031417571e-08	-0.00081677507842
1.73440475296e-08	0.000733184395358
1.7384953302e-08	0.00182972312905
1.74258590745e-08	0.00191598769743
1.7466764847e-08	0.000987146166153
1.75076706195e-08	-0.000561584311072
1.75485763919e-08	-0.0018821451813
1.75894821644e-08	-0.00209493446164
1.76303879369e-08	-0.00109551427886
1.76712937094e-08	0.000459994393168
1.77121994819e-08	0.00180188880768
1.77531052543e-08	0.00224757147953
1.77940110268e-08	0.00137578474823
1.78349167993e-08	-0.000367663335055
1.78758225718e-08	-0.00185270200018
1.79167283442e-08	-0.00228972057812
1.79576341167e-08	-0.0015685922699
1.79985398892e-08	7.2074115451e-05
1.80394456617e-08	0.00183146074414
1.80803514341e-08	0.00253264862113
1.81212572066e-08	0.00172591558658
1.81621629791e-08	6.10163915553e-05
1.82030687516e-08	-0.00163303490262
1.8243974524e-08	-0.00260282633826
1.82848802965e-08	-0.00211806991138
1.8325786069e-08	-0.000274015270406
1.83666918415e-08	0.00165422994178
1.84075976139e-08	0.00257529807277
1.84485033864e-08	0.00224199984223
1.84894091589e-08	0.000717865361366
1.85303149314e-08	-0.00144965678919
1.85712207038e-08	-0.00280963862315
1.86121264763e-08	-0.0024201925844
1.86530322488e-08	-0.000808374607004
1.86939380213e-08	0.00110766652506
1.87348437937e-08	0.00266170501709
1.87757495662e-08	0.00283036846668
1.88166553387e-08	0.00115195929538
1.88575611112e-08	-0.00113880855497
1.88984668836e-08	-0.00254879239947
1.89393726561e-08	-0.00274132029153
1.89802784286e-08	-0.00163132965099
1.90211842011e-08	0.000706540420651
1.90620899735e-08	0.00276532373391
1.9102995746e-08	0.0029465907719
1.91439015185e-08	0.00154723098967
1.9184807291e-08	-0.000350193673512
1.92257130634e-08	-0.00233601499349
1.92666188359e-08	-0.00330371316522
1.93075246084e-08	-0.00205762451515
1.93484303809e-08	0.000487802841235
1.93893361533e-08	0.00227854889818
1.94302419258e-08	0.00294906203635
1.94711476983e-08	0.00243265554309
1.95120534708e-08	0.000233978847973
1.95529592432e-08	-0.00252010067925
1.95938650157e-08	-0.00332555919886
1.96347707882e-08	-0.00216646096669
1.96756765607e-08	-0.000395520270104
1.97165823331e-08	0.0017420980148
1.97574881056e-08	0.00360453384928
1.97983938781e-08	0.00297789857723
1.98392996506e-08	0.000225043680985
1.9880205423e-08	-0.00200544111431
1.99211111955e-08	-0.0029546234291
1.9962016968e-08	-0.00315155438147
2.00029227405e-08	-0.00133714964613
2.00438285129e-08	0.00209784763865
2.00847342854e-08	0.00378973246552
2.01256400579e-08	0.00276873959228
2.01665458304e-08	0.00114151253365
2.02074516029e-08	-0.000932891678531
2.02483573753e-08	-0.00372225604951
2.02892631478e-08	-0.00413137534633
2.03301689203e-08	-0.00116442970466
2.03710746928e-08	0.00172327703331
2.04119804652e-08	0.00283711100928
2.04528862377e-08	0.00379047729075
2.04937920102e-08	0.00279250298627
2.05346977827e-08	-0.00123435200658
2.05756035551e-08	-0.00434150686488
2.06165093276e-08	-0.00347298849374
2.06574151001e-08	-0.00197403901257
2.06983208726e-08	-0.000224020564929
2.0739226645e-08	0.0032853865996
2.07801324175e-08	0.00554808788002
2.082103819e-08	0.00250083394349
2.08619439625e-08	-0.00118879938964
2.09028497349e-08	-0.0025611454621
2.09437555074e-08	-0.00390818249434
2.09846612799e-08	-0.00468233786523
2.10255670524e-08	-0.000290759606287
2.10664728248e-08	0.00453406805173
2.11073785973e-08	0.0043750400655
2.11482843698e-08	0.00246803089976
2.11891901423e-08	0.0018753282493
2.12300959147e-08	-0.002041492844
2.12710016872e-08	-0.00658918172121
2.13119074597e-08	-0.00446345098317
2.13528132322e-08	0.000686096725985
2.13937190046e-08	0.00194069661666
2.14346247771e-08	0.00324536114931
2.14755305496e-08	0.00626302417368
2.15164363221e-08	0.00277698482387
2.15573420945e-08	-0.00436555733904
2.1598247867e-08	-0.00532506220043
2.16391536395e-08	-0.00236794515513
2.1680059412e-08	-0.00333596812561
2.17209651844e-08	-0.000232486403547
2.17618709569e-08	0.00682751089334
2.18027767294e-08	0.00706069683656
2.18436825019e-08	-0.000494119594805
2.18845882743e-08	-0.00139409280382
2.19254940468e-08	-0.00187742430717
2.19663998193e-08	-0.00657351920381
2.20073055918e-08	-0.00651741214097
2.20482113642e-08	0.00420577125624
2.20891171367e-08	0.00626902421936
2.21300229092e-08	0.00229183793999
2.21709286817e-08	0.0030754446052
2.22118344541e-08	0.00417253281921
2.22527402266e-08	-0.00680286809802
2.22936459991e-08	-0.00963146425784
2.23345517716e-08	-0.000709001091309
2.2375457544e-08	0.00292733171955
2.24163633165e-08	-0.00107198860496
2.2457269089e-08	0.00634046643972
2.24981748615e-08	0.0102537106723
2.25390806339e-08	-0.00208565499634
2.25799864064e-08	-0.0093803005293
2.26208921789e-08	-0.0014663268812
2.26617979514e-08	-0.00187050236855
2.27027037239e-08	-0.00815128907561
2.27436094963e-08	0.00431178556755
2.27845152688e-08	0.0139194978401
2.28254210413e-08	0.00286373961717
2.28663268138e-08	-0.00607863254845
2.29072325862e-08	0.00410657888278
2.29481383587e-08	-0.00396218709648
2.29890441312e-08	-0.0143923740834
2.30299499037e-08	-0.00345623330213
2.30708556761e-08	0.0150963198394
2.31117614486e-08	0.000494116800837
2.31526672211e-08	-7.27635269868e-05
2.31935729936e-08	0.0101464241743
2.3234478766e-08	0.00441192835569
2.32753845385e-08	-0.0219337958843
2.3316290311e-08	-0.00477302866057
2.33571960835e-08	0.00753633584827
2.33981018559e-08	-0.00183487159666
2.34390076284e-08	-0.0070329378359
2.34799134009e-08	0.0229748524725
2.35208191734e-08	0.00867796689272
2.35617249458e-08	-0.0161176007241
2.36026307183e-08	-0.00836793892086
2.36435364908e-08	0.0114592704922
2.36844422633e-08	-0.0160407796502
2.37253480357e-08	-0.0129887871444
2.37662538082e-08	0.022630346939
2.38071595807e-08	0.0178549271077
2.38480653532e-08	-0.0164099372923
2.38889711256e-08	0.000640400219709
2.39298768981e-08	0.0188035462052
2.39707826706e-08	-0.023324271664
2.40116884431e-08	-0.0242666956037
2.40525942155e-08	0.0184461064637
2.4093499988e-08	0.0210569575429
2.41344057605e-08	-0.025945449248
2.4175311533e-08	0.0159273855388
2.42162173054e-08	0.0260673612356
2.42571230779e-08	-0.0138719528913
2.42980288504e-08	-0.0447590425611
2.43389346229e-08	0.0326229296625
2.43798403953e-08	0.000191311701201
2.44207461678e-08	-0.0232241693884
2.44616519403e-08	-0.000501405098476
2.45025577128e-08	0.0645202174783
2.45434634852e-08	-0.0339660905302
2.45843692577e-08	-0.0230900179595
2.46252750302e-08	0.0162758287042
2.46661808027e-08	0.0242716837674
2.47070865751e-08	-0.0732875838876
2.47479923476e-08	0.023990040645
2.47888981201e-08	0.0489914193749
2.48298038926e-08	-0.00695477472618
2.4870709665e-08	-0.0528758689761
2.49116154375e-08	0.064685203135
2.495252121e-08	0.00374964624643
2.49934269825e-08	-0.0731418803334
2.50343327549e-08	-0.00387346511707
2.50752385274e-08	0.0768786743283
2.51161442999e-08	-0.0331385955215
2.51570500724e-08	-0.0518390834332
2.51979558449e-08	0.0898108109832
2.52388616173e-08	0.0149893332273
2.52797673898e-08	-0.0841267928481
2.53206731623e-08	-0.0228069592267
2.53615789348e-08	0.116467706859
2.54024847072e-08	-0.0937230214477
2.54433904797e-08	-0.0268677491695
2.54842962522e-08	0.0639834105968
2.55252020247e-08	0.100207895041
2.55661077971e-08	-0.183978885412
2.56070135696e-08	0.0778097733855
2.56479193421e-08	0.0401975661516
2.56888251146e-08	-0.0111571894959
2.5729730887e-08	-0.18676482141
2.57706366595e-08	0.230048313737
2.5811542432e-08	-0.0349509343505
2.58524482045e-08	-0.0566497445107
2.58933539769e-08	-0.0674249082804
2.59342597494e-08	0.26099550724
2.59751655219e-08	-0.223132520914
2.60160712944e-08	-0.0442167632282
2.60569770668e-08	0.0781807303429
2.60978828393e-08	0.153162553906
2.61387886118e-08	-0.290378600359
2.61796943843e-08	0.129340350628
2.62206001567e-08	0.16536064446
2.62615059292e-08	-0.105097852647
2.63024117017e-08	-0.213975027204
2.63433174742e-08	0.236902520061
2.63842232466e-08	0.0730395242572
2.64251290191e-08	-0.32625618577
2.64660347916e-08	0.136110156775
2.65069405641e-08	0.215479880571
2.65478463365e-08	-0.0680760666728
2.6588752109e-08	-0.382140159607
2.66296578815e-08	0.50574028492
2.6670563654e-08	-0.161249130964
2.67114694264e-08	-0.130476519465
2.67523751989e-08	-0.227013155818
2.67932809714e-08	0.752496421337
2.68341867439e-08	-0.654413461685
2.68750925163e-08	0.16091799736
2.69159982888e-08	-0.0420189499855
2.69569040613e-08	0.613443315029
2.69978098338e-08	-1.08880805969
2.70387156062e-08	0.688679814339
2.70796213787e-08	-0.0979963093996
2.71205271512e-08	0.262422114611
2.71614329237e-08	-0.998450040817
2.72023386961e-08	1.24009215832
2.72432444686e-08	-0.496716171503
2.72841502411e-08	-0.0769762694836
2.73250560136e-08	-0.444487094879
2.7365961786e-08	1.22110199928
2.74068675585e-08	-1.02589178085
2.7447773331e-08	-0.032949604094
2.74886791035e-08	0.422411829233
2.75295848759e-08	0.466533690691
2.75704906484e-08	-1.08493995667
2.76113964209e-08	0.279822796583
2.76523021934e-08	0.97290802002
2.76932079659e-08	-0.965948343277
2.77341137383e-08	-0.209876164794
2.77750195108e-08	0.407582968473
2.78159252833e-08	1.07453155518
2.78568310558e-08	-2.27593135834
2.78977368282e-08	1.66266620159
2.79386426007e-08	-0.391269475222
2.79795483732e-08	0.870402634144
2.80204541457e-08	-2.92544579506
2.80613599181e-08	3.71080327034
2.81022656906e-08	-2.34002947807
2.81431714631e-08	1.24465239048
2.81840772356e-08	-2.59435367584
2.8224983008e-08	4.88747787476
2.82658887805e-08	-4.79401922226
2.8306794553e-08	2.63612604141
2.83477003255e-08	-2.05960512161
2.83886060979e-08	4.29817152023
2.84295118704e-08	-6.23822975159
2.84704176429e-08	4.79867839813
2.85113234154e-08	-2.02578783035
2.85522291878e-08	2.29912376404
2.85931349603e-08	-5.18530464172
2.86340407328e-08	6.0018529892
2.86749465053e-08	-2.86261701584
2.87158522777e-08	-0.113015033305
2.87567580502e-08	-1.2846647501
2.87976638227e-08	4.27939939499
2.88385695952e-08	-3.12565517426
2.88794753676e-08	-1.75100111961
2.89203811401e-08	4.23997735977
2.89612869126e-08	-1.56818401814
2.90021926851e-08	-0.686295866966
2.90430984575e-08	-3.08178424835
2.908400423e-08	9.22938156128
2.91249100025e-08	-10.2708806992
2.9165815775e-08	6.41332817078
2.92067215474e-08	-5.84507417679
2.92476273199e-08	12.4246044159
2.92885330924e-08	-18.676410675
2.93294388649e-08	17.1406497955
2.93703446373e-08	-12.4251480103
2.94112504098e-08	14.4190979004
2.94521561823e-08	-23.1893424988
2.94930619548e-08	27.6017990112
2.95339677272e-08	-22.4192066193
2.95748734997e-08	17.4361000061
2.96157792722e-08	-22.45744133
2.96566850447e-08	31.7207355499
2.96975908171e-08	-31.7928924561
2.97384965896e-08	22.21134758
2.97794023621e-08	-17.8550853729
2.98203081346e-08	25.5940551758
2.9861213907e-08	-32.6326217651
2.99021196795e-08	25.6716442108
2.9943025452e-08	-11.7943115234
2.99839312245e-08	9.16864967346
3.00248369969e-08	-18.4297199249
3.00657427694e-08	19.741186142
3.01066485419e-08	-3.79247832298
3.01475543144e-08	-12.9862728119
3.01884600869e-08	12.4852848053
3.02293658593e-08	-3.80994391441
3.02702716318e-08	11.6845874786
3.03111774043e-08	-36.7100524902
3.03520831768e-08	53.1471405029
3.03929889492e-08	-47.8920478821
3.04338947217e-08	42.5576095581
3.04748004942e-08	-61.5475463867
3.05157062667e-08	92.7536315918
3.05566120391e-08	-103.414367676
3.05975178116e-08	91.9338226318
3.06384235841e-08	-92.0090255737
3.06793293566e-08	121.431411743
3.0720235129e-08	-151.916671753
3.07611409015e-08	149.454315186
3.0802046674e-08	-130.286483765
3.08429524465e-08	136.707229614
3.08838582189e-08	-171.891281128
3.09247639914e-08	190.120117188
3.09656697639e-08	-166.824157715
3.10065755364e-08	138.993118286
3.10474813088e-08	-150.882156372
3.10883870813e-08	181.695846558
3.11292928538e-08	-174.266189575
3.11701986263e-08	123.397315979
3.12111043987e-08	-87.6583938599
3.12520101712e-08	101.608573914
3.12929159437e-08	-114.80506897
3.13338217162e-08	68.5880661011
3.13747274886e-08	12.1935119629
3.14156332611e-08	-51.3058319092
3.14565390336e-08	40.1201324463
3.14974448061e-08	-58.4242935181
3.15383505785e-08	151.319458008
3.1579256351e-08	-254.060852051
3.16201621235e-08	287.428833008
3.1661067896e-08	-282.999969482
3.17019736684e-08	342.283935547
3.17428794409e-08	-475.902984619
3.17837852134e-08	580.454040527
3.18246909859e-08	-591.974487305
3.18655967583e-08	594.143005371
3.19065025308e-08	-690.994506836
3.19474083033e-08	842.653564453
3.19883140758e-08	-912.446533203
3.20292198482e-08	877.810119629
3.20701256207e-08	-879.14239502
3.21110313932e-08	994.290710449
3.21519371657e-08	-1118.44567871
3.21928429381e-08	1100.86315918
3.22337487106e-08	-994.827026367
3.22746544831e-08	976.951721191
3.23155602556e-08	-1073.75195312
3.2356466028e-08	1101.68017578
3.23973718005e-08	-944.38684082
3.2438277573e-08	741.496337891
3.24791833455e-08	-683.241577148
3.25200891179e-08	707.912780762
3.25609948904e-08	-568.273864746
3.26019006629e-08	229.362915039
3.26428064354e-08	78.0856933594
3.26837122079e-08	-189.414001465
3.27246179803e-08	294.495483398
3.27655237528e-08	-651.606018066
3.28064295253e-08	1176.84106445
3.28473352978e-08	-1553.21850586
3.28882410702e-08	1714.15844727
3.29291468427e-08	-1978.34692383
3.29700526152e-08	2549.18212891
3.30109583877e-08	-3194.65576172
3.30518641601e-08	3544.55395508
3.30927699326e-08	-3710.60839844
3.31336757051e-08	4102.48925781
3.31745814776e-08	-4800.28369141
3.321548725e-08	5392.15478516
3.32563930225e-08	-5555.81689453
3.3297298795e-08	5617.08056641
3.33382045675e-08	-6027.85449219
3.33791103399e-08	6645.26953125
3.34200161124e-08	-6904.03662109
3.34609218849e-08	6660.50048828
3.35018276574e-08	-6450.63476562
3.35427334298e-08	6679.56640625
3.35836392023e-08	-6891.57666016
3.36245449748e-08	6479.80273438
3.36654507473e-08	-5579.7890625
3.37063565197e-08	4911.85302734
3.37472622922e-08	-4691.30664062
3.37881680647e-08	4134.70117188
3.38290738372e-08	-2725.39550781
3.38699796096e-08	988.841308594
3.39108853821e-08	258.647460938
3.39517911546e-08	-1168.94580078
3.39926969271e-08	2792.88476562
3.40336026995e-08	-5359.47900391
3.4074508472e-08	7878.53759766
3.41154142445e-08	-9656.02734375
3.4156320017e-08	11342.5605469
3.41972257894e-08	-14068.7207031
3.42381315619e-08	17552.6210938
3.42790373344e-08	-20454.0195312
3.43199431069e-08	22387.2050781
3.43608488793e-08	-24573.4570312
3.44017546518e-08	27958.7832031
3.44426604243e-08	-31600.1894531
3.44835661968e-08	33940.515625
3.45244719692e-08	-35222.6835938
3.45653777417e-08	37106.9765625
3.46062835142e-08	-40163.5351562
3.46471892867e-08	42466.8671875
3.46880950591e-08	-42807.9375
3.47290008316e-08	42158.4765625
3.47699066041e-08	-42523.5820312
3.48108123766e-08	43488.6054688
3.4851718149e-08	-42553.4492188
3.48926239215e-08	39062.7734375
3.4933529694e-08	-35043.375
3.49744354665e-08	32274.5332031
3.50153412389e-08	-29147.0566406
3.50562470114e-08	22978.9453125
3.50971527839e-08	-13997.6171875
3.51380585564e-08	5481.76171875
3.51789643289e-08	1780.70703125
3.52198701013e-08	-10597.421875
3.52607758738e-08	23425.2890625
3.53016816463e-08	-38193.6992188
3.53425874188e-08	51402.9726562
3.53834931912e-08	-63302.28125
3.54243989637e-08	78082.7421875
3.54653047362e-08	-96861.609375
3.55062105087e-08	115821.6875
3.55471162811e-08	-131482.21875
3.55880220536e-08	146133.5625
3.56289278261e-08	-164324.859375
3.56698335986e-08	185521.484375
3.5710739371e-08	-203594.96875
3.57516451435e-08	216401.25
3.5792550916e-08	-228827.09375
3.58334566885e-08	244582
3.58743624609e-08	-260375.84375
3.59152682334e-08	268676.0625
3.59561740059e-08	-270685.96875
3.59970797784e-08	272215.53125
3.60379855508e-08	-276072.53125
3.60788913233e-08	274937.4375
3.61197970958e-08	-262706.6875
3.61607028683e-08	242757.78125
3.62016086407e-08	-223333.28125
3.62425144132e-08	203645.25
3.62834201857e-08	-173602.609375
3.63243259582e-08	128775.359375
3.63652317306e-08	-77735.328125
3.64061375031e-08	28812.625
3.64470432756e-08	24075.796875
3.64879490481e-08	-92687.59375
3.65288548205e-08	175674.25
3.6569760593e-08	-260261.359375
3.66106663655e-08	341013.5625
3.6651572138e-08	-429150.875
3.66924779104e-08	534295.875
3.67333836829e-08	-648947.125
3.67742894554e-08	757173.9375
3.68151952279e-08	-857591.75
3.68561010003e-08	966816.875
3.68970067728e-08	-1089343.5
3.69379125453e-08	1210316
3.69788183178e-08	-1310754.25
3.70197240902e-08	1399793.375
3.70606298627e-08	-1494179.25
3.71015356352e-08	1592934
3.71424414077e-08	-1667953.625
3.71833471801e-08	1709691.875
3.72242529526e-08	-1733750.75
3.72651587251e-08	1755924.5
3.73060644976e-08	-1764364.125
3.734697027e-08	1724543.25
3.73878760425e-08	-1639325.875
3.7428781815e-08	1527744.625
3.74696875875e-08	-1411206.25
3.75105933599e-08	1248950.25
3.75514991324e-08	-1023692.875
3.75924049049e-08	740543
3.76333106774e-08	-435352.375
3.76742164498e-08	116296.25
3.77151222223e-08	275016.25
3.77560279948e-08	-735363.75
3.77969337673e-08	1248341.875
3.78378395398e-08	-1764913.75
3.78787453122e-08	2310222.25
3.79196510847e-08	-2922414.25
3.79605568572e-08	3604148
3.80014626297e-08	-4296572.5
3.80423684021e-08	4965629
3.80832741746e-08	-5653859.5
3.81241799471e-08	6385591.5
3.81650857196e-08	-7157651
3.8205991492e-08	7852109.5
3.82468972645e-08	-8488981
3.8287803037e-08	9103429
3.83287088095e-08	-9729290
3.83696145819e-08	10278778
3.84105203544e-08	-10678697
3.84514261269e-08	10945856
3.84923318994e-08	-11141836
3.85332376718e-08	11258534
3.85741434443e-08	-11168471
3.86150492168e-08	10854230
3.86559549893e-08	-10290910
3.86968607617e-08	9638648
3.87377665342e-08	-8764984
3.87786723067e-08	7586889
3.88195780792e-08	-6064569
3.88604838516e-08	4282989
3.89013896241e-08	-2358421
3.89422953966e-08	112071
3.89832011691e-08	2517548
3.90241069415e-08	-5521132
3.9065012714e-08	8694940
3.91059184865e-08	-12075133
3.9146824259e-08	15728706
3.91877300314e-08	-19794880
3.92286358039e-08	24084180
3.92695415764e-08	-28362168
3.93104473489e-08	32766632
3.93513531213e-08	-37291904
3.93922588938e-08	42075680
3.94331646663e-08	-46694080
3.94740704388e-08	51023396
3.95149762112e-08	-55204712
3.95558819837e-08	59196864
3.95967877562e-08	-63008684
3.96376935287e-08	66166732
3.96785993011e-08	-68516168
3.97195050736e-08	70271544
3.97604108461e-08	-71456880
3.98013166186e-08	71745408
3.9842222391e-08	-70734112
3.98831281635e-08	68298552
3.9924033936e-08	-64914672
3.99649397085e-08	60339556
4.00058454809e-08	-54034600
4.00467512534e-08	45914320
4.00876570259e-08	-35998972
4.01285627984e-08	24630408
4.01694685708e-08	-11611496
4.02103743433e-08	-3533768
4.02512801158e-08	20827864
4.02921858883e-08	-40037680
4.03330916608e-08	60584984
4.03739974332e-08	-82675216
4.04149032057e-08	107019720
4.04558089782e-08	-133164608
4.04967147507e-08	160159264
4.05376205231e-08	-187663104
4.05785262956e-08	216379264
4.06194320681e-08	-245952480
4.06603378406e-08	275692544
4.0701243613e-08	-304553280
4.07421493855e-08	332185728
4.0783055158e-08	-358930688
4.08239609305e-08	384321056
4.08648667029e-08	-406986432
4.09057724754e-08	425794976
4.09466782479e-08	-440271456
4.09875840204e-08	450941280
4.10284897928e-08	-457230944
4.10693955653e-08	456013312
4.11103013378e-08	-447376480
4.11512071103e-08	431544768
4.11921128827e-08	-407926592
4.12330186552e-08	375444608
4.12739244277e-08	-331957664
4.13148302002e-08	277804768
4.13557359726e-08	-212778752
4.13966417451e-08	137736064
4.14375475176e-08	-50322368
4.14784532901e-08	-49597536
4.15193590625e-08	162924192
4.1560264835e-08	-287051936
4.16011706075e-08	419677120
4.164207638e-08	-566942144
4.16829821524e-08	724266112
4.17238879249e-08	-891940672
4.17647936974e-08	1063723136
4.18056994699e-08	-1242874368
4.18466052423e-08	1428930048
4.18875110148e-08	-1616903424
4.19284167873e-08	1803874688
4.19693225598e-08	-1986735616
4.20102283322e-08	2163529728
4.20511341047e-08	-2332416000
4.20920398772e-08	2489083904
4.21329456497e-08	-2626990336
4.21738514221e-08	2740851200
4.22147571946e-08	-2828423680
4.22556629671e-08	2891922944
4.22965687396e-08	-2916856064
4.2337474512e-08	2896480512
4.23783802845e-08	-2833765888
4.2419286057e-08	2719850496
4.24601918295e-08	-2557116928
4.25010976019e-08	2327936000
4.25420033744e-08	-2035011968
4.25829091469e-08	1674444544
4.26238149194e-08	-1245606656
4.26647206918e-08	743905792
4.27056264643e-08	-166030848
4.27465322368e-08	-493112064
4.27874380093e-08	1233302016
4.28283437818e-08	-2028726400
4.28692495542e-08	2914777600
4.29101553267e-08	-3863665664
4.29510610992e-08	4884971008
4.29919668717e-08	-5957377024
4.30328726441e-08	7067525632
4.30737784166e-08	-8227377152
4.31146841891e-08	9420453888
4.31555899616e-08	-10606053376
4.3196495734e-08	11807045632
4.32374015065e-08	-12954052608
4.3278307279e-08	14080765952
4.33192130515e-08	-15144246272
4.33601188239e-08	16099829760
4.34010245964e-08	-16950118400
4.34419303689e-08	17637195776
4.34828361414e-08	-18171265024
4.35237419138e-08	18501779456
4.35646476863e-08	-18592133120
4.36055534588e-08	18396377088
4.36464592313e-08	-17927462912
4.36873650037e-08	17121931264
4.37282707762e-08	-15971694592
4.37691765487e-08	14412483584
4.38100823212e-08	-12437459968
4.38509880936e-08	10027260928
4.38918938661e-08	-7199698944
4.39327996386e-08	3848371200
4.39737054111e-08	-29548544
4.40146111835e-08	-4290569216
4.4055516956e-08	9078596608
4.40964227285e-08	-14331279360
4.4137328501e-08	20098662400
4.41782342734e-08	-26233884672
4.42191400459e-08	32861073408
4.42600458184e-08	-39732060160
4.43009515909e-08	46949294080
4.43418573633e-08	-54384926720
4.43827631358e-08	61960978432
4.44236689083e-08	-69642657792
4.44645746808e-08	77090275328
4.45054804532e-08	-84497186816
4.45463862257e-08	91602370560
4.45872919982e-08	-98133491712
4.46281977707e-08	104169619456
4.46691035431e-08	-109231235072
4.47100093156e-08	113533263872
4.47509150881e-08	-116564697088
4.47918208606e-08	118215802880
4.4832726633e-08	-118470852608
4.48736324055e-08	116765057024
4.4914538178e-08	-113188085760
4.49554439505e-08	107658665984
4.49963497229e-08	-99525640192
4.50372554954e-08	88962514944
4.50781612679e-08	-75760173056
4.51190670404e-08	59668635648
4.51599728128e-08	-40824004608
4.52008785853e-08	18631213056
4.52417843578e-08	6505529344
4.52826901303e-08	-34714075136
4.53235959028e-08	66072420352
4.53645016752e-08	-100561534976
4.54054074477e-08	137602236416
4.54463132202e-08	-178029838336
4.54872189927e-08	220254273536
4.55281247651e-08	-264837758976
4.55690305376e-08	311454072832
4.56099363101e-08	-358871597056
4.56508420826e-08	407746904064
4.5691747855e-08	-455911211008
4.57326536275e-08	503897489408
4.57735594e-08	-550762774528
4.58144651725e-08	594780749824
4.58553709449e-08	-636076490752
4.58962767174e-08	673029816320
4.59371824899e-08	-704335511552
4.59780882624e-08	729410043904
4.60189940348e-08	-747222204416
4.60598998073e-08	755316883456
4.61008055798e-08	-753711644672
4.61417113523e-08	740092608512
4.61826171247e-08	-714748854272
4.62235228972e-08	674724184064
4.62644286697e-08	-618999578624
4.63053344422e-08	547930013696
4.63462402146e-08	-459085479936
4.63871459871e-08	352103596032
4.64280517596e-08	-225798324224
4.64689575321e-08	80729473024
4.65098633045e-08	85087879168
4.6550769077e-08	-270405435392
4.65916748495e-08	474801373184
4.6632580622e-08	-699301036032
4.66734863944e-08	941939163136
4.67143921669e-08	-1.20097210368e+12
4.67552979394e-08	1.47614754406e+12
4.67962037119e-08	-1.7626782761e+12
4.68371094843e-08	2.06279698022e+12
4.68780152568e-08	-2.36697577062e+12
4.69189210293e-08	2.67748062003e+12
4.69598268018e-08	-2.98643881984e+12
4.70007325742e-08	3.2899530752e+12
4.70416383467e-08	-3.58456177459e+12
4.70825441192e-08	3.86307142451e+12
4.71234498917e-08	-4.11857636557e+12
4.71643556641e-08	4.34598549914e+12
4.72052614366e-08	-4.53668188979e+12
4.72461672091e-08	4.68596975206e+12
4.72870729816e-08	-4.78530659942e+12
4.7327978754e-08	4.817420288e+12
4.73688845265e-08	-4.79562563584e+12
4.7409790299e-08	4.68601798656e+12
4.74506960715e-08	-4.50282022502e+12
4.74916018439e-08	4.22209572045e+12
4.75325076164e-08	-3.84274320589e+12
4.75734133889e-08	3.36527071642e+12
4.76143191614e-08	-2.76291308749e+12
4.76552249338e-08	2.05498351616e+12
4.76961307063e-08	-1.21806494106e+12
4.77370364788e-08	261195563008
4.77779422513e-08	834101051392
4.78188480238e-08	-2.03660276531e+12
4.78597537962e-08	3.38216353792e+12
4.79006595687e-08	-4.83876824678e+12
4.79415653412e-08	6.41637233459e+12
4.79824711137e-08	-8.09486516224e+12
4.80233768861e-08	9.86299708211e+12
4.80642826586e-08	-1.17269740913e+13
4.81051884311e-08	1.36396207555e+13
4.81460942036e-08	-1.55958399468e+13
4.8186999976e-08	1.757052561e+13
4.82279057485e-08	-1.95481871319e+13
4.8268811521e-08	2.14567024067e+13
4.83097172935e-08	-2.33290208379e+13
4.83506230659e-08	2.50524267971e+13
4.83915288384e-08	-2.66650737705e+13
4.84324346109e-08	2.80383643976e+13
