% time-domain voltage integration by openEMS v0.0.35 @Thu May 22 17:17:12 2025
% start-coordinates: (-0.03275,0.01725,0) m -> [3,5,1]
% stop-coordinates: (-0.03275,0.01725,0.0016) m -> [3,5,2]
% t/s	voltage
0	-0
4.09057724754e-11	6.21869162387e-07
8.18115449508e-11	-2.13644000269e-08
1.22717317426e-10	-1.89178877008e-06
1.63623089902e-10	-3.84375834983e-06
2.04528862377e-10	-4.12162717112e-06
2.45434634852e-10	-1.36329890665e-06
2.86340407328e-10	4.3692334657e-06
3.27246179803e-10	1.10646087705e-05
3.68151952279e-10	1.51253998411e-05
4.09057724754e-10	1.2708007489e-05
4.49963497229e-10	1.71495230461e-06
4.90869269705e-10	-1.62644428201e-05
5.3177504218e-10	-3.50442751369e-05
5.72680814656e-10	-4.48883765785e-05
6.13586587131e-10	-3.5956632928e-05
6.54492359607e-10	-3.50260438609e-06
6.95398132082e-10	4.70733793918e-05
7.36303904557e-10	9.81560078799e-05
7.77209677033e-10	0.00012338628585
8.18115449508e-10	9.74864597083e-05
8.59021221984e-10	1.0083662346e-05
8.99926994459e-10	-0.000122050187201
9.40832766934e-10	-0.000251654942986
9.8173853941e-10	-0.000312195363222
1.02264431189e-09	-0.00024397643574
1.06355008436e-09	-2.7623389542e-05
1.10445585684e-09	0.000289571617031
1.14536162931e-09	0.000591078831349
1.18626740179e-09	0.000723002769519
1.22717317426e-09	0.000557199062314
1.26807894674e-09	6.48790446576e-05
1.30898471921e-09	-0.000633121700957
1.34989049169e-09	-0.00127340073232
1.39079626416e-09	-0.00153075251728
1.43170203664e-09	-0.00115689868107
1.47260780911e-09	-0.000126581915538
1.51351358159e-09	0.00127971195616
1.55441935407e-09	0.00251743011177
1.59532512654e-09	0.0029611014761
1.63623089902e-09	0.00218024780042
1.67713667149e-09	0.000198997440748
1.71804244397e-09	-0.00239205989055
1.75894821644e-09	-0.00456590810791
1.79985398892e-09	-0.00523083982989
1.84075976139e-09	-0.00372523372062
1.88166553387e-09	-0.000227492826525
1.92257130634e-09	0.00413492042571
1.96347707882e-09	0.00759744318202
2.00438285129e-09	0.00843517482281
2.04528862377e-09	0.00576112652197
2.08619439625e-09	9.45922802202e-05
2.12710016872e-09	-0.00661169039086
2.1680059412e-09	-0.0115991327912
2.20891171367e-09	-0.0124101508409
2.24981748615e-09	-0.00804227776825
2.29072325862e-09	0.000376537966076
2.3316290311e-09	0.00977716594934
2.37253480357e-09	0.01624382101
2.41344057605e-09	0.0166393313557
2.45434634852e-09	0.0100894235075
2.495252121e-09	-0.00136723334435
2.53615789348e-09	-0.0133565561846
2.57706366595e-09	-0.0208482518792
2.61796943843e-09	-0.02029238455
2.6588752109e-09	-0.0112955011427
2.69978098338e-09	0.00295673450455
2.74068675585e-09	0.0168217923492
2.78159252833e-09	0.0244809538126
2.8224983008e-09	0.0224399287254
2.86340407328e-09	0.0111510762945
2.90430984575e-09	-0.00500894896686
2.94521561823e-09	-0.0194723736495
2.9861213907e-09	-0.0262258164585
3.02702716318e-09	-0.0223903357983
3.06793293566e-09	-0.00949638336897
3.10883870813e-09	0.00713090691715
3.14974448061e-09	0.0206289589405
3.19065025308e-09	0.0255172885954
3.23155602556e-09	0.0200013294816
3.27246179803e-09	0.00665930612013
3.31336757051e-09	-0.00876296218485
3.35427334298e-09	-0.0198828093708
3.39517911546e-09	-0.0223973542452
3.43608488793e-09	-0.0157974436879
3.47699066041e-09	-0.0033759418875
3.51789643289e-09	0.00939024332911
3.55880220536e-09	0.0172915849835
3.59970797784e-09	0.0175547525287
3.64061375031e-09	0.0108068063855
3.68151952279e-09	0.000507328542881
3.72242529526e-09	-0.00877827033401
3.76333106774e-09	-0.0134108541533
3.80423684021e-09	-0.0121027426794
3.84514261269e-09	-0.00617921026424
3.88604838516e-09	0.00130886095576
3.92695415764e-09	0.00709919212386
3.96785993011e-09	0.00912034790963
4.00876570259e-09	0.00718457018957
4.04967147507e-09	0.0027677884791
4.09057724754e-09	-0.00189120136201
4.13148302002e-09	-0.00486982660368
4.17238879249e-09	-0.00531425327063
4.21329456497e-09	-0.00358988787048
4.25420033744e-09	-0.000873832672369
4.29510610992e-09	0.00152092624921
4.33601188239e-09	0.00273215118796
4.37691765487e-09	0.00260112830438
4.41782342734e-09	0.00155381241348
4.45872919982e-09	0.000255492603173
4.49963497229e-09	-0.000742197444197
4.54054074477e-09	-0.00119382725097
4.58144651725e-09	-0.00114808499347
4.62235228972e-09	-0.000803747738246
4.6632580622e-09	-0.000355084135663
4.70416383467e-09	8.32726291264e-05
4.74506960715e-09	0.000458219903521
4.78597537962e-09	0.000719545874745
4.8268811521e-09	0.000790279416833
4.86778692457e-09	0.000599654042162
4.90869269705e-09	0.000154767942149
4.94959846952e-09	-0.000410240114434
4.990504242e-09	-0.000860092928633
5.03141001448e-09	-0.000963266124018
5.07231578695e-09	-0.000623251602519
5.11322155943e-09	4.30651380157e-05
5.1541273319e-09	0.000736756715924
5.19503310438e-09	0.00111451384146
5.23593887685e-09	0.000965834944509
5.27684464933e-09	0.000334248645231
5.3177504218e-09	-0.000488329329528
5.35865619428e-09	-0.00109893118497
5.39956196675e-09	-0.00118575710803
5.44046773923e-09	-0.000690909218974
5.4813735117e-09	0.000152944106958
5.52227928418e-09	0.000934083946049
5.56318505666e-09	0.00126638950314
5.60409082913e-09	0.000983192236163
5.64499660161e-09	0.000221506255912
5.68590237408e-09	-0.000646037049592
5.72680814656e-09	-0.00119659036864
5.76771391903e-09	-0.00116592412814
5.80861969151e-09	-0.000575858459342
5.84952546398e-09	0.000280792242847
5.89043123646e-09	0.00098764768336
5.93133700893e-09	0.00120960059576
5.97224278141e-09	0.000852781464346
6.01314855388e-09	0.000102903526567
6.05405432636e-09	-0.000672608090099
6.09496009884e-09	-0.00110647792462
6.13586587131e-09	-0.00100655935239
6.17677164379e-09	-0.000440205913037
6.21767741626e-09	0.000308429123834
6.25858318874e-09	0.000881978310645
6.29948896121e-09	0.00102128635626
6.34039473369e-09	0.000682139769197
6.38130050616e-09	4.50855295639e-05
6.42220627864e-09	-0.000580504653044
6.46311205111e-09	-0.000907202542294
6.50401782359e-09	-0.000801465066615
6.54492359607e-09	-0.000336365425028
6.58582936854e-09	0.000254538084846
6.62673514102e-09	0.000694548012689
6.66764091349e-09	0.000793444749434
6.70854668597e-09	0.000528714503162
6.74945245844e-09	4.43236494903e-05
6.79035823092e-09	-0.00042654783465
6.83126400339e-09	-0.00067381944973
6.87216977587e-09	-0.000603793771006
6.91307554834e-09	-0.000272256642347
6.95398132082e-09	0.000152817927301
6.99488709329e-09	0.0004760735319
7.03579286577e-09	0.000564447662327
7.07669863825e-09	0.000400632678065
7.11760441072e-09	7.95598243712e-05
7.1585101832e-09	-0.000244844326517
7.19941595567e-09	-0.000433453184087
7.24032172815e-09	-0.000420907890657
7.28122750062e-09	-0.000235132596572
7.3221332731e-09	2.63831661869e-05
7.36303904557e-09	0.000247285177466
7.40394481805e-09	0.000343847321346
7.44485059052e-09	0.000294587371172
7.485756363e-09	0.000138793926453
7.52666213547e-09	-4.97300643474e-05
7.56756790795e-09	-0.00019755618996
7.60847368043e-09	-0.000258636340732
7.6493794529e-09	-0.000224421615712
7.69028522538e-09	-0.000118027281133
7.73119099785e-09	1.99542628252e-05
7.77209677033e-09	0.000145692611113
7.8130025428e-09	0.000222150381887
7.85390831528e-09	0.000225501542445
7.89481408775e-09	0.000150455030962
7.93571986023e-09	1.49068746396e-05
7.9766256327e-09	-0.00013945469982
8.01753140518e-09	-0.000255534861935
8.05843717766e-09	-0.000280006264802
8.09934295013e-09	-0.000188147096196
8.14024872261e-09	-2.66500546786e-06
8.18115449508e-09	0.000206231314223
8.22206026756e-09	0.000345226289937
8.26296604003e-09	0.000339726597304
8.30387181251e-09	0.000174339671503
8.34477758498e-09	-9.00970844668e-05
8.38568335746e-09	-0.000336265569786
8.42658912993e-09	-0.000442303396994
8.46749490241e-09	-0.000343043589965
8.50840067488e-09	-6.9380075729e-05
8.54930644736e-09	0.000257670268184
8.59021221984e-09	0.000480128248455
8.63111799231e-09	0.000480322807562
8.67202376479e-09	0.000244001363171
8.71292953726e-09	-0.000124939237139
8.75383530974e-09	-0.000449553626822
8.79474108221e-09	-0.000565568625461
8.83564685469e-09	-0.000405800587032
8.87655262716e-09	-3.92852634832e-05
8.91745839964e-09	0.000357726530638
8.95836417211e-09	0.000587244634517
8.99926994459e-09	0.00052967708325
9.04017571706e-09	0.000207336241147
9.08108148954e-09	-0.000222937000217
9.12198726202e-09	-0.000546546769328
9.16289303449e-09	-0.000599502760451
9.20379880697e-09	-0.000352983275661
9.24470457944e-09	7.01766621205e-05
9.28561035192e-09	0.000456782756373
9.32651612439e-09	0.000611738127191
9.36742189687e-09	0.000457975722384
9.40832766934e-09	7.59468457545e-05
9.44923344182e-09	-0.000338125246344
9.49013921429e-09	-0.000573686556891
9.53104498677e-09	-0.000514223298524
9.57195075925e-09	-0.00019613718905
9.61285653172e-09	0.000212276136153
9.6537623042e-09	0.000500029651448
9.69466807667e-09	0.00052340090042
9.73557384915e-09	0.000278890365735
9.77647962162e-09	-9.84055150184e-05
9.8173853941e-09	-0.000408879248425
9.85829116657e-09	-0.000494557374623
9.89919693905e-09	-0.000320530671161
9.94010271152e-09	1.0837593436e-05
9.981008484e-09	0.000318693404552
1.00219142565e-08	0.000442266493337
1.0062820029e-08	0.000325575179886
1.01037258014e-08	4.32278502558e-05
1.01446315739e-08	-0.000244853727054
1.01855373464e-08	-0.000383136357414
1.02264431189e-08	-0.000304640823742
1.02673488913e-08	-6.39854333713e-05
1.03082546638e-08	0.000197344590561
1.03491604363e-08	0.000332582683768
1.03900662088e-08	0.000271661760053
1.04309719812e-08	5.79254628974e-05
1.04718777537e-08	-0.000179809372639
1.05127835262e-08	-0.000302793399896
1.05536892987e-08	-0.000242081776378
1.05945950711e-08	-3.71048554371e-05
1.06355008436e-08	0.000188547041034
1.06764066161e-08	0.000299704755889
1.07173123886e-08	0.000228703764151
1.0758218161e-08	1.55633752001e-05
1.07991239335e-08	-0.000214231069549
1.0840029706e-08	-0.000322315143421
1.08809354785e-08	-0.000238914304646
1.09218412509e-08	-5.85805946685e-06
1.09627470234e-08	0.00024453442893
1.10036527959e-08	0.000363931496395
1.10445585684e-08	0.000274344260106
1.10854643408e-08	1.67674770637e-05
1.11263701133e-08	-0.000267483963398
1.11672758858e-08	-0.000414310139604
1.12081816583e-08	-0.000330639799358
1.12490874307e-08	-5.14405874128e-05
1.12899932032e-08	0.000274135236396
1.13308989757e-08	0.000462688214611
1.13718047482e-08	0.000399690528866
1.14127105206e-08	0.000107764259155
1.14536162931e-08	-0.000259947380982
1.14945220656e-08	-0.000500351248775
1.15354278381e-08	-0.000472605839605
1.15763336105e-08	-0.000180113012902
1.1617239383e-08	0.000225331474212
1.16581451555e-08	0.000522595713846
1.1699050928e-08	0.000542019726709
1.17399567004e-08	0.000262044952251
1.17808624729e-08	-0.000173074673512
1.18217682454e-08	-0.000527604599483
1.18626740179e-08	-0.00060253351694
1.19035797903e-08	-0.000347438763129
1.19444855628e-08	0.000106886596768
1.19853913353e-08	0.00051527103642
1.20262971078e-08	0.000650598492939
1.20672028802e-08	0.000430555577623
1.21081086527e-08	-3.24401553371e-05
1.21490144252e-08	-0.000488437479362
1.21899201977e-08	-0.000685008359142
1.22308259701e-08	-0.000507191172801
1.22717317426e-08	-4.49928775197e-05
1.23126375151e-08	0.000451468047686
1.23535432876e-08	0.000707483734004
1.239444906e-08	0.000576036400162
1.24353548325e-08	0.000122183933854
1.2476260605e-08	-0.000408326275647
1.25171663775e-08	-0.000721624295693
1.25580721499e-08	-0.000638710043859
1.25989779224e-08	-0.000198071444174
1.26398836949e-08	0.000361447426258
1.26807894674e-08	0.000729889783543
1.27216952399e-08	0.000697524927091
1.27626010123e-08	0.000274343095953
1.28035067848e-08	-0.000310595467454
1.28444125573e-08	-0.000733170541935
1.28853183298e-08	-0.000753912609071
1.29262241022e-08	-0.000353177427314
1.29671298747e-08	0.000253505277215
1.30080356472e-08	0.00073065032484
1.30489414197e-08	0.000808354117908
1.30898471921e-08	0.000435377005488
1.31307529646e-08	-0.000188243982848
1.31716587371e-08	-0.000718804658391
1.32125645096e-08	-0.000857995590195
1.3253470282e-08	-0.000520528410561
1.32943760545e-08	0.000113547808724
1.3335281827e-08	0.000695102033205
1.33761875995e-08	0.000898955157027
1.34170933719e-08	0.000605379929766
1.34579991444e-08	-3.01884792862e-05
1.34989049169e-08	-0.00065860763425
1.35398106894e-08	-0.00092887604842
1.35807164618e-08	-0.000685444916598
1.36216222343e-08	-5.77274695388e-05
1.36625280068e-08	0.0006094671553
1.37034337793e-08	0.000945079955272
1.37443395517e-08	0.000757901812904
1.37852453242e-08	0.000146660604514
1.38261510967e-08	-0.000551506644115
1.38670568692e-08	-0.000948192551732
1.39079626416e-08	-0.000819880282506
1.39488684141e-08	-0.000233191967709
1.39897741866e-08	0.000488349760417
1.40306799591e-08	0.000941723701544
1.40715857315e-08	0.000871028692927
1.4112491504e-08	0.000312829361064
1.41533972765e-08	-0.000423707650043
1.4194303049e-08	-0.00092760566622
1.42352088214e-08	-0.000913915690035
1.42761145939e-08	-0.00038594158832
1.43170203664e-08	0.000362558115739
1.43579261389e-08	0.000911687035114
1.43988319113e-08	0.000951043970417
1.44397376838e-08	0.000453405402368
1.44806434563e-08	-0.000306207948597
1.45215492288e-08	-0.000899932696484
1.45624550012e-08	-0.000988735933788
1.46033607737e-08	-0.000517120817676
1.46442665462e-08	0.00025446296786
1.46851723187e-08	0.000893453892786
1.47260780911e-08	0.0010343081085
1.47669838636e-08	0.000587056798395
1.48078896361e-08	-0.000203986681299
1.48487954086e-08	-0.000894638942555
1.4889701181e-08	-0.00109089131001
1.49306069535e-08	-0.000670047476888
1.4971512726e-08	0.000144632242154
1.50124184985e-08	0.00089884508634
1.50533242709e-08	0.00116075517144
1.50942300434e-08	0.000769927923102
1.51351358159e-08	-6.85771810822e-05
1.51760415884e-08	-0.000894097029231
1.52169473609e-08	-0.00123934005387
1.52578531333e-08	-0.000892921234481
1.52987589058e-08	-3.05700013996e-05
1.53396646783e-08	0.00087490840815
1.53805704508e-08	0.00131650629919
1.54214762232e-08	0.00103303557262
1.54623819957e-08	0.000159545321367
1.55032877682e-08	-0.000831491197459
1.55441935407e-08	-0.00138557632454
1.55850993131e-08	-0.00118165626191
1.56260050856e-08	-0.000314703094773
1.56669108581e-08	0.000753134023398
1.57078166306e-08	0.00143433921039
1.5748722403e-08	0.00133570935577
1.57896281755e-08	0.000491144775879
1.5830533948e-08	-0.000645525229629
1.58714397205e-08	-0.00145239417907
1.59123454929e-08	-0.00147730868775
1.59532512654e-08	-0.000684690545313
1.59941570379e-08	0.000506824348122
1.60350628104e-08	0.00144141027704
1.60759685828e-08	0.00159706536215
1.61168743553e-08	0.000877612212207
1.61577801278e-08	-0.000338908692356
1.61986859003e-08	-0.00139433552977
1.62395916727e-08	-0.00169702805579
1.62804974452e-08	-0.00106353824958
1.63214032177e-08	0.000164290278917
1.63623089902e-08	0.00131595577113
1.64032147626e-08	0.00176015635952
1.64441205351e-08	0.00123753072694
1.64850263076e-08	1.84171585715e-05
1.65259320801e-08	-0.00122357858345
1.65668378525e-08	-0.00179583881982
1.6607743625e-08	-0.00138178258203
1.66486493975e-08	-0.000199477843125
1.668955517e-08	0.00111247692257
1.67304609424e-08	0.00181969406549
1.67713667149e-08	0.00151100254152
1.68122724874e-08	0.000356132688466
1.68531782599e-08	-0.0010025278898
1.68940840323e-08	-0.00181836076081
1.69349898048e-08	-0.00162812962662
1.69758955773e-08	-0.000513270497322
1.70168013498e-08	0.000905795488507
1.70577071222e-08	0.00182292819954
1.70986128947e-08	0.00172626215499
1.71395186672e-08	0.000662493519485
1.71804244397e-08	-0.000798628141638
1.72213302121e-08	-0.00183809781447
1.72622359846e-08	-0.00184239598457
1.73031417571e-08	-0.000798981578555
1.73440475296e-08	0.000703674450051
1.7384953302e-08	0.00183705345262
1.74258590745e-08	0.00196255464107
1.7466764847e-08	0.000968574895523
1.75076706195e-08	-0.000605134351645
1.75485763919e-08	-0.00185692321975
1.75894821644e-08	-0.00207927473821
1.76303879369e-08	-0.00114305643365
1.76712937094e-08	0.000467843288789
1.77121994819e-08	0.0018676458858
1.77531052543e-08	0.00223157927394
1.77940110268e-08	0.00132843095344
1.78349167993e-08	-0.000330273120198
1.78758225718e-08	-0.00183820538223
1.79167283442e-08	-0.00236635818146
1.79576341167e-08	-0.00156875315588
1.79985398892e-08	0.000152465188876
1.80394456617e-08	0.00181576155592
1.80803514341e-08	0.0024842673447
1.81212572066e-08	0.00179548072629
1.81621629791e-08	8.66198752192e-05
1.82030687516e-08	-0.00173687783536
1.8243974524e-08	-0.00261982507072
1.82848802965e-08	-0.00202988670208
1.8325786069e-08	-0.000314562261337
1.83666918415e-08	0.00159337860532
1.84075976139e-08	0.00268098362722
1.84485033864e-08	0.00230113533325
1.84894091589e-08	0.000595880963374
1.85303149314e-08	-0.00146009633318
1.85712207038e-08	-0.00270765111782
1.86121264763e-08	-0.00249674543738
1.86530322488e-08	-0.000915981712751
1.86939380213e-08	0.00124106567819
1.87348437937e-08	0.00274110911414
1.87757495662e-08	0.00269193714485
1.88166553387e-08	0.00116478290875
1.88575611112e-08	-0.000983159407042
1.88984668836e-08	-0.00265459553339
1.89393726561e-08	-0.00289913965389
1.89802784286e-08	-0.00147834687959
1.90211842011e-08	0.00078716565622
1.90620899735e-08	0.00257438584231
1.9102995746e-08	0.00297546433285
1.91439015185e-08	0.00177975208499
1.9184807291e-08	-0.000475773762446
1.92257130634e-08	-0.00252618407831
1.92666188359e-08	-0.00310852308758
1.93075246084e-08	-0.00196167570539
1.93484303809e-08	0.000202948809601
1.93893361533e-08	0.00231821392663
1.94302419258e-08	0.003242805833
1.94711476983e-08	0.00228557642549
1.95120534708e-08	-1.71702340594e-05
1.95529592432e-08	-0.00222898041829
1.95938650157e-08	-0.00321648223326
1.96347707882e-08	-0.00252977618948
1.96756765607e-08	-0.000365919811884
1.97165823331e-08	0.00214562774636
1.97574881056e-08	0.00337890628725
1.97983938781e-08	0.00267138588242
1.98392996506e-08	0.000593120115809
1.9880205423e-08	-0.00184422486927
1.99211111955e-08	-0.00346191413701
1.9962016968e-08	-0.00308456178755
2.00029227405e-08	-0.000820980058052
2.00438285129e-08	0.00181833689567
2.00847342854e-08	0.00338293565437
2.01256400579e-08	0.00328045617789
2.01665458304e-08	0.00133274774998
2.02074516029e-08	-0.00161494023632
2.02483573753e-08	-0.00364362681285
2.02892631478e-08	-0.00346922990866
2.03301689203e-08	-0.00153593590949
2.03710746928e-08	0.0011931535555
2.04119804652e-08	0.00357275712304
2.04528862377e-08	0.0040265833959
2.04937920102e-08	0.0019355941331
2.05346977827e-08	-0.00117490987759
2.05756035551e-08	-0.00344627839513
2.06165093276e-08	-0.00408154632896
2.06574151001e-08	-0.00261271744967
2.06983208726e-08	0.000682018697262
2.0739226645e-08	0.00370411667973
2.07801324175e-08	0.00435322290286
2.082103819e-08	0.00274946168065
2.08619439625e-08	-0.000119509721117
2.09028497349e-08	-0.00328750535846
2.09437555074e-08	-0.0049198162742
2.09846612799e-08	-0.00337668438442
2.10255670524e-08	7.02276374795e-05
2.10664728248e-08	0.00310415029526
2.11073785973e-08	0.00463520362973
2.11482843698e-08	0.00407967111096
2.11891901423e-08	0.000782429066021
2.12300959147e-08	-0.00322128972039
2.12710016872e-08	-0.00499850371853
2.13119074597e-08	-0.00396546907723
2.13528132322e-08	-0.00137063593138
2.13937190046e-08	0.00238475622609
2.14346247771e-08	0.00533770211041
2.14755305496e-08	0.00485837599263
2.15164363221e-08	0.00130000209901
2.15573420945e-08	-0.00222106114961
2.1598247867e-08	-0.00464096292853
2.16391536395e-08	-0.00526320468634
2.1680059412e-08	-0.00259645981714
2.17209651844e-08	0.00227862643078
2.17618709569e-08	0.0051561309956
2.18027767294e-08	0.00484932400286
2.18436825019e-08	0.00281185819767
2.18845882743e-08	-0.000916455523111
2.19254940468e-08	-0.0052218134515
2.19663998193e-08	-0.00608293619007
2.20073055918e-08	-0.00262788683176
2.20482113642e-08	0.00121084658895
2.20891171367e-08	0.00406233035028
2.21300229092e-08	0.00594809791073
2.21709286817e-08	0.00448551028967
2.22118344541e-08	-0.00110979238525
2.22527402266e-08	-0.00514439027756
2.22936459991e-08	-0.00538966199383
2.23345517716e-08	-0.00383503688499
2.2375457544e-08	-0.000904436921701
2.24163633165e-08	0.0047338521108
2.2457269089e-08	0.00721838790923
2.24981748615e-08	0.00406992482021
2.25390806339e-08	-0.000567168870475
2.25799864064e-08	-0.00306102074683
2.26208921789e-08	-0.00629757344723
2.26617979514e-08	-0.00640335027128
2.27027037239e-08	-0.000705639948137
2.27436094963e-08	0.00552670797333
2.27845152688e-08	0.00574919534847
2.28254210413e-08	0.00473313126713
2.28663268138e-08	0.00276429974474
2.29072325862e-08	-0.00321968947537
2.29481383587e-08	-0.00881486013532
2.29890441312e-08	-0.00584830716252
2.30299499037e-08	-0.000255933322478
2.30708556761e-08	0.00220279023051
2.31117614486e-08	0.00562454480678
2.31526672211e-08	0.00879209861159
2.31935729936e-08	0.0034916549921
2.3234478766e-08	-0.00548951374367
2.32753845385e-08	-0.00660818442702
2.3316290311e-08	-0.00512622203678
2.33571960835e-08	-0.00489449221641
2.33981018559e-08	0.000211764650885
2.34390076284e-08	0.00996447913349
2.34799134009e-08	0.00847584754229
2.35208191734e-08	0.00157810735982
2.35617249458e-08	-0.00157583353575
2.36026307183e-08	-0.00323923770338
2.36435364908e-08	-0.0110371671617
2.36844422633e-08	-0.00722434790805
2.37253480357e-08	0.00370041537099
2.37662538082e-08	0.0084998300299
2.38071595807e-08	0.00395169621333
2.38480653532e-08	0.00746310921386
2.38889711256e-08	0.00340388249606
2.39298768981e-08	-0.00820160284638
2.39707826706e-08	-0.0130613846704
2.40116884431e-08	-0.00181031634565
2.40525942155e-08	-0.000148022751091
2.4093499988e-08	0.000996659509838
2.41344057605e-08	0.00969317182899
2.4175311533e-08	0.0136202760041
2.42162173054e-08	-0.00227918312885
2.42571230779e-08	-0.00897133070976
2.42980288504e-08	-0.00377260427922
2.43389346229e-08	-0.00653383135796
2.43798403953e-08	-0.0097082471475
2.44207461678e-08	0.00574183138087
2.44616519403e-08	0.0166770592332
2.45025577128e-08	0.00351182557642
2.45434634852e-08	-0.000591221265495
2.45843692577e-08	0.00272572296672
2.46252750302e-08	-0.00602513877675
2.46661808027e-08	-0.0205680653453
2.47070865751e-08	-0.00019992061425
2.47479923476e-08	0.00985576212406
2.47888981201e-08	0.0049611129798
2.48298038926e-08	0.000785270298366
2.4870709665e-08	0.0190537143499
2.49116154375e-08	-0.00374411931261
2.495252121e-08	-0.0176315587014
2.49934269825e-08	-0.0111564472318
2.50343327549e-08	0.00942679587752
2.50752385274e-08	-0.012245580554
2.51161442999e-08	0.00529383635148
2.51570500724e-08	0.0209002047777
2.51979558449e-08	0.0142105957493
2.52388616173e-08	-0.0220750812441
2.52797673898e-08	0.00140681024641
2.53206731623e-08	-0.000714109628461
2.53615789348e-08	-0.0175661351532
2.54024847072e-08	-0.0146781774238
2.54433904797e-08	0.0312545001507
2.54842962522e-08	0.012146784924
2.55252020247e-08	-0.0107271764427
2.55661077971e-08	0.00781859923154
2.56070135696e-08	0.0130838900805
2.56479193421e-08	-0.0307324547321
2.56888251146e-08	-0.0265951920301
2.5729730887e-08	0.0274190194905
2.57706366595e-08	0.00570784835145
2.5811542432e-08	-0.0110930483788
2.58524482045e-08	0.0154232867062
2.58933539769e-08	0.0414776094258
2.59342597494e-08	-0.0430112481117
2.59751655219e-08	-0.0195577852428
2.60160712944e-08	0.00793870352209
2.60569770668e-08	0.0155400875956
2.60978828393e-08	-0.0542212873697
2.61387886118e-08	0.0495091862977
2.61796943843e-08	0.0293599255383
2.62206001567e-08	-0.00267192348838
2.62615059292e-08	-0.0559385716915
2.63024117017e-08	0.0622935406864
2.63433174742e-08	-0.0386247895658
2.63842232466e-08	-0.0341486744583
2.64251290191e-08	-0.00689959852025
2.64660347916e-08	0.0943800657988
2.65069405641e-08	-0.0585123226047
2.65478463365e-08	0.00505049573258
2.6588752109e-08	0.0341883562505
2.66296578815e-08	0.0206204503775
2.6670563654e-08	-0.113463588059
2.67114694264e-08	0.0350333563983
2.67523751989e-08	0.0499798804522
2.67932809714e-08	-0.0346228554845
2.68341867439e-08	-0.0346405617893
2.68750925163e-08	0.0983311086893
2.69159982888e-08	0.0164887327701
2.69569040613e-08	-0.120814099908
2.69978098338e-08	0.0384389609098
2.70387156062e-08	0.0413682572544
2.70796213787e-08	-0.0387134104967
2.71205271512e-08	-0.0997860655189
2.71614329237e-08	0.191555008292
2.72023386961e-08	-0.0484467372298
2.72432444686e-08	-0.0323275141418
2.72841502411e-08	-0.0623883008957
2.73250560136e-08	0.206433266401
2.7365961786e-08	-0.243575975299
2.74068675585e-08	0.0577861517668
2.7447773331e-08	0.00577058224007
2.74886791035e-08	0.188886255026
2.75295848759e-08	-0.312693923712
2.75704906484e-08	0.249233603477
2.76113964209e-08	-0.0484343916178
2.76523021934e-08	0.0343548133969
2.76932079659e-08	-0.304309040308
2.77341137383e-08	0.375634253025
2.77750195108e-08	-0.178560003638
2.78159252833e-08	-0.00582878803834
2.78568310558e-08	-0.0659858584404
2.78977368282e-08	0.361864984035
2.79386426007e-08	-0.34054890275
2.79795483732e-08	-0.00288646807894
2.80204541457e-08	0.132260754704
2.80613599181e-08	0.0599984154105
2.81022656906e-08	-0.311513930559
2.81431714631e-08	0.143531098962
2.81840772356e-08	0.311551660299
2.8224983008e-08	-0.34181162715
2.82658887805e-08	0.0159450676292
2.8306794553e-08	0.110258422792
2.83477003255e-08	0.246853947639
2.83886060979e-08	-0.738191664219
2.84295118704e-08	0.612632811069
2.84704176429e-08	-0.169989332557
2.85113234154e-08	0.250303596258
2.85522291878e-08	-0.815846502781
2.85931349603e-08	1.21144890785
2.86340407328e-08	-0.860741198063
2.86749465053e-08	0.374517768621
2.87158522777e-08	-0.728628695011
2.87567580502e-08	1.44842374325
2.87976638227e-08	-1.57248818874
2.88385695952e-08	0.955690324306
2.88794753676e-08	-0.537678956985
2.89203811401e-08	1.19149029255
2.89612869126e-08	-1.92324185371
2.90021926851e-08	1.59330499172
2.90430984575e-08	-0.693384408951
2.908400423e-08	0.518563210964
2.91249100025e-08	-1.41819727421
2.9165815775e-08	1.92561364174
2.92067215474e-08	-0.971666693687
2.92476273199e-08	-0.09877679497
2.92885330924e-08	-0.122919417918
2.93294388649e-08	1.12946498394
2.93703446373e-08	-1.09743368626
2.94112504098e-08	-0.513165533543
2.94521561823e-08	1.54639971256
2.94930619548e-08	-0.813349843025
2.95339677272e-08	-0.0825313106179
2.95748734997e-08	-0.801568984985
2.96157792722e-08	2.92302393913
2.96566850447e-08	-3.57543730736
2.96975908171e-08	2.28079795837
2.97384965896e-08	-1.83132946491
2.97794023621e-08	3.70963978767
2.98203081346e-08	-5.93980026245
2.9861213907e-08	5.78443098068
2.99021196795e-08	-4.04560041428
2.9943025452e-08	4.31005716324
2.99839312245e-08	-7.06454610825
3.00248369969e-08	8.76337432861
3.00657427694e-08	-7.39169311523
3.01066485419e-08	5.37822580338
3.01475543144e-08	-6.5807800293
3.01884600869e-08	9.69868469238
3.02293658593e-08	-10.0571527481
3.02702716318e-08	7.1276640892
3.03111774043e-08	-5.18613433838
3.03520831768e-08	7.3071641922
3.03929889492e-08	-9.8645029068
3.04338947217e-08	8.12198734283
3.04748004942e-08	-3.49840426445
3.05157062667e-08	2.1215941906
3.05566120391e-08	-4.73556852341
3.05975178116e-08	5.79263448715
3.06384235841e-08	-1.17890441418
3.06793293566e-08	-4.67865657806
3.0720235129e-08	5.06172847748
3.07611409015e-08	-2.44610095024
3.0802046674e-08	3.96457314491
3.08429524465e-08	-11.6190128326
3.08838582189e-08	17.5783729553
3.09247639914e-08	-16.6474838257
3.09656697639e-08	14.3669118881
3.10065755364e-08	-19.363494873
3.10474813088e-08	29.0947589874
3.10883870813e-08	-33.7311782837
3.11292928538e-08	30.4901065826
3.11701986263e-08	-29.2336883545
3.12111043987e-08	37.5342483521
3.12520101712e-08	-47.4648742676
3.12929159437e-08	48.2983627319
3.13338217162e-08	-41.9376335144
3.13747274886e-08	42.0625343323
3.14156332611e-08	-52.211566925
3.14565390336e-08	59.2718734741
3.14974448061e-08	-53.3872833252
3.15383505785e-08	43.2775535583
3.1579256351e-08	-44.4588165283
3.16201621235e-08	54.1210708618
3.1661067896e-08	-54.0256652832
3.17019736684e-08	38.673286438
3.17428794409e-08	-24.6013298035
3.17837852134e-08	26.9632949829
3.18246909859e-08	-31.8237304688
3.18655967583e-08	20.7401123047
3.19065025308e-08	6.22988891602
3.19474083033e-08	-21.5193138123
3.19883140758e-08	19.9019165039
3.20292198482e-08	-22.7529182434
3.20701256207e-08	48.6959686279
3.21110313932e-08	-84.8436279297
3.21519371657e-08	97.8684997559
3.21928429381e-08	-97.8451766968
3.22337487106e-08	109.61290741
3.22746544831e-08	-152.141845703
3.23155602556e-08	188.530609131
3.2356466028e-08	-195.519622803
3.23973718005e-08	192.820114136
3.2438277573e-08	-216.956756592
3.24791833455e-08	267.047607422
3.25200891179e-08	-292.477539062
3.25609948904e-08	284.126190186
3.26019006629e-08	-275.990875244
3.26428064354e-08	308.663146973
3.26837122079e-08	-350.254577637
3.27246179803e-08	349.546173096
3.27655237528e-08	-313.93057251
3.28064295253e-08	297.912322998
3.28473352978e-08	-326.139221191
3.28882410702e-08	340.041442871
3.29291468427e-08	-293.737182617
3.29700526152e-08	221.840240479
3.30109583877e-08	-194.46762085
3.30518641601e-08	200.826644897
3.30927699326e-08	-165.7787323
3.31336757051e-08	56.7202758789
3.31745814776e-08	49.7839050293
3.321548725e-08	-94.2490844727
3.32563930225e-08	123.198608398
3.3297298795e-08	-226.775848389
3.33382045675e-08	398.421264648
3.33791103399e-08	-528.528747559
3.34200161124e-08	584.81842041
3.34609218849e-08	-657.439208984
3.35018276574e-08	832.466369629
3.35427334298e-08	-1038.65014648
3.35836392023e-08	1168.20410156
3.36245449748e-08	-1210.98999023
3.36654507473e-08	1325.82775879
3.37063565197e-08	-1534.64343262
3.37472622922e-08	1730.55627441
3.37881680647e-08	-1796.86767578
3.38290738372e-08	1795.41491699
3.38699796096e-08	-1913.92089844
3.39108853821e-08	2089.42114258
3.39517911546e-08	-2195.44970703
3.39926969271e-08	2112.36572266
3.40336026995e-08	-2024.02075195
3.4074508472e-08	2068.7590332
3.41154142445e-08	-2128.37695312
3.4156320017e-08	2021.33569336
3.41972257894e-08	-1716.11535645
3.42381315619e-08	1472.11474609
3.42790373344e-08	-1369.75012207
3.43199431069e-08	1203.91638184
3.43608488793e-08	-767.181640625
3.44017546518e-08	190.6640625
3.44426604243e-08	245.447875977
3.44835661968e-08	-568.628051758
3.45244719692e-08	1048.67053223
3.45653777417e-08	-1859.32971191
3.46062835142e-08	2691.94262695
3.46471892867e-08	-3318.60546875
3.46880950591e-08	3839.32104492
3.47290008316e-08	-4670.22558594
3.47699066041e-08	5750.43847656
3.48108123766e-08	-6765.15234375
3.4851718149e-08	7378.75390625
3.48926239215e-08	-8026.75439453
3.4933529694e-08	9071.18945312
3.49744354665e-08	-10187.5380859
3.50153412389e-08	11037.0166016
3.50562470114e-08	-11384.9130859
3.50971527839e-08	11919.6591797
3.51380585564e-08	-12800.9453125
3.51789643289e-08	13545.2832031
3.52198701013e-08	-13704.5810547
3.52607758738e-08	13414.9169922
3.53016816463e-08	-13358.9355469
3.53425874188e-08	13606.3847656
3.53834931912e-08	-13357.7119141
3.54243989637e-08	12221.2617188
3.54653047362e-08	-10727.8017578
3.55062105087e-08	9770.12695312
3.55471162811e-08	-8630.95703125
3.55880220536e-08	6772.74609375
3.56289278261e-08	-3756.19238281
3.56698335986e-08	906.36328125
3.5710739371e-08	1655.11328125
3.57516451435e-08	-4425.21582031
3.5792550916e-08	8434.39648438
3.58334566885e-08	-13383.2207031
3.58743624609e-08	17714.2148438
3.59152682334e-08	-21814.9082031
3.59561740059e-08	26074.2734375
3.59970797784e-08	-32403.2832031
3.60379855508e-08	38388.4765625
3.60788913233e-08	-43711.9765625
3.61197970958e-08	48138.7578125
3.61607028683e-08	-53913.015625
3.62016086407e-08	60599.0585938
3.62425144132e-08	-66312.5546875
3.62834201857e-08	70705.75
3.63243259582e-08	-74145.203125
3.63652317306e-08	79025.640625
3.64061375031e-08	-83671.2734375
3.64470432756e-08	86681.1171875
3.64879490481e-08	-86914.5390625
3.65288548205e-08	86700.15625
3.6569760593e-08	-87741.2890625
3.66106663655e-08	86850.96875
3.6651572138e-08	-83225.4375
3.66924779104e-08	75607.4375
3.67333836829e-08	-69234.109375
3.67742894554e-08	62126.9609375
3.68151952279e-08	-51808.6054688
3.68561010003e-08	38007.546875
3.68970067728e-08	-19734.4921875
3.69379125453e-08	4246.6015625
3.69788183178e-08	14471.609375
3.70197240902e-08	-35705.3359375
3.70606298627e-08	62917.765625
3.71015356352e-08	-91781.6015625
3.71424414077e-08	117666.695312
3.71833471801e-08	-146484.09375
3.72242529526e-08	180250.40625
3.72651587251e-08	-217607.234375
3.73060644976e-08	252670.8125
3.734697027e-08	-285960
3.73878760425e-08	319767.46875
3.7428781815e-08	-359697.21875
3.74696875875e-08	397360.46875
3.75105933599e-08	-430660.25
3.75514991324e-08	458633.1875
3.75924049049e-08	-487851.375
3.76333106774e-08	516215
3.76742164498e-08	-542734.0625
3.77151222223e-08	553887.25
3.77560279948e-08	-558287.5625
3.77969337673e-08	566104.4375
3.78378395398e-08	-561124.8125
3.78787453122e-08	554006.3125
3.79196510847e-08	-516897.6875
3.79605568572e-08	483229.65625
3.80014626297e-08	-437501.25
3.80423684021e-08	384536.46875
3.80832741746e-08	-309786.78125
3.81241799471e-08	211283.25
3.81650857196e-08	-116403.125
3.8205991492e-08	-5556.3125
3.82468972645e-08	117406.875
3.8287803037e-08	-283377.75
3.83287088095e-08	443096.4375
3.83696145819e-08	-621594.5625
3.84105203544e-08	799858.5
3.84514261269e-08	-993644.375
3.84923318994e-08	1225240.25
3.85332376718e-08	-1443127.25
3.85741434443e-08	1672424
3.86150492168e-08	-1882750.5
3.86559549893e-08	2133279.5
3.86968607617e-08	-2365790.5
3.87377665342e-08	2604004.75
3.87786723067e-08	-2802044
3.88195780792e-08	2998119.5
3.88604838516e-08	-3191880
3.89013896241e-08	3362490
3.89422953966e-08	-3494412.75
3.89832011691e-08	3565516.75
3.90241069415e-08	-3617137.25
3.9065012714e-08	3637288.5
3.91059184865e-08	-3610393.25
3.9146824259e-08	3474148
3.91877300314e-08	-3299262
3.92286358039e-08	3037656.5
3.92695415764e-08	-2757769.5
3.93104473489e-08	2348762.75
3.93513531213e-08	-1826585.5
3.93922588938e-08	1245619.75
3.94331646663e-08	-556717
3.94740704388e-08	-154720.5
3.95149762112e-08	1060144.75
3.95558819837e-08	-2043831.875
3.95967877562e-08	3110788.5
3.96376935287e-08	-4232072.5
3.96785993011e-08	5435070
3.97195050736e-08	-6787229
3.97604108461e-08	8171076
3.98013166186e-08	-9621280
3.9842222391e-08	11031700
3.98831281635e-08	-12540860
3.9924033936e-08	14050622
3.99649397085e-08	-15588684
4.00058454809e-08	17015022
4.00467512534e-08	-18288920
4.00876570259e-08	19633882
4.01285627984e-08	-20790514
4.01694685708e-08	21835136
4.02103743433e-08	-22511664
4.02512801158e-08	23028098
4.02921858883e-08	-23414490
4.03330916608e-08	23296612
4.03739974332e-08	-23013964
4.04149032057e-08	22064624
4.04558089782e-08	-20871326
4.04967147507e-08	19233162
4.05376205231e-08	-17026728
4.05785262956e-08	14379635
4.06194320681e-08	-10846204
4.06603378406e-08	7054712
4.0701243613e-08	-2604784
4.07421493855e-08	-2390026
4.0783055158e-08	8337108
4.08239609305e-08	-14719919
4.08648667029e-08	21498796
4.09057724754e-08	-29068634
4.09466782479e-08	37034576
4.09875840204e-08	-45689036
4.10284897928e-08	54715984
4.10693955653e-08	-63826984
4.11103013378e-08	73294248
4.11512071103e-08	-82951184
4.11921128827e-08	92702496
4.12330186552e-08	-102353936
4.12739244277e-08	111166960
4.13148302002e-08	-119761688
4.13557359726e-08	128223248
4.13966417451e-08	-135234752
4.14375475176e-08	141177536
4.14784532901e-08	-145752240
4.15193590625e-08	148924976
4.1560264835e-08	-150330752
4.16011706075e-08	149569072
4.164207638e-08	-146391424
4.16829821524e-08	140392064
4.17238879249e-08	-132032192
4.17647936974e-08	120175048
4.18056994699e-08	-106200216
4.18466052423e-08	86515072
4.18875110148e-08	-64610328
4.19284167873e-08	39108048
4.19693225598e-08	-9295248
4.20102283322e-08	-24370240
4.20511341047e-08	63191536
4.20920398772e-08	-104199064
4.21329456497e-08	149492080
4.21738514221e-08	-198818992
4.22147571946e-08	251221440
4.22556629671e-08	-307551040
4.22965687396e-08	364299552
4.2337474512e-08	-425381152
4.23783802845e-08	485571136
4.2419286057e-08	-548096640
4.24601918295e-08	611300864
4.25010976019e-08	-669671936
4.25420033744e-08	729237888
4.25829091469e-08	-782980928
4.26238149194e-08	834817024
4.26647206918e-08	-879343744
4.27056264643e-08	913765056
4.27465322368e-08	-943647936
4.27874380093e-08	959642368
4.28283437818e-08	-966296640
4.28692495542e-08	958297600
4.29101553267e-08	-930162560
4.29510610992e-08	894280576
4.29919668717e-08	-829877248
4.30328726441e-08	755302528
4.30737784166e-08	-650078528
4.31146841891e-08	526493632
4.31555899616e-08	-378959168
4.3196495734e-08	208096256
4.32374015065e-08	-7575104
4.3278307279e-08	-212098496
4.33192130515e-08	467514560
4.33601188239e-08	-736036480
4.34010245964e-08	1034178880
4.34419303689e-08	-1358992768
4.34828361414e-08	1695641088
4.35237419138e-08	-2064956544
4.35646476863e-08	2432125440
4.36055534588e-08	-2823550976
4.36464592313e-08	3218941952
4.36873650037e-08	-3620940288
4.37282707762e-08	4011749888
4.37691765487e-08	-4401441792
4.38100823212e-08	4767654400
4.38509880936e-08	-5116222976
4.38918938661e-08	5436596736
4.39327996386e-08	-5703298560
4.39737054111e-08	5924220416
4.40146111835e-08	-6098829312
4.4055516956e-08	6175563776
4.40964227285e-08	-6217198080
4.4137328501e-08	6104561152
4.41782342734e-08	-5946674176
4.42191400459e-08	5655083008
4.42600458184e-08	-5224261120
4.43009515909e-08	4715957248
4.43418573633e-08	-3973510912
4.43827631358e-08	3204085248
4.44236689083e-08	-2166927872
4.44645746808e-08	1036113408
4.45054804532e-08	248569856
4.45463862257e-08	-1775708672
4.45872919982e-08	3368088064
4.46281977707e-08	-5199808512
4.46691035431e-08	7122053120
4.47100093156e-08	-9216647168
4.47509150881e-08	11519782912
4.47918208606e-08	-13729106944
4.4832726633e-08	16305940480
4.48736324055e-08	-18685880320
4.4914538178e-08	21354477568
4.49554439505e-08	-23835807744
4.49963497229e-08	26360770560
4.50372554954e-08	-28922298368
4.50781612679e-08	31102926848
4.51190670404e-08	-33470531584
4.51599728128e-08	35261784064
4.52008785853e-08	-37130809344
4.52417843578e-08	38270132224
4.52826901303e-08	-39380258816
4.53235959028e-08	39856029696
4.53645016752e-08	-39686828032
4.54054074477e-08	39173947392
4.54463132202e-08	-37742776320
4.54872189927e-08	35764723712
4.55281247651e-08	-32924510208
4.55690305376e-08	29055909888
4.56099363101e-08	-24683636736
4.56508420826e-08	18884349952
4.5691747855e-08	-12305299456
4.57326536275e-08	4922646528
4.57735594e-08	4093255680
4.58144651725e-08	-13561010176
4.58553709449e-08	24510773248
4.58962767174e-08	-36138950656
4.59371824899e-08	48999096320
4.59780882624e-08	-62768812032
4.60189940348e-08	77119569920
4.60598998073e-08	-92357738496
4.61008055798e-08	108163923968
4.61417113523e-08	-124519112704
4.61826171247e-08	140495142912
4.62235228972e-08	-157437198336
4.62644286697e-08	173379076096
4.63053344422e-08	-188790669312
4.63462402146e-08	204270649344
4.63871459871e-08	-217222266880
4.64280517596e-08	230306037760
4.64689575321e-08	-239782445056
4.65098633045e-08	248360615936
4.6550769077e-08	-254027874304
4.65916748495e-08	255586058240
4.6632580622e-08	-255202099200
4.66734863944e-08	249275318272
4.67143921669e-08	-240566272000
4.67552979394e-08	225101021184
4.67962037119e-08	-206449557504
4.68371094843e-08	181001289728
4.68780152568e-08	-148828372992
4.69189210293e-08	113383653376
4.69598268018e-08	-67041738752
4.70007325742e-08	19290898432
4.70416383467e-08	41273196544
4.70825441192e-08	-102597771264
4.71234498917e-08	174738735104
4.71643556641e-08	-252370321408
4.72052614366e-08	334414774272
4.72461672091e-08	-425973776384
4.72870729816e-08	516780556288
4.7327978754e-08	-620051169280
4.73688845265e-08	717261373440
4.7409790299e-08	-826066993152
4.74506960715e-08	928294895616
4.74916018439e-08	-1.03637660467e+12
4.75325076164e-08	1.13757572301e+12
4.75734133889e-08	-1.23728861594e+12
4.76143191614e-08	1.3340320727e+12
4.76552249338e-08	-1.41458643354e+12
4.76961307063e-08	1.49776800154e+12
4.77370364788e-08	-1.552039936e+12
4.77779422513e-08	1.61000141619e+12
4.78188480238e-08	-1.63152881254e+12
4.78597537962e-08	1.6476101673e+12
4.79006595687e-08	-1.63017575629e+12
4.79415653412e-08	1.5915918295e+12
4.79824711137e-08	-1.52409171558e+12
4.80233768861e-08	1.42127398912e+12
4.80642826586e-08	-1.28950232678e+12
4.81051884311e-08	1.1163804631e+12
4.81460942036e-08	-906259726336
4.8186999976e-08	661022703616
4.82279057485e-08	-359646232576
4.8268811521e-08	33453244416
4.83097172935e-08	350758109184
4.83506230659e-08	-773009244160
4.83915288384e-08	1.23255363994e+12
4.84324346109e-08	-1.75208910029e+12
