% time-domain current integration by openEMS v0.0.35 @Thu May 22 17:17:12 2025
% start-coordinates: (0.01625,-0.09375,0) m -> [6,1,1]
% stop-coordinates: (0.03275,-0.04525,0) m -> [8,2,1]
% t/s	current
2.9218408911e-12	0
4.38276133665e-11	6.18521056595e-08
8.47333858419e-11	1.14287260544e-07
1.25639158317e-10	-2.8206203595e-08
1.66544930793e-10	-4.7003840109e-07
2.07450703268e-10	-1.08399478904e-06
2.48356475744e-10	-1.50279765876e-06
2.89262248219e-10	-1.24192183648e-06
3.30168020694e-10	1.96936227326e-08
3.7107379317e-10	2.15456179831e-06
4.11979565645e-10	4.41401516582e-06
4.52885338121e-10	5.5475074987e-06
4.93791110596e-10	4.24814743383e-06
5.34696883071e-10	-1.38533735594e-07
5.75602655547e-10	-6.91640252626e-06
6.16508428022e-10	-1.37157094287e-05
6.57414200498e-10	-1.69180439116e-05
6.98319972973e-10	-1.29649843075e-05
7.39225745448e-10	-2.89501940642e-07
7.80131517924e-10	1.88692574739e-05
8.21037290399e-10	3.77999749617e-05
8.61943062875e-10	4.67093850602e-05
9.0284883535e-10	3.63906037819e-05
9.43754607825e-10	3.26426061292e-06
9.84660380301e-10	-4.62570606032e-05
1.02556615278e-09	-9.46771033341e-05
1.06647192525e-09	-0.00011757556058
1.10737769773e-09	-9.30667956709e-05
1.1482834702e-09	-1.38447112477e-05
1.18918924268e-09	0.000103340193164
1.23009501515e-09	0.000216628832277
1.27100078763e-09	0.000270194374025
1.3119065601e-09	0.000216506843572
1.35281233258e-09	4.25800826633e-05
1.39371810505e-09	-0.000211521837628
1.43462387753e-09	-0.000453835411463
1.47552965001e-09	-0.000567398732528
1.51643542248e-09	-0.000458131195046
1.55734119496e-09	-0.000106918698293
1.59824696743e-09	0.000398242846131
1.63915273991e-09	0.000871750118677
1.68005851238e-09	0.00108924030792
1.72096428486e-09	0.000881564861629
1.76187005733e-09	0.000228560034884
1.80277582981e-09	-0.00069224688923
1.84368160228e-09	-0.0015369503526
1.88458737476e-09	-0.00191201188136
1.92549314724e-09	-0.00154228601605
1.96639891971e-09	-0.000423530524131
2.00730469219e-09	0.00111548299901
2.04821046466e-09	0.00249011535197
2.08911623714e-09	0.00307003222406
2.13002200961e-09	0.00245243869722
2.17092778209e-09	0.00068493722938
2.21183355456e-09	-0.00167375104502
2.25273932704e-09	-0.00371231138706
2.29364509951e-09	-0.0045104008168
2.33455087199e-09	-0.00354193616658
2.37545664446e-09	-0.00096507370472
2.41636241694e-09	0.00234902114607
2.45726818942e-09	0.00509898643941
2.49817396189e-09	0.00606327224523
2.53907973437e-09	0.00463863136247
2.57998550684e-09	0.00117052008864
2.62089127932e-09	-0.00309526920319
2.66179705179e-09	-0.00645895674825
2.70270282427e-09	-0.00745359295979
2.74360859674e-09	-0.00549173727632
2.78451436922e-09	-0.00118381087668
2.82542014169e-09	0.00383786158636
2.86632591417e-09	0.00754812639207
2.90723168664e-09	0.00836583599448
2.94813745912e-09	0.00584516953677
2.9890432316e-09	0.000912242918275
3.02994900407e-09	-0.00447704875842
3.07085477655e-09	-0.00813210941851
3.11176054902e-09	-0.00854529161006
3.1526663215e-09	-0.00553714763373
3.19357209397e-09	-0.00034390235669
3.23447786645e-09	0.00489873252809
3.27538363892e-09	0.00805673375726
3.3162894114e-09	0.00789454951882
3.35719518387e-09	0.00457931822166
3.39810095635e-09	-0.000421718053985
3.43900672883e-09	-0.00499644316733
3.4799125013e-09	-0.00729977386072
3.52081827378e-09	-0.00651990855113
3.56172404625e-09	-0.00317142298445
3.60262981873e-09	0.00119346065912
3.6435355912e-09	0.00470379833132
3.68444136368e-09	0.00598427746445
3.72534713615e-09	0.00470438739285
3.76625290863e-09	0.00163856439758
3.8071586811e-09	-0.00175653863698
3.84806445358e-09	-0.00402728514746
3.88897022605e-09	-0.00434865104035
3.92987599853e-09	-0.00281842844561
3.97078177101e-09	-0.000318149919622
4.01168754348e-09	0.00195776647888
4.05259331596e-09	0.00306214857846
4.09349908843e-09	0.00268368260004
4.13440486091e-09	0.00120628008153
4.17531063338e-09	-0.00055209180573
4.21621640586e-09	-0.00176576175727
4.25712217833e-09	-0.00197763741016
4.29802795081e-09	-0.00125710177235
4.33893372328e-09	-9.25215572352e-05
4.37983949576e-09	0.000898010563105
4.42074526824e-09	0.00127757084556
4.46165104071e-09	0.00097161589656
4.50255681319e-09	0.00024911708897
4.54346258566e-09	-0.000460863637272
4.58436835814e-09	-0.000805344665423
4.62527413061e-09	-0.000672317342833
4.66617990309e-09	-0.000211262420635
4.70708567556e-09	0.000282124674413
4.74799144804e-09	0.000540518609341
4.78889722051e-09	0.000461249233922
4.82980299299e-09	0.000138110219268
4.87070876546e-09	-0.000215258434764
4.91161453794e-09	-0.000396852788981
4.95252031042e-09	-0.000325879576849
4.99342608289e-09	-7.35579887987e-05
5.03433185537e-09	0.000193402724108
5.07523762784e-09	0.000316890771501
5.11614340032e-09	0.000236907420913
5.15704917279e-09	1.77947040356e-05
5.19795494527e-09	-0.000198501889827
5.23886071774e-09	-0.000280410982668
5.27976649022e-09	-0.000183303200174
5.32067226269e-09	2.83098652289e-05
5.36157803517e-09	0.000222852031584
5.40248380764e-09	0.000281137414277
5.44338958012e-09	0.000166334430105
5.4842953526e-09	-5.53050922463e-05
5.52520112507e-09	-0.000253598380368
5.56610689755e-09	-0.00031003030017
5.60701267002e-09	-0.000186356453924
5.6479184425e-09	5.25311297679e-05
5.68882421497e-09	0.000274084537523
5.72972998745e-09	0.000351890048478
5.77063575992e-09	0.000236645602854
5.8115415324e-09	-1.49715651787e-05
5.85244730487e-09	-0.000269534968538
5.89335307735e-09	-0.000388493062928
5.93425884983e-09	-0.000303351698676
5.9751646223e-09	-5.37704472663e-05
6.01607039478e-09	0.000232026883168
6.05697616725e-09	0.000404235499445
6.09788193973e-09	0.000370370136807
6.1387877122e-09	0.000144412450027
6.17969348468e-09	-0.000159630726557
6.22059925715e-09	-0.000386326457374
6.26150502963e-09	-0.000418948882725
6.3024108021e-09	-0.000239561195485
6.34331657458e-09	6.18164485786e-05
6.38422234705e-09	0.000333296775352
6.42512811953e-09	0.00043843415915
6.46603389201e-09	0.000325070286635
6.50693966448e-09	5.08983648615e-05
6.54784543696e-09	-0.000246585317655
6.58875120943e-09	-0.000419762625825
6.62965698191e-09	-0.000384560902603
6.67056275438e-09	-0.000161180199939
6.71146852686e-09	0.000137762195664
6.75237429933e-09	0.000364613981219
6.79328007181e-09	0.000410078064306
6.83418584428e-09	0.000255934050074
6.87509161676e-09	-1.83286210813e-05
6.91599738923e-09	-0.000276905513601
6.95690316171e-09	-0.000395357259549
6.99780893419e-09	-0.000320652936352
7.03871470666e-09	-9.45583014982e-05
7.07962047914e-09	0.000169713515788
7.12052625161e-09	0.000344539177604
7.16143202409e-09	0.000349715119228
7.20233779656e-09	0.000189050304471
7.24324356904e-09	-5.48307871213e-05
7.28414934151e-09	-0.000263161200564
7.32505511399e-09	-0.000339059479302
7.36596088646e-09	-0.000252486672252
7.40686665894e-09	-5.13478371431e-05
7.44777243142e-09	0.000164851051522
7.48867820389e-09	0.000294376572128
7.52958397637e-09	0.000281109649222
7.57048974884e-09	0.000138392410008
7.61139552132e-09	-6.09653216088e-05
7.65230129379e-09	-0.000221863680054
7.69320706627e-09	-0.000272283010418
7.73411283874e-09	-0.000195217187866
7.77501861122e-09	-3.31967385137e-05
7.81592438369e-09	0.000134915666422
7.85683015617e-09	0.000232315636822
7.89773592864e-09	0.000219155175728
7.93864170112e-09	0.000108208972961
7.9795474736e-09	-4.44617544417e-05
8.02045324607e-09	-0.000167766949744
8.06135901855e-09	-0.000208558703889
8.10226479102e-09	-0.000154109147843
8.1431705635e-09	-3.48476096406e-05
8.18407633597e-09	9.22887265915e-05
8.22498210845e-09	0.000170930899912
8.26588788092e-09	0.000169967010152
8.3067936534e-09	9.52051923377e-05
8.34769942587e-09	-1.59679329954e-05
8.38860519835e-09	-0.000113146481453
8.42951097082e-09	-0.000155533838551
8.4704167433e-09	-0.000128610743559
8.51132251578e-09	-4.83052281197e-05
8.55222828825e-09	4.79856789752e-05
8.59313406073e-09	0.000118632407975
8.6340398332e-09	0.000135429669172
8.67494560568e-09	9.43802297115e-05
8.71585137815e-09	1.57567155838e-05
8.75675715063e-09	-6.57446071273e-05
8.7976629231e-09	-0.000116052207886
8.83856869558e-09	-0.000115593378723
8.87947446805e-09	-6.65616462356e-05
8.92038024053e-09	8.92140269571e-06
8.96128601301e-09	7.85758311395e-05
9.00219178548e-09	0.000113472553494
9.04309755796e-09	9.97968018055e-05
9.08400333043e-09	4.42164709966e-05
9.12490910291e-09	-2.91939995805e-05
9.16581487538e-09	-8.91467352631e-05
9.20672064786e-09	-0.000110262823
9.24762642033e-09	-8.37308471091e-05
9.28853219281e-09	-2.10687976505e-05
9.32943796528e-09	5.06715514348e-05
9.37034373776e-09	0.000100389224826
9.41124951023e-09	0.000106345847598
9.45215528271e-09	6.57473792671e-05
9.49306105519e-09	-3.78615118279e-06
9.53396682766e-09	-7.17072252883e-05
9.57487260014e-09	-0.000107886138721
9.61577837261e-09	-9.60189354373e-05
9.65668414509e-09	-4.11059772887e-05
9.69758991756e-09	3.24981156155e-05
9.73849569004e-09	9.1796151537e-05
9.77940146251e-09	0.000109961627459
9.82030723499e-09	7.85937227192e-05
9.86121300746e-09	1.17458748718e-05
9.90211877994e-09	-6.02873260505e-05
9.94302455242e-09	-0.000104715203634
9.98393032489e-09	-0.000101264384284
1.00248360974e-08	-5.1536517276e-05
1.00657418698e-08	2.16489806917e-05
1.01066476423e-08	8.47005285323e-05
1.01475534148e-08	0.000108726519102
1.01884591873e-08	8.28796546557e-05
1.02293649597e-08	1.93431715161e-05
1.02702707322e-08	-5.23818416696e-05
1.03111765047e-08	-9.92177956505e-05
1.03520822772e-08	-9.98485047603e-05
1.03929880496e-08	-5.44903014088e-05
1.04338938221e-08	1.54232202476e-05
1.04747995946e-08	7.73924257373e-05
1.05157053671e-08	0.000103005571873
1.05566111395e-08	8.10152851045e-05
1.0597516912e-08	2.23076131078e-05
1.06384226845e-08	-4.54629152955e-05
1.0679328457e-08	-9.09545633476e-05
1.07202342294e-08	-9.37029690249e-05
1.07611400019e-08	-5.33419661224e-05
1.08020457744e-08	1.06715106085e-05
1.08429515469e-08	6.84581755195e-05
1.08838573193e-08	9.36931901379e-05
1.09247630918e-08	7.56122535677e-05
1.09656688643e-08	2.35659645114e-05
1.10065746368e-08	-3.77838441636e-05
1.10474804093e-08	-8.0164791143e-05
1.10883861817e-08	-8.47476621857e-05
1.11292919542e-08	-5.05067873746e-05
1.11701977267e-08	5.8446598814e-06
1.12111034992e-08	5.80503765377e-05
1.12520092716e-08	8.2552593085e-05
1.12929150441e-08	6.90683955327e-05
1.13338208166e-08	2.48191099672e-05
1.13747265891e-08	-2.92632685159e-05
1.14156323615e-08	-6.8434223067e-05
1.1456538134e-08	-7.54568754928e-05
1.14974439065e-08	-4.8141067964e-05
1.1538349679e-08	1.79242761078e-07
1.15792554514e-08	4.71517632832e-05
1.16201612239e-08	7.17322036508e-05
1.16610669964e-08	6.35584437987e-05
1.17019727689e-08	2.72137604043e-05
1.17428785413e-08	-2.02984192583e-05
1.17837843138e-08	-5.74540899834e-05
1.18246900863e-08	-6.78773139953e-05
1.18655958588e-08	-4.75225133414e-05
1.19065016312e-08	-6.19582124273e-06
1.19474074037e-08	3.71837595594e-05
1.19883131762e-08	6.32391311228e-05
1.20292189487e-08	6.06905487075e-05
1.20701247211e-08	3.11382718792e-05
1.21110304936e-08	-1.18635871331e-05
1.21519362661e-08	-4.89571575599e-05
1.21928420386e-08	-6.36360418866e-05
1.2233747811e-08	-4.95262102049e-05
1.22746535835e-08	-1.31408469315e-05
1.2315559356e-08	2.90837651846e-05
1.23564651285e-08	5.81622880418e-05
1.23973709009e-08	6.11006471445e-05
1.24382766734e-08	3.66537715308e-05
1.24791824459e-08	-4.19605885327e-06
1.25200882184e-08	-4.3134423322e-05
1.25609939908e-08	-6.25802858849e-05
1.26018997633e-08	-5.36024745088e-05
1.26428055358e-08	-2.00952563318e-05
1.26837113083e-08	2.28396420425e-05
1.27246170807e-08	5.57253952138e-05
1.27655228532e-08	6.35192700429e-05
1.28064286257e-08	4.24809040851e-05
1.28473343982e-08	1.97731515073e-06
1.28882401706e-08	-3.96309405915e-05
1.29291459431e-08	-6.33044837741e-05
1.29700517156e-08	-5.79931947868e-05
1.30109574881e-08	-2.57954652625e-05
1.30518632605e-08	1.87540608749e-05
1.3092769033e-08	5.51493139938e-05
1.31336748055e-08	6.6432156018e-05
1.3174580578e-08	4.7210334742e-05
1.32154863504e-08	6.18263857177e-06
1.32563921229e-08	-3.78725817427e-05
1.32972978954e-08	-6.46439439151e-05
1.33382036679e-08	-6.15641474724e-05
1.33791094403e-08	-2.98125960398e-05
1.34200152128e-08	1.60494892043e-05
1.34609209853e-08	5.47694617126e-05
1.35018267578e-08	6.83600956108e-05
1.35427325303e-08	5.04395720782e-05
1.35836383027e-08	9.32187595026e-06
1.36245440752e-08	-3.58970792149e-05
1.36654498477e-08	-6.42897648504e-05
1.37063556202e-08	-6.29202768323e-05
1.37472613926e-08	-3.25437576976e-05
1.37881671651e-08	1.27738694573e-05
1.38290729376e-08	5.2099898312e-05
1.38699787101e-08	6.72377645969e-05
1.39108844825e-08	5.14911662322e-05
1.3951790255e-08	1.25855567603e-05
1.39926960275e-08	-3.12803422275e-05
1.40336018e-08	-6.01471729169e-05
1.40745075724e-08	-6.11835857853e-05
1.41154133449e-08	-3.4468852391e-05
1.41563191174e-08	7.32618627808e-06
1.41972248899e-08	4.50146399089e-05
1.42381306623e-08	6.18483391008e-05
1.42790364348e-08	5.07785589434e-05
1.43199422073e-08	1.7449596271e-05
1.43608479798e-08	-2.25176117965e-05
1.44017537522e-08	-5.1057064411e-05
1.44426595247e-08	-5.61530614505e-05
1.44835652972e-08	-3.66711610695e-05
1.45244710697e-08	-1.85234171113e-06
1.45653768421e-08	3.28286587319e-05
1.46062826146e-08	5.23602502653e-05
1.46471883871e-08	4.87560682814e-05
1.46880941596e-08	2.46360941674e-05
1.4728999932e-08	-8.94240201887e-06
1.47699057045e-08	-3.74746632588e-05
1.4810811477e-08	-4.92949875479e-05
1.48517172495e-08	-3.99765376642e-05
1.48926230219e-08	-1.4383756934e-05
1.49335287944e-08	1.65409219335e-05
1.49744345669e-08	4.01986580982e-05
1.50153403394e-08	4.73092695756e-05
1.50562461118e-08	3.47368659277e-05
1.50971518843e-08	7.93567505752e-06
1.51380576568e-08	-2.18142668018e-05
1.51789634293e-08	-4.22153534601e-05
1.52198692017e-08	-4.55107401649e-05
1.52607749742e-08	-3.00381398119e-05
1.53016807467e-08	-1.64177083661e-06
1.53425865192e-08	2.83749723167e-05
1.53834922916e-08	4.72301726404e-05
1.54243980641e-08	4.68528160127e-05
1.54653038366e-08	2.65588969341e-05
1.55062096091e-08	-5.92069227423e-06
1.55471153815e-08	-3.69919944205e-05
1.5588021154e-08	-5.27153606527e-05
1.56289269265e-08	-4.58519389213e-05
1.5669832699e-08	-1.88595404325e-05
1.57107384714e-08	1.77405127033e-05
1.57516442439e-08	4.84586344101e-05
1.57925500164e-08	5.89258088439e-05
1.58334557889e-08	4.27632476203e-05
1.58743615613e-08	6.86530256644e-06
1.59152673338e-08	-3.3111355151e-05
1.59561731063e-08	-5.89745977777e-05
1.59970788788e-08	-5.90309864492e-05
1.60379846513e-08	-3.15857323585e-05
1.60788904237e-08	1.09579004857e-05
1.61197961962e-08	4.98138324474e-05
1.61607019687e-08	6.6465290729e-05
1.62016077412e-08	5.3564159316e-05
1.62425135136e-08	1.50248770296e-05
1.62834192861e-08	-3.09579700115e-05
1.63243250586e-08	-6.30961585557e-05
1.63652308311e-08	-6.50395741104e-05
1.64061366035e-08	-3.75902600354e-05
1.6447042376e-08	7.3799637903e-06
1.64879481485e-08	4.89652884426e-05
1.6528853921e-08	6.89316511853e-05
1.65697596934e-08	5.61063025089e-05
1.66106654659e-08	1.74681154022e-05
1.66515712384e-08	-2.88296141662e-05
1.66924770109e-08	-6.04545493843e-05
1.67333827833e-08	-6.3963503635e-05
1.67742885558e-08	-3.72829745174e-05
1.68151943283e-08	6.23683172307e-06
1.68561001008e-08	4.52320309705e-05
1.68970058732e-08	6.19922648184e-05
1.69379116457e-08	5.05566640641e-05
1.69788174182e-08	1.73103617271e-05
1.70197231907e-08	-2.3949851311e-05
1.70606289631e-08	-5.2088747907e-05
1.71015347356e-08	-5.44896538486e-05
1.71424405081e-08	-3.06036199618e-05
1.71833462806e-08	3.26040208165e-06
1.7224252053e-08	3.46318556694e-05
1.72651578255e-08	4.8015248467e-05
1.7306063598e-08	4.08724263252e-05
1.73469693705e-08	1.38000723382e-05
1.73878751429e-08	-1.40347965498e-05
1.74287809154e-08	-3.49601941707e-05
1.74696866879e-08	-3.7459692976e-05
1.75105924604e-08	-2.63738584181e-05
1.75514982328e-08	-1.04823084257e-06
1.75924040053e-08	1.83374449989e-05
1.76333097778e-08	2.87018938252e-05
1.76742155503e-08	2.44460952672e-05
1.77151213227e-08	1.71360388777e-05
1.77560270952e-08	6.35975993646e-07
1.77969328677e-08	-1.29234995256e-05
1.78378386402e-08	-2.15572035813e-05
1.78787444126e-08	-1.78205264092e-05
1.79196501851e-08	-1.33512239699e-05
1.79605559576e-08	-3.79162702302e-06
1.80014617301e-08	7.04143167241e-06
1.80423675025e-08	1.70332878042e-05
1.8083273275e-08	1.96266701096e-05
1.81241790475e-08	1.81967807293e-05
1.816508482e-08	1.22727997223e-05
1.82059905924e-08	-4.74319313071e-06
1.82468963649e-08	-2.13893417822e-05
1.82878021374e-08	-3.02799253404e-05
1.83287079099e-08	-2.12759659917e-05
1.83696136823e-08	-1.1908075976e-05
1.84105194548e-08	1.16075898404e-05
1.84514252273e-08	2.93365228572e-05
1.84923309998e-08	4.42765231128e-05
1.85332367723e-08	2.45732953772e-05
1.85741425447e-08	5.05984644406e-06
1.86150483172e-08	-2.97912192764e-05
1.86559540897e-08	-4.11729706684e-05
1.86968598622e-08	-5.03537958139e-05
1.87377656346e-08	-1.38784089359e-05
1.87786714071e-08	1.33441353682e-05
1.88195771796e-08	5.00402748003e-05
1.88604829521e-08	4.66489145765e-05
1.89013887245e-08	4.60796145489e-05
1.8942294497e-08	-1.36336893775e-06
1.89832002695e-08	-3.52032802766e-05
1.9024106042e-08	-6.88887375873e-05
1.90650118144e-08	-4.46790654678e-05
1.91059175869e-08	-2.09317440749e-05
1.91468233594e-08	2.76771970675e-05
1.91877291319e-08	5.3195428336e-05
1.92286349043e-08	6.80024531903e-05
1.92695406768e-08	3.38092795573e-05
1.93104464493e-08	-9.37013828661e-06
1.93513522218e-08	-4.68900907435e-05
1.93922579942e-08	-6.49182402412e-05
1.94331637667e-08	-5.00740425196e-05
1.94740695392e-08	-1.50408450281e-05
1.95149753117e-08	4.8178844736e-05
1.95558810841e-08	5.64122892683e-05
1.95967868566e-08	6.14587042946e-05
1.96376926291e-08	9.3269336503e-06
1.96785984016e-08	9.7427982837e-07
1.9719504174e-08	-6.8893074058e-05
1.97604099465e-08	-4.52308449894e-05
1.9801315719e-08	-5.64035144635e-05
1.98422214915e-08	3.5670818761e-05
1.98831272639e-08	1.38736213557e-05
1.99240330364e-08	7.9694786109e-05
1.99649388089e-08	1.31830456667e-05
2.00058445814e-08	4.05681203119e-05
2.00467503538e-08	-6.93747424521e-05
2.00876561263e-08	-1.07791274786e-05
2.01285618988e-08	-6.55825715512e-05
2.01694676713e-08	2.22845701501e-05
2.02103734437e-08	-3.0666240491e-05
2.02512792162e-08	7.64748547226e-05
2.02921849887e-08	1.20330951177e-05
2.03330907612e-08	4.1973486077e-05
2.03739965336e-08	-5.28669334017e-05
2.04149023061e-08	9.12434188649e-06
2.04558080786e-08	-3.9342965465e-05
2.04967138511e-08	-2.8574722819e-06
2.05376196235e-08	-8.39703716338e-06
2.0578525396e-08	3.73267102987e-05
2.06194311685e-08	1.9162602257e-05
2.0660336941e-08	-2.12104059756e-05
2.07012427134e-08	1.88817502931e-05
2.07421484859e-08	-3.56793170795e-05
2.07830542584e-08	1.72121217474e-05
2.08239600309e-08	-6.52865273878e-05
2.08648658033e-08	0.000110710854642
2.09057715758e-08	-5.08516095579e-05
2.09466773483e-08	8.17615073174e-05
2.09875831208e-08	-0.000130195869133
2.10284888933e-08	0.000127381179482
2.10693946657e-08	-0.000173887237906
2.11103004382e-08	0.000119402538985
2.11512062107e-08	-0.000147772952914
2.11921119832e-08	0.000244457740337
2.12330177556e-08	-0.000176882371306
2.12739235281e-08	0.000219246838242
2.13148293006e-08	-0.00020221946761
2.13557350731e-08	0.000187841244042
2.13966408455e-08	-0.000322150066495
2.1437546618e-08	0.000207531265914
2.14784523905e-08	-0.000188481528312
2.1519358163e-08	0.000255648512393
2.15602639354e-08	-0.000198415014893
2.16011697079e-08	0.000284783076495
2.16420754804e-08	-0.000147629529238
2.16829812529e-08	9.40775498748e-05
2.17238870253e-08	-0.000230146804824
2.17647927978e-08	8.39044805616e-05
2.18056985703e-08	-8.2035548985e-05
2.18466043428e-08	7.18259252608e-06
2.18875101152e-08	0.000110550550744
2.19284158877e-08	2.3199710995e-05
2.19693216602e-08	0.000162908341736
2.20102274327e-08	-0.000276486389339
2.20511332051e-08	0.00028569996357
2.20920389776e-08	-0.000426828861237
2.21329447501e-08	0.000356660224497
2.21738505226e-08	-0.000576761551201
2.2214756295e-08	0.00076762214303
2.22556620675e-08	-0.000661285594106
2.229656784e-08	0.000833723694086
2.23374736125e-08	-0.000917984172702
2.23783793849e-08	0.00105308927596
2.24192851574e-08	-0.00121438503265
2.24601909299e-08	0.00109673291445
2.25010967024e-08	-0.00126679241657
2.25420024748e-08	0.00142100825906
2.25829082473e-08	-0.00141252204776
2.26238140198e-08	0.00149980932474
2.26647197923e-08	-0.0013857409358
2.27056255647e-08	0.00147847831249
2.27465313372e-08	-0.001629922539
2.27874371097e-08	0.00141349807382
2.28283428822e-08	-0.00131623446941
2.28692486546e-08	0.001285424456
2.29101544271e-08	-0.0012310706079
2.29510601996e-08	0.0011325199157
2.29919659721e-08	-0.000725623220205
2.30328717445e-08	0.000517351552844
2.3073777517e-08	-0.000473579391837
2.31146832895e-08	9.84482467175e-05
2.3155589062e-08	0.0003168489784
2.31964948344e-08	-0.000771284103394
2.32374006069e-08	0.0011496655643
2.32783063794e-08	-0.00135319679976
2.33192121519e-08	0.00201071053743
2.33601179243e-08	-0.00275677442551
2.34010236968e-08	0.00316595286131
2.34419294693e-08	-0.00360678881407
2.34828352418e-08	0.00410801172256
2.35237410143e-08	-0.00501234829426
2.35646467867e-08	0.00581376254559
2.36055525592e-08	-0.00596088171005
2.36464583317e-08	0.00650572776794
2.36873641042e-08	-0.00735193490982
2.37282698766e-08	0.00803415477276
2.37691756491e-08	-0.00848788022995
2.38100814216e-08	0.0084311068058
2.38509871941e-08	-0.00890654325485
2.38918929665e-08	0.0096776932478
2.3932798739e-08	-0.00970961153507
2.39737045115e-08	0.00946050882339
2.4014610284e-08	-0.00904704630375
2.40555160564e-08	0.00915497541428
2.40964218289e-08	-0.00932338833809
2.41373276014e-08	0.00811474025249
2.41782333739e-08	-0.00683236122131
2.42191391463e-08	0.00610584020615
2.42600449188e-08	-0.00534729659557
2.43009506913e-08	0.00398994982243
2.43418564638e-08	-0.00138513743877
2.43827622362e-08	-0.000775963068008
2.44236680087e-08	0.00217851996422
2.44645737812e-08	-0.00446027517319
2.45054795537e-08	0.0076072961092
2.45463853261e-08	-0.0112844109535
2.45872910986e-08	0.0142362415791
2.46281968711e-08	-0.0165342092514
2.46691026436e-08	0.0203921794891
2.4710008416e-08	-0.0250905156136
2.47509141885e-08	0.0290328860283
2.4791819961e-08	-0.0320529341698
2.48327257335e-08	0.0352789759636
2.48736315059e-08	-0.0402026176453
2.49145372784e-08	0.0448398590088
2.49554430509e-08	-0.0475347042084
2.49963488234e-08	0.0500191450119
2.50372545958e-08	-0.0533940792084
2.50781603683e-08	0.0571061372757
2.51190661408e-08	-0.059362411499
2.51599719133e-08	0.059489607811
2.52008776857e-08	-0.0598891973495
2.52417834582e-08	0.061101436615
2.52826892307e-08	-0.0608767271042
2.53235950032e-08	0.0580915212631
2.53645007756e-08	-0.0537559986115
2.54054065481e-08	0.0501247644424
2.54463123206e-08	-0.0462032556534
2.54872180931e-08	0.0386881232262
2.55281238655e-08	-0.0286967158318
2.5569029638e-08	0.0188823342323
2.56099354105e-08	-0.00880545377731
2.5650841183e-08	-0.00373715162277
2.56917469554e-08	0.0200051665306
2.57326527279e-08	-0.0372262001038
2.57735585004e-08	0.0536115169525
2.58144642729e-08	-0.0719330310822
2.58553700453e-08	0.0934846401215
2.58962758178e-08	-0.117023706436
2.59371815903e-08	0.139729261398
2.59780873628e-08	-0.161364555359
2.60189931352e-08	0.186303138733
2.60598989077e-08	-0.213634967804
2.61008046802e-08	0.238530635834
2.61417104527e-08	-0.260947704315
2.61826162252e-08	0.283863067627
2.62235219976e-08	-0.308918952942
2.62644277701e-08	0.331446647644
2.63053335426e-08	-0.347526550293
2.63462393151e-08	0.361633300781
2.63871450875e-08	-0.375829696655
2.642805086e-08	0.386982917786
2.64689566325e-08	-0.390025138855
2.6509862405e-08	0.38450050354
2.65507681774e-08	-0.377135276794
2.65916739499e-08	0.36742401123
2.66325797224e-08	-0.347023963928
2.66734854949e-08	0.31343126297
2.67143912673e-08	-0.272504806519
2.67552970398e-08	0.230413913727
2.67962028123e-08	-0.17906999588
2.68371085848e-08	0.108820438385
2.68780143572e-08	-0.0270342826843
2.69189201297e-08	-0.0568518638611
2.69598259022e-08	0.146064758301
2.70007316747e-08	-0.252650260925
2.70416374471e-08	0.377020835876
2.70825432196e-08	-0.504943847656
2.71234489921e-08	0.631765365601
2.71643547646e-08	-0.768199920654
2.7205260537e-08	0.923131942749
2.72461663095e-08	-1.08602905273
2.7287072082e-08	1.23973464966
2.73279778545e-08	-1.38696289062
2.73688836269e-08	1.54689788818
2.74097893994e-08	-1.71607589722
2.74506951719e-08	1.86952209473
2.74916009444e-08	-1.99773406982
2.75325067168e-08	2.12062454224
2.75734124893e-08	-2.24782562256
2.76143182618e-08	2.3556137085
2.76552240343e-08	-2.41987991333
2.76961298067e-08	2.45189285278
2.77370355792e-08	-2.47169876099
2.77779413517e-08	2.46891784668
2.78188471242e-08	-2.41303634644
2.78597528966e-08	2.2946434021
2.79006586691e-08	-2.13579559326
2.79415644416e-08	1.9513092041
2.79824702141e-08	-1.71184158325
2.80233759865e-08	1.38636207581
2.8064281759e-08	-0.992057800293
2.81051875315e-08	0.561046600342
2.8146093304e-08	-0.0847625732422
2.81869990764e-08	-0.481632232666
2.82279048489e-08	1.13837432861
2.82688106214e-08	-1.84091567993
2.83097163939e-08	2.57655334473
2.83506221663e-08	-3.37660980225
2.83915279388e-08	4.26441955566
2.84324337113e-08	-5.20407104492
2.84733394838e-08	6.15077209473
2.85142452562e-08	-7.11299133301
2.85551510287e-08	8.12368774414
2.85960568012e-08	-9.16787719727
2.86369625737e-08	10.183380127
2.86778683462e-08	-11.1427307129
2.87187741186e-08	12.0764465332
2.87596798911e-08	-12.9905090332
2.88005856636e-08	13.8173522949
2.88414914361e-08	-14.4996337891
2.88823972085e-08	15.051361084
2.8923302981e-08	-15.4948120117
2.89642087535e-08	15.7770690918
2.9005114526e-08	-15.8096923828
2.90460202984e-08	15.6008605957
2.90869260709e-08	-15.1631164551
2.91278318434e-08	14.466796875
2.91687376159e-08	-13.4452819824
2.92096433883e-08	12.044128418
2.92505491608e-08	-10.3120422363
2.92914549333e-08	8.25694274902
2.93323607058e-08	-5.78923034668
2.93732664782e-08	2.87069702148
2.94141722507e-08	0.465408325195
2.94550780232e-08	-4.15754699707
2.94959837957e-08	8.24475097656
2.95368895681e-08	-12.8140869141
2.95777953406e-08	17.7894897461
2.96187011131e-08	-23.0728759766
2.96596068856e-08	28.6542358398
2.9700512658e-08	-34.5502929688
2.97414184305e-08	40.7846679688
2.9782324203e-08	-47.17578125
2.98232299755e-08	53.5504150391
2.98641357479e-08	-59.9682617188
2.99050415204e-08	66.4300537109
2.99459472929e-08	-72.7813720703
2.99868530654e-08	78.6833496094
3.00277588378e-08	-84.0925292969
3.00686646103e-08	89.1137695312
3.01095703828e-08	-93.5620117188
3.01504761553e-08	97.0256347656
3.01913819277e-08	-99.3374023438
3.02322877002e-08	100.565429688
3.02731934727e-08	-100.614257812
3.03140992452e-08	99.1564941406
3.03550050176e-08	-95.8620605469
3.03959107901e-08	90.58203125
3.04368165626e-08	-83.4467773438
3.04777223351e-08	74.4597167969
3.05186281075e-08	-62.9398193359
3.055953388e-08	48.7264404297
3.06004396525e-08	-32.0548095703
3.0641345425e-08	13.2254638672
3.06822511974e-08	8.29675292969
3.07231569699e-08	-32.9483642578
3.07640627424e-08	60.2275390625
3.08049685149e-08	-89.6938476562
3.08458742873e-08	121.479248047
3.08867800598e-08	-155.834960938
3.09276858323e-08	192.496582031
3.09685916048e-08	-230.855957031
3.10094973772e-08	270.158691406
3.10504031497e-08	-310.626953125
3.10913089222e-08	352.07421875
3.11322146947e-08	-393.645507812
3.11731204672e-08	434.310546875
3.12140262396e-08	-473.29296875
3.12549320121e-08	510.615234375
3.12958377846e-08	-545.530273438
3.13367435571e-08	576.669921875
3.13776493295e-08	-602.479492188
3.1418555102e-08	622.401367188
3.14594608745e-08	-636.737304688
3.1500366647e-08	643.447265625
3.15412724194e-08	-640.29296875
3.15821781919e-08	627.134765625
3.16230839644e-08	-603.7734375
3.16639897369e-08	568.438476562
3.17048955093e-08	-519.755859375
3.17458012818e-08	456.905273438
3.17867070543e-08	-378.465332031
3.18276128268e-08	285.974609375
3.18685185992e-08	-176.965820312
3.19094243717e-08	50.50390625
3.19503301442e-08	92.8603515625
3.19912359167e-08	-252.989257812
3.20321416891e-08	428.53515625
3.20730474616e-08	-621.396484375
3.21139532341e-08	830.423828125
3.21548590066e-08	-1052.98242188
3.2195764779e-08	1287.3515625
3.22366705515e-08	-1533.65625
3.2277576324e-08	1789.015625
3.23184820965e-08	-2050.08984375
3.23593878689e-08	2312.9765625
3.24002936414e-08	-2575.640625
3.24411994139e-08	2833.5625
3.24821051864e-08	-3082.6328125
3.25230109588e-08	3317.4453125
3.25639167313e-08	-3530.8828125
3.26048225038e-08	3720.5546875
3.26457282763e-08	-3880.2734375
3.26866340487e-08	4000.984375
3.27275398212e-08	-4075.6171875
3.27684455937e-08	4100.5234375
3.28093513662e-08	-4069.34375
3.28502571386e-08	3971.625
3.28911629111e-08	-3801.2265625
3.29320686836e-08	3552.046875
3.29729744561e-08	-3219.15625
3.30138802285e-08	2797.96875
3.3054786001e-08	-2278.515625
3.30956917735e-08	1654.72265625
3.3136597546e-08	-932.43359375
3.31775033184e-08	103.64453125
3.32184090909e-08	836.77734375
3.32593148634e-08	-1887.7890625
3.33002206359e-08	3039.484375
3.33411264083e-08	-4292.3203125
3.33820321808e-08	5645.265625
3.34229379533e-08	-7086
3.34638437258e-08	8605.34375
3.35047494982e-08	-10192.25
3.35456552707e-08	11824.8125
3.35865610432e-08	-13493.28125
3.36274668157e-08	15181.625
3.36683725882e-08	-16853.46875
3.37092783606e-08	18481.65625
3.37501841331e-08	-20042.9375
3.37910899056e-08	21512.75
3.38319956781e-08	-22854.375
3.38729014505e-08	24013
3.3913807223e-08	-24955.625
3.39547129955e-08	25658.6875
3.3995618768e-08	-26074.625
3.40365245404e-08	26144.625
3.40774303129e-08	-25828.375
3.41183360854e-08	25089.5625
3.41592418579e-08	-23886.75
3.42001476303e-08	22183.46875
3.42410534028e-08	-19900.59375
3.42819591753e-08	17045.8125
3.43228649478e-08	-13569.125
3.43637707202e-08	9439.875
3.44046764927e-08	-4662.9375
3.44455822652e-08	-823.53125
3.44864880377e-08	7010.53125
3.45273938101e-08	-13837.875
3.45682995826e-08	21349.125
3.46092053551e-08	-29539.8125
3.46501111276e-08	38296
3.46910169e-08	-47629.875
3.47319226725e-08	57426.875
3.4772828445e-08	-67650.5
3.48137342175e-08	78134.5
3.48546399899e-08	-88798.5
3.48955457624e-08	99556.25
3.49364515349e-08	-110107.5
3.49773573074e-08	120416.5
3.50182630798e-08	-130317.25
3.50591688523e-08	139444
3.51000746248e-08	-147674.75
3.51409803973e-08	154751.75
3.51818861697e-08	-160483.25
3.52227919422e-08	164533
3.52636977147e-08	-166539.5
3.53046034872e-08	166439
3.53455092596e-08	-163873.75
3.53864150321e-08	158365.25
3.54273208046e-08	-149835
3.54682265771e-08	138099.25
3.55091323495e-08	-122683.5
3.5550038122e-08	103437.75
3.55909438945e-08	-80218.75
3.5631849667e-08	52966.5
3.56727554394e-08	-21212.25
3.57136612119e-08	-14900.75
3.57545669844e-08	55244.25
3.57954727569e-08	-100071.25
3.58363785293e-08	149203
3.58772843018e-08	-202317
3.59181900743e-08	259017.5
3.59590958468e-08	-319360
3.60000016192e-08	382729
3.60409073917e-08	-448436
3.60818131642e-08	515663
3.61227189367e-08	-584008
3.61636247092e-08	652448
3.62045304816e-08	-719426
3.62454362541e-08	784744
3.62863420266e-08	-846504
3.63272477991e-08	903426
3.63681535715e-08	-954544
3.6409059344e-08	997492
3.64499651165e-08	-1031352
3.6490870889e-08	1053996
3.65317766614e-08	-1063708
3.65726824339e-08	1059232
3.66135882064e-08	-1037790
3.66544939789e-08	998272
3.66953997513e-08	-938894
3.67363055238e-08	858004
3.67772112963e-08	-753764
3.68181170688e-08	624882
3.68590228412e-08	-470193
3.68999286137e-08	288498
3.69408343862e-08	-79166
3.69817401587e-08	-157437
3.70226459311e-08	422692
3.70635517036e-08	-715446
3.71044574761e-08	1034550
3.71453632486e-08	-1379356
3.7186269021e-08	1748756
3.72271747935e-08	-2137912
3.7268080566e-08	2545288
3.73089863385e-08	-2967680
3.73498921109e-08	3399400
3.73907978834e-08	-3835568
3.74317036559e-08	4269480
3.74726094284e-08	-4695864
3.75135152008e-08	5106880
3.75544209733e-08	-5495568
3.75953267458e-08	5848160
3.76362325183e-08	-6160976
3.76771382907e-08	6424352
3.77180440632e-08	-6622272
3.77589498357e-08	6746608
3.77998556082e-08	-6786144
3.78407613806e-08	6733184
3.78816671531e-08	-6567264
3.79225729256e-08	6283568
3.79634786981e-08	-5872624
3.80043844705e-08	5317728
3.8045290243e-08	-4614072
3.80861960155e-08	3752336
3.8127101788e-08	-2722272
3.81680075604e-08	1519008
3.82089133329e-08	-139696
3.82498191054e-08	-1417304
3.82907248779e-08	3151704
3.83316306503e-08	-5065856
3.83725364228e-08	7141328
3.84134421953e-08	-9382592
3.84543479678e-08	11771776
3.84952537402e-08	-14283872
3.85361595127e-08	16913408
3.85770652852e-08	-19621184
3.86179710577e-08	22383808
3.86588768302e-08	-25166656
3.86997826026e-08	27926400
3.87406883751e-08	-30633472
3.87815941476e-08	33223552
3.88224999201e-08	-35633920
3.88634056925e-08	37848704
3.8904311465e-08	-39768512
3.89452172375e-08	41331776
3.898612301e-08	-42496384
3.90270287824e-08	43159424
3.90679345549e-08	-43262208
3.91088403274e-08	42720768
3.91497460999e-08	-41504192
3.91906518723e-08	39499456
3.92315576448e-08	-36614592
3.92724634173e-08	32864128
3.93133691898e-08	-28143488
3.93542749622e-08	22341504
3.93951807347e-08	-15485632
3.94360865072e-08	7569216
3.94769922797e-08	1537984
3.95178980521e-08	-11785344
3.95588038246e-08	23128128
3.95997095971e-08	-35576832
3.96406153696e-08	49132032
3.9681521142e-08	-63699200
3.97224269145e-08	79094784
3.9763332687e-08	-95331328
3.98042384595e-08	112269312
3.98451442319e-08	-129655296
3.98860500044e-08	147281920
3.99269557769e-08	-165058048
3.99678615494e-08	182653952
4.00087673218e-08	-199642624
4.00496730943e-08	215915520
4.00905788668e-08	-231112704
4.01314846393e-08	244723712
4.01723904117e-08	-256368640
4.02132961842e-08	265803776
4.02542019567e-08	-272402944
4.02951077292e-08	275694080
4.03360135016e-08	-275408896
4.03769192741e-08	270966784
4.04178250466e-08	-261832192
4.04587308191e-08	247586816
4.04996365915e-08	-228014592
4.0540542364e-08	202475008
4.05814481365e-08	-170444032
4.0622353909e-08	131942400
4.06632596814e-08	-86609408
4.07041654539e-08	34061824
4.07450712264e-08	25852672
4.07859769989e-08	-92914176
4.08268827713e-08	166919168
4.08677885438e-08	-248339456
4.09086943163e-08	336543744
4.09496000888e-08	-430486528
4.09905058612e-08	530259968
4.10314116337e-08	-635232256
4.10723174062e-08	743772160
4.11132231787e-08	-855144448
4.11541289512e-08	968009728
4.11950347236e-08	-1081389056
4.12359404961e-08	1192734720
4.12768462686e-08	-1300013056
4.13177520411e-08	1402384384
4.13586578135e-08	-1496707072
4.1399563586e-08	1580384256
4.14404693585e-08	-1651347456
4.1481375131e-08	1707298816
4.15222809034e-08	-1744371712
4.15631866759e-08	1759838208
4.16040924484e-08	-1751412736
4.16449982209e-08	1716346880
4.16859039933e-08	-1650274304
4.17268097658e-08	1550917632
4.17677155383e-08	-1416787968
4.18086213108e-08	1243027456
4.18495270832e-08	-1028292608
4.18904328557e-08	772667392
4.19313386282e-08	-471527424
4.19722444007e-08	124024832
4.20131501731e-08	269336576
4.20540559456e-08	-707813376
4.20949617181e-08	1192607744
4.21358674906e-08	-1723285504
4.2176773263e-08	2294099968
4.22176790355e-08	-2904375296
4.2258584808e-08	3550920704
4.22994905805e-08	-4225761280
4.23403963529e-08	4924465152
4.23813021254e-08	-5637898240
4.24222078979e-08	6358728704
4.24631136704e-08	-7078019072
4.25040194428e-08	7781908480
4.25449252153e-08	-8462630912
4.25858309878e-08	9102229504
4.26267367603e-08	-9687646208
4.26676425327e-08	10205970432
4.27085483052e-08	-10634903552
4.27494540777e-08	10959486976
4.27903598502e-08	-11166711808
4.28312656226e-08	11228020736
4.28721713951e-08	-11133485056
4.29130771676e-08	10860789760
4.29539829401e-08	-10386079744
4.29948887125e-08	9701179392
4.3035794485e-08	-8777105408
4.30767002575e-08	7609188352
4.311760603e-08	-6180438016
4.31585118024e-08	4469751808
4.31994175749e-08	-2472394752
4.32403233474e-08	187613184
4.32812291199e-08	2393047040
4.33221348923e-08	-5275402240
4.33630406648e-08	8446918656
4.34039464373e-08	-11887312896
4.34448522098e-08	15598714880
4.34857579822e-08	-19561971712
4.35266637547e-08	23721410560
4.35675695272e-08	-28064743424
4.36084752997e-08	32562479104
4.36493810722e-08	-37129027584
4.36902868446e-08	41727295488
4.37311926171e-08	-46299611136
4.37720983896e-08	50773229568
4.38130041621e-08	-55051288576
4.38539099345e-08	59040989184
4.3894815707e-08	-62706548736
4.39357214795e-08	65865121792
4.3976627252e-08	-68426792960
4.40175330244e-08	70332055552
4.40584387969e-08	-71430569984
4.40993445694e-08	71580647424
4.41402503419e-08	-70670090240
4.41811561143e-08	68635852800
4.42220618868e-08	-65294172160
4.42629676593e-08	60487892992
4.43038734318e-08	-54242705408
4.43447792042e-08	46382514176
4.43856849767e-08	-36778016768
4.44265907492e-08	25413287936
4.44674965217e-08	-12245925888
4.45084022941e-08	-2816999424
4.45493080666e-08	19802226688
4.45902138391e-08	-38628622336
4.46311196116e-08	59258961920
4.4672025384e-08	-81728897024
4.47129311565e-08	105857941504
4.4753836929e-08	-131361669120
4.47947427015e-08	158298275840
4.48356484739e-08	-186297876480
4.48765542464e-08	214982721536
4.49174600189e-08	-244285702144
4.49583657914e-08	273656840192
4.49992715638e-08	-302651015168
4.50401773363e-08	330873438208
4.50810831088e-08	-357761548288
4.51219888813e-08	382742822912
4.51628946537e-08	-405162426368
4.52038004262e-08	424439447552
4.52447061987e-08	-439973052416
4.52856119712e-08	450762899456
4.53265177436e-08	-456235417600
4.53674235161e-08	455588446208
4.54083292886e-08	-448255754240
4.54492350611e-08	433007362048
4.54901408335e-08	-409335758848
4.5531046606e-08	376837242880
4.55719523785e-08	-334264008704
4.5612858151e-08	281047728128
4.56537639234e-08	-217145409536
4.56946696959e-08	142040629248
4.57355754684e-08	-54567370752
4.57764812409e-08	-44641550336
4.58173870133e-08	155727691776
4.58582927858e-08	-278795386880
4.58991985583e-08	413810032640
4.59401043308e-08	-559535882240
4.59810101032e-08	715424530432
4.60219158757e-08	-881070178304
4.60628216482e-08	1.05428025344e+12
4.61037274207e-08	-1.23406280294e+12
4.61446331932e-08	1.41859749888e+12
4.61855389656e-08	-1.60573895475e+12
4.62264447381e-08	1.79236031693e+12
4.62673505106e-08	-1.97656576e+12
4.63082562831e-08	2.15562059776e+12
4.63491620555e-08	-2.3236486103e+12
4.6390067828e-08	2.47901821338e+12
4.64309736005e-08	-2.61864659354e+12
4.6471879373e-08	2.73572220109e+12
4.65127851454e-08	-2.82671762637e+12
4.65536909179e-08	2.8874679255e+12
4.65945966904e-08	-2.91353133056e+12
4.66355024629e-08	2.89846539059e+12
4.66764082353e-08	-2.83810935603e+12
4.67173140078e-08	2.72882257101e+12
4.67582197803e-08	-2.56388995482e+12
4.67991255528e-08	2.33949049651e+12
4.68400313252e-08	-2.05165638451e+12
4.68809370977e-08	1.69717897626e+12
4.69218428702e-08	-1.27106285568e+12
4.69627486427e-08	770892103680
4.70036544151e-08	-194636677120
4.70445601876e-08	-455518191616
4.70854659601e-08	1.1844714496e+12
4.71263717326e-08	-1.98921578086e+12
4.7167277505e-08	2.86674806374e+12
4.72081832775e-08	-3.81380512973e+12
4.724908905e-08	4.8250182697e+12
4.72899948225e-08	-5.89464128717e+12
4.73309005949e-08	7.00960473088e+12
4.73718063674e-08	-8.16667898675e+12
4.74127121399e-08	9.35002636288e+12
4.74536179124e-08	-1.0545486889e+13
4.74945236848e-08	1.17315018424e+13
4.75354294573e-08	-1.28985249874e+13
4.75763352298e-08	1.40261887836e+13
4.76172410023e-08	-1.50800328294e+13
4.76581467747e-08	1.60481453015e+13
4.76990525472e-08	-1.69042530796e+13
4.77399583197e-08	1.76109429719e+13
4.77808640922e-08	-1.81429820457e+13
4.78217698646e-08	1.84781572669e+13
4.78626756371e-08	-1.85832161935e+13
4.79035814096e-08	1.84170882007e+13
4.79444871821e-08	-1.79547752366e+13
4.79853929545e-08	1.71719838925e+13
4.8026298727e-08	-1.60246907535e+13
4.80672044995e-08	1.44920585175e+13
4.8108110272e-08	-1.25469584261e+13
4.81490160444e-08	1.01796261396e+13
4.81899218169e-08	-7.33434452378e+12
4.82308275894e-08	4.01985450803e+12
4.82717333619e-08	-236978176000
4.83126391343e-08	-4.05320761344e+12
4.83535449068e-08	8.82478206157e+12
4.83944506793e-08	-1.4080043647e+13
4.84353564518e-08	1.97849681756e+13
