0	4.63416e-05
1.19318e-11	6.80718e-05
2.38637e-11	8.88121e-05
3.57955e-11	0.000107789
4.77273e-11	0.000124243
5.96592e-11	0.000137455
7.1591e-11	0.000146772
8.35228e-11	0.000151637
9.54547e-11	0.000151611
1.07386e-10	0.000146396
1.19318e-10	0.000135858
1.3125e-10	0.000120032
1.43182e-10	9.91428e-05
1.55114e-10	7.3599e-05
1.67046e-10	4.39956e-05
1.78977e-10	1.11024e-05
1.90909e-10	-2.41509e-05
2.02841e-10	-6.06983e-05
2.14773e-10	-9.7365e-05
2.26705e-10	-0.000132902
2.38637e-10	-0.000166025
2.50568e-10	-0.000195454
2.625e-10	-0.000219963
2.74432e-10	-0.000238419
2.86364e-10	-0.000249833
2.98296e-10	-0.000253395
3.10228e-10	-0.000248519
3.22159e-10	-0.000234875
3.34091e-10	-0.000212413
3.46023e-10	-0.000181383
3.57955e-10	-0.000142343
3.69887e-10	-9.61599e-05
3.81819e-10	-4.39942e-05
3.9375e-10	1.27191e-05
4.05682e-10	7.2306e-05
4.17614e-10	0.000132897
4.29546e-10	0.000192479
4.41478e-10	0.000248957
4.5341e-10	0.000300222
4.65341e-10	0.000344222
4.77273e-10	0.000379034
4.89205e-10	0.00040294
5.01137e-10	0.000414499
5.13069e-10	0.000412606
5.25001e-10	0.000396558
5.36932e-10	0.000366093
5.48864e-10	0.00032143
5.60796e-10	0.000263284
5.72728e-10	0.000192875
5.8466e-10	0.000111909
5.96592e-10	2.25521e-05
6.08523e-10	-7.26228e-05
6.20455e-10	-0.000170697
6.32387e-10	-0.000268489
6.44319e-10	-0.000362648
6.56251e-10	-0.000449761
6.68183e-10	-0.000526464
6.80114e-10	-0.00058956
6.92046e-10	-0.000636142
7.03978e-10	-0.000663701
7.1591e-10	-0.000670244
7.27842e-10	-0.000654383
7.39774e-10	-0.000615417
7.51705e-10	-0.000553399
7.63637e-10	-0.00046917
7.75569e-10	-0.000364375
7.87501e-10	-0.000241455
7.99433e-10	-0.000103598
8.11365e-10	4.53182e-05
8.23296e-10	0.000200831
8.35228e-10	0.000358007
8.4716e-10	0.000511591
8.59092e-10	0.000656161
8.71024e-10	0.000786313
8.82956e-10	0.00089684
8.94887e-10	0.000982926
9.06819e-10	0.00104033
9.18751e-10	0.00106555
9.30683e-10	0.00105601
9.42615e-10	0.00101017
9.54547e-10	0.000927651
9.66478e-10	0.000809299
9.7841e-10	0.000657229
9.90342e-10	0.000474816
1.00227e-09	0.000266646
1.01421e-09	3.84268e-05
1.02614e-09	-0.000203151
1.03807e-09	-0.000450588
1.05e-09	-0.000695792
1.06193e-09	-0.000930325
1.07386e-09	-0.00114566
1.0858e-09	-0.0013335
1.09773e-09	-0.00148603
1.10966e-09	-0.00159623
1.12159e-09	-0.00165817
1.13352e-09	-0.00166724
1.14546e-09	-0.0016204
1.15739e-09	-0.00151636
1.16932e-09	-0.00135568
1.18125e-09	-0.00114091
1.19318e-09	-0.000876547
1.20511e-09	-0.000569012
1.21705e-09	-0.000226519
1.22898e-09	0.000141109
1.24091e-09	0.000522697
1.25284e-09	0.000906027
1.26477e-09	0.0012782
1.27671e-09	0.00162606
1.28864e-09	0.00193658
1.30057e-09	0.00219738
1.3125e-09	0.00239712
1.32443e-09	0.00252598
1.33637e-09	0.00257605
1.3483e-09	0.00254169
1.36023e-09	0.00241987
1.37216e-09	0.00221034
1.38409e-09	0.00191585
1.39602e-09	0.00154214
1.40796e-09	0.00109794
1.41989e-09	0.000594788
1.43182e-09	4.67966e-05
1.44375e-09	-0.000529709
1.45568e-09	-0.00111664
1.46762e-09	-0.00169466
1.47955e-09	-0.00224381
1.49148e-09	-0.00274411
1.50341e-09	-0.0031763
1.51534e-09	-0.00352246
1.52727e-09	-0.00376675
1.53921e-09	-0.00389597
1.55114e-09	-0.00390024
1.56307e-09	-0.00377339
1.575e-09	-0.00351342
1.58693e-09	-0.00312274
1.59887e-09	-0.00260827
1.6108e-09	-0.0019815
1.62273e-09	-0.00125822
1.63466e-09	-0.000458269
1.64659e-09	0.000394996
1.65852e-09	0.00127531
1.67046e-09	0.00215425
1.68239e-09	0.00300211
1.69432e-09	0.00378883
1.70625e-09	0.00448503
1.71818e-09	0.005063
1.73012e-09	0.00549775
1.74205e-09	0.00576796
1.75398e-09	0.00585688
1.76591e-09	0.00575312
1.77784e-09	0.00545128
1.78977e-09	0.00495239
1.80171e-09	0.0042642
1.81364e-09	0.00340121
1.82557e-09	0.00238446
1.8375e-09	0.00124119
1.84943e-09	4.11144e-06
1.86137e-09	-0.00128938
1.8733e-09	-0.0025983
1.88523e-09	-0.0038793
1.89716e-09	-0.00508799
1.90909e-09	-0.00618044
1.92102e-09	-0.00711467
1.93296e-09	-0.00785214
1.94489e-09	-0.00835926
1.95682e-09	-0.00860867
1.96875e-09	-0.00858051
1.98068e-09	-0.00826339
1.99262e-09	-0.00765517
2.00455e-09	-0.00676343
2.01648e-09	-0.00560563
2.02841e-09	-0.00420898
2.04034e-09	-0.00260994
2.05228e-09	-0.000853368
2.06421e-09	0.00100859
2.07614e-09	0.00291796
2.08807e-09	0.00481268
2.1e-09	0.00662845
2.11193e-09	0.00830088
2.12387e-09	0.00976761
2.1358e-09	0.0109705
2.14773e-09	0.0118579
2.15966e-09	0.0123864
2.17159e-09	0.012523
2.18353e-09	0.0122463
2.19546e-09	0.0115481
2.20739e-09	0.0104339
2.21932e-09	0.00892342
2.23125e-09	0.00705062
2.24318e-09	0.00486306
2.25512e-09	0.00242089
2.26705e-09	-0.00020468
2.27898e-09	-0.00293327
2.29091e-09	-0.00567768
2.30284e-09	-0.00834657
2.31478e-09	-0.0108473
2.32671e-09	-0.0130892
2.33864e-09	-0.0149863
2.35057e-09	-0.0164609
2.3625e-09	-0.0174462
2.37443e-09	-0.0178891
2.38637e-09	-0.0177526
2.3983e-09	-0.0170177
2.41023e-09	-0.0156846
2.42216e-09	-0.0137736
2.43409e-09	-0.0113255
2.44603e-09	-0.0084004
2.45796e-09	-0.00507709
2.46989e-09	-0.00145081
2.48182e-09	0.00236921
2.49375e-09	0.00626287
2.50568e-09	0.0101028
2.51762e-09	0.0137584
2.52955e-09	0.0171
2.54148e-09	0.0200035
2.55341e-09	0.0223544
2.56534e-09	0.0240524
2.57728e-09	0.0250151
2.58921e-09	0.0251815
2.60114e-09	0.024515
2.61307e-09	0.0230054
2.625e-09	0.0206705
2.63693e-09	0.0175564
2.64887e-09	0.013737
2.6608e-09	0.00931278
2.67273e-09	0.00440842
2.68466e-09	-0.000830673
2.69659e-09	-0.00624226
2.70853e-09	-0.0116522
2.72046e-09	-0.0168796
2.73239e-09	-0.0217432
2.74432e-09	-0.0260666
2.75625e-09	-0.0296853
2.76818e-09	-0.032452
2.78012e-09	-0.0342423
2.79205e-09	-0.03496
2.80398e-09	-0.0345412
2.81591e-09	-0.0329576
2.82784e-09	-0.030219
2.83978e-09	-0.0263739
2.85171e-09	-0.0215099
2.86364e-09	-0.0157518
2.87557e-09	-0.00925888
2.8875e-09	-0.00222079
2.89944e-09	0.00514763
2.91137e-09	0.0126127
2.9233e-09	0.019929
2.93523e-09	0.0268474
2.94716e-09	0.0331228
2.95909e-09	0.0385231
2.97103e-09	0.0428368
2.98296e-09	0.0458815
2.99489e-09	0.0475106
3.00682e-09	0.0476195
3.01875e-09	0.0461507
3.03069e-09	0.0430974
3.04262e-09	0.0385057
3.05455e-09	0.0324744
3.06648e-09	0.0251539
3.07841e-09	0.016743
3.09034e-09	0.00748384
3.10228e-09	-0.00234486
3.11421e-09	-0.0124356
3.12614e-09	-0.0224617
3.13807e-09	-0.0320872
3.15e-09	-0.0409781
3.16194e-09	-0.0488135
3.17387e-09	-0.0552968
3.1858e-09	-0.0601664
3.19773e-09	-0.0632058
3.20966e-09	-0.064252
3.22159e-09	-0.0632032
3.23353e-09	-0.060024
3.24546e-09	-0.0547489
3.25739e-09	-0.0474832
3.26932e-09	-0.0384025
3.28125e-09	-0.0277483
3.29319e-09	-0.0158227
3.30512e-09	-0.0029803
3.31705e-09	0.0103824
3.32898e-09	0.0238385
3.34091e-09	0.036944
3.35284e-09	0.0492521
3.36478e-09	0.0603282
3.37671e-09	0.0697646
3.38864e-09	0.0771952
3.40057e-09	0.0823088
3.4125e-09	0.0848616
3.42444e-09	0.084687
3.43637e-09	0.0817042
3.4483e-09	0.0759231
3.46023e-09	0.0674473
3.47216e-09	0.0564732
3.48409e-09	0.0432864
3.49603e-09	0.0282553
3.50796e-09	0.011821
3.51989e-09	-0.00551487
3.53182e-09	-0.0232052
3.54375e-09	-0.0406744
3.55569e-09	-0.0573361
3.56762e-09	-0.0726132
3.57955e-09	-0.0859568
3.59148e-09	-0.0968656
3.60341e-09	-0.104904
3.61534e-09	-0.109719
3.62728e-09	-0.111054
3.63921e-09	-0.108759
3.65114e-09	-0.102803
3.66307e-09	-0.0932728
3.675e-09	-0.0803785
3.68694e-09	-0.0644474
3.69887e-09	-0.0459175
3.7108e-09	-0.0253261
3.72273e-09	-0.00329468
3.73466e-09	0.0194893
3.7466e-09	0.0422932
3.75853e-09	0.0643628
3.77046e-09	0.084946
3.78239e-09	0.103319
3.79432e-09	0.118809
3.80625e-09	0.130823
3.81819e-09	0.138862
3.83012e-09	0.142549
3.84205e-09	0.141637
3.85398e-09	0.136028
3.86591e-09	0.125776
3.87785e-09	0.111088
3.88978e-09	0.0923273
3.90171e-09	0.0700014
3.91364e-09	0.0447497
3.92557e-09	0.0173265
3.9375e-09	-0.0114214
3.94944e-09	-0.0405795
3.96137e-09	-0.0691954
3.9733e-09	-0.0963084
3.98523e-09	-0.120982
3.99716e-09	-0.142334
4.0091e-09	-0.15957
4.02103e-09	-0.172011
4.03296e-09	-0.179118
4.04489e-09	-0.180514
4.05682e-09	-0.176002
4.06875e-09	-0.165575
4.08069e-09	-0.149423
4.09262e-09	-0.127929
4.10455e-09	-0.101663
4.11648e-09	-0.07137
4.12841e-09	-0.0379451
4.14035e-09	-0.00241129
4.15228e-09	0.0341125
4.16421e-09	0.0704459
4.17614e-09	0.105385
4.18807e-09	0.137742
4.2e-09	0.166383
4.21194e-09	0.19027
4.22387e-09	0.208496
4.2358e-09	0.220319
4.24773e-09	0.22519
4.25966e-09	0.222776
4.2716e-09	0.212977
4.28353e-09	0.195936
4.29546e-09	0.172038
4.30739e-09	0.141905
4.31932e-09	0.106377
4.33125e-09	0.0664982
4.34319e-09	0.0234769
4.35512e-09	-0.0213434
4.36705e-09	-0.0665284
4.37898e-09	-0.110598
4.39091e-09	-0.152073
4.40285e-09	-0.189526
4.41478e-09	-0.221629
4.42671e-09	-0.247201
4.43864e-09	-0.265246
4.45057e-09	-0.274997
4.4625e-09	-0.275943
4.47444e-09	-0.267851
4.48637e-09	-0.25078
4.4983e-09	-0.225091
4.51023e-09	-0.191434
4.52216e-09	-0.150737
4.5341e-09	-0.104184
4.54603e-09	-0.0531765
4.55796e-09	0.000705869
4.56989e-09	0.055753
4.58182e-09	0.110179
4.59376e-09	0.162179
4.60569e-09	0.20999
4.61762e-09	0.251948
4.62955e-09	0.286546
4.64148e-09	0.312489
4.65341e-09	0.328738
4.66535e-09	0.334553
4.67728e-09	0.329522
4.68921e-09	0.313583
4.70114e-09	0.287031
4.71307e-09	0.250517
4.72501e-09	0.205036
4.73694e-09	0.151898
4.74887e-09	0.0926923
4.7608e-09	0.0292404
4.77273e-09	-0.0364584
4.78466e-09	-0.10229
4.7966e-09	-0.166095
4.80853e-09	-0.225736
4.82046e-09	-0.279169
4.83239e-09	-0.324518
4.84432e-09	-0.360132
4.85626e-09	-0.384652
4.86819e-09	-0.397054
4.88012e-09	-0.396697
4.89205e-09	-0.383346
4.90398e-09	-0.357189
4.91591e-09	-0.318841
4.92785e-09	-0.26933
4.93978e-09	-0.210068
4.95171e-09	-0.142819
4.96364e-09	-0.0696395
4.97557e-09	0.00717787
4.98751e-09	0.0851799
4.99944e-09	0.161829
5.01137e-09	0.234584
5.0233e-09	0.300988
5.03523e-09	0.358748
5.04716e-09	0.405813
5.0591e-09	0.440448
5.07103e-09	0.461295
5.08296e-09	0.467427
5.09489e-09	0.458384
5.10682e-09	0.434198
5.11876e-09	0.395398
5.13069e-09	0.343004
5.14262e-09	0.278499
5.15455e-09	0.203793
5.16648e-09	0.12116
5.17841e-09	0.0331755
5.19035e-09	-0.0573668
5.20228e-09	-0.147542
5.21421e-09	-0.234389
5.22614e-09	-0.315007
5.23807e-09	-0.386653
5.25001e-09	-0.446834
5.26194e-09	-0.493392
5.27387e-09	-0.524584
5.2858e-09	-0.539142
5.29773e-09	-0.536326
5.30966e-09	-0.515954
5.3216e-09	-0.478419
5.33353e-09	-0.424682
5.34546e-09	-0.356253
5.35739e-09	-0.275147
5.36932e-09	-0.183825
5.38126e-09	-0.085123
5.39319e-09	0.0178401
5.40512e-09	0.121757
5.41705e-09	0.223242
5.42898e-09	0.318937
5.44092e-09	0.405626
5.45285e-09	0.48034
5.46478e-09	0.540463
5.47671e-09	0.583819
5.48864e-09	0.608749
5.50057e-09	0.614178
5.51251e-09	0.599654
5.52444e-09	0.565375
5.53637e-09	0.512189
5.5483e-09	0.441574
5.56023e-09	0.355602
5.57217e-09	0.256878
5.5841e-09	0.148457
5.59603e-09	0.0337549
5.60796e-09	-0.0835612
5.61989e-09	-0.199691
5.63182e-09	-0.310822
5.64376e-09	-0.413259
5.65569e-09	-0.503541
5.66762e-09	-0.578564
5.67955e-09	-0.635682
5.69148e-09	-0.672807
5.70342e-09	-0.688475
5.71535e-09	-0.681911
5.72728e-09	-0.653058
5.73921e-09	-0.602588
5.75114e-09	-0.53189
5.76307e-09	-0.443032
5.77501e-09	-0.338701
5.78694e-09	-0.222124
5.79887e-09	-0.096966
5.8108e-09	0.0327859
5.82273e-09	0.162947
5.83467e-09	0.289272
5.8466e-09	0.407594
5.85853e-09	0.513962
5.87046e-09	0.604771
5.88239e-09	0.676888
5.89432e-09	0.727757
5.90626e-09	0.755491
5.91819e-09	0.758938
5.93012e-09	0.737732
5.94205e-09	0.692307
5.95398e-09	0.623897
5.96592e-09	0.534498
5.97785e-09	0.426816
5.98978e-09	0.304181
6.00171e-09	0.170443
6.01364e-09	0.0298581
6.02557e-09	-0.113057
6.03751e-09	-0.253662
6.04944e-09	-0.387351
6.06137e-09	-0.509699
6.0733e-09	-0.616611
6.08523e-09	-0.704459
6.09717e-09	-0.770207
6.1091e-09	-0.811512
6.12103e-09	-0.826809
6.13296e-09	-0.815373
6.14489e-09	-0.777342
6.15683e-09	-0.713729
6.16876e-09	-0.626389
6.18069e-09	-0.517969
6.19262e-09	-0.391828
6.20455e-09	-0.251931
6.21648e-09	-0.102724
6.22842e-09	0.051005
6.24035e-09	0.204284
6.25228e-09	0.352117
6.26421e-09	0.489645
6.27614e-09	0.612312
6.28808e-09	0.71601
6.30001e-09	0.797222
6.31194e-09	0.853141
6.32387e-09	0.881762
6.3358e-09	0.881962
6.34773e-09	0.853534
6.35967e-09	0.797208
6.3716e-09	0.714628
6.38353e-09	0.608306
6.39546e-09	0.481549
6.40739e-09	0.338349
6.41933e-09	0.183263
6.43126e-09	0.0212625
6.44319e-09	-0.142422
6.45512e-09	-0.302474
6.46705e-09	-0.453664
6.47898e-09	-0.59102
6.49092e-09	-0.709993
6.50285e-09	-0.806608
6.51478e-09	-0.877598
6.52671e-09	-0.920511
6.53864e-09	-0.933802
6.55058e-09	-0.916882
6.56251e-09	-0.870145
6.57444e-09	-0.79496
6.58637e-09	-0.69363
6.5983e-09	-0.569323
6.61023e-09	-0.425971
6.62217e-09	-0.268148
6.6341e-09	-0.100917
6.64603e-09	0.0703251
6.65796e-09	0.24003
6.66989e-09	0.402673
6.68183e-09	0.552938
6.69376e-09	0.685891
6.70569e-09	0.797141
6.71762e-09	0.882989
6.72955e-09	0.940548
6.74148e-09	0.967844
6.75342e-09	0.963883
6.76535e-09	0.928683
6.77728e-09	0.863284
6.78921e-09	0.769712
6.80114e-09	0.650917
6.81308e-09	0.510681
6.82501e-09	0.353496
6.83694e-09	0.18442
6.84887e-09	0.00891119
6.8608e-09	-0.167347
6.87273e-09	-0.338632
6.88467e-09	-0.499369
6.8966e-09	-0.644312
6.90853e-09	-0.76872
6.92046e-09	-0.868507
6.93239e-09	-0.940383
6.94433e-09	-0.981959
6.95626e-09	-0.991829
6.96819e-09	-0.969615
6.98012e-09	-0.915986
6.99205e-09	-0.832633
7.00399e-09	-0.722218
7.01592e-09	-0.588287
7.02785e-09	-0.435158
7.03978e-09	-0.267777
7.05171e-09	-0.0915616
7.06364e-09	0.0877787
7.07558e-09	0.264427
7.08751e-09	0.43265
7.09944e-09	0.586983
7.11137e-09	0.722411
7.1233e-09	0.834532
7.13524e-09	0.919699
7.14717e-09	0.975143
7.1591e-09	0.99906
7.17103e-09	0.990671
7.18296e-09	0.95025
7.19489e-09	0.879111
7.20683e-09	0.77957
7.21876e-09	0.654862
7.23069e-09	0.509043
7.24262e-09	0.346852
7.25455e-09	0.173558
7.26649e-09	-0.00521102
7.27842e-09	-0.183655
7.29035e-09	-0.35599
7.30228e-09	-0.516634
7.31421e-09	-0.660394
7.32614e-09	-0.782629
7.33808e-09	-0.879406
7.35001e-09	-0.947625
7.36194e-09	-0.985117
7.37387e-09	-0.990718
7.3858e-09	-0.964301
7.39774e-09	-0.906781
7.40967e-09	-0.82008
7.4216e-09	-0.707068
7.43353e-09	-0.571461
7.44546e-09	-0.417704
7.45739e-09	-0.25082
7.46933e-09	-0.0762472
7.48126e-09	0.100339
7.49319e-09	0.273213
7.50512e-09	0.436786
7.51705e-09	0.585785
7.52899e-09	0.715426
7.54092e-09	0.821569
7.55285e-09	0.90085
7.56478e-09	0.950787
7.57671e-09	0.969861
7.58864e-09	0.957559
7.60058e-09	0.914389
7.61251e-09	0.841861
7.62444e-09	0.742432
7.63637e-09	0.619424
7.6483e-09	0.476911
7.66024e-09	0.319586
7.67217e-09	0.152601
7.6841e-09	-0.0185956
7.69603e-09	-0.188446
7.70796e-09	-0.351457
7.71989e-09	-0.502384
7.73183e-09	-0.636398
7.74376e-09	-0.74924
7.75569e-09	-0.837362
7.76762e-09	-0.898031
7.77955e-09	-0.929423
7.79149e-09	-0.93067
7.80342e-09	-0.90189
7.81535e-09	-0.844172
7.82728e-09	-0.75954
7.83921e-09	-0.65088
7.85115e-09	-0.521843
7.86308e-09	-0.376718
7.87501e-09	-0.220294
7.88694e-09	-0.0576964
7.89887e-09	0.105777
7.9108e-09	0.264834
7.92274e-09	0.414358
7.93467e-09	0.549571
7.9466e-09	0.666193
7.95853e-09	0.760573
7.97046e-09	0.829806
7.9824e-09	0.871819
7.99433e-09	0.885441
8.00626e-09	0.870425
8.01819e-09	0.827457
8.03012e-09	0.758125
8.04205e-09	0.66486
8.05399e-09	0.55085
8.06592e-09	0.419936
8.07785e-09	0.276475
8.08978e-09	0.1252
8.10171e-09	-0.0289384
8.11365e-09	-0.180936
8.12558e-09	-0.325897
8.13751e-09	-0.459192
8.14944e-09	-0.576607
8.16137e-09	-0.674477
8.1733e-09	-0.7498
8.18524e-09	-0.800332
8.19717e-09	-0.82465
8.2091e-09	-0.822192
8.22103e-09	-0.793269
8.23296e-09	-0.739049
8.2449e-09	-0.661507
8.25683e-09	-0.563358
8.26876e-09	-0.447959
8.28069e-09	-0.319198
8.29262e-09	-0.181356
8.30455e-09	-0.0389733
8.31649e-09	0.103309
8.32842e-09	0.240895
8.34035e-09	0.369387
8.35228e-09	0.484722
8.36421e-09	0.583305
8.37615e-09	0.66212
8.38808e-09	0.718818
8.40001e-09	0.751793
8.41194e-09	0.760224
8.42387e-09	0.744092
8.4358e-09	0.704175
8.44774e-09	0.642013
8.45967e-09	0.559849
8.4716e-09	0.460552
8.48353e-09	0.347513
8.49546e-09	0.224533
8.5074e-09	0.095691
8.51933e-09	-0.0347873
8.53126e-09	-0.162671
8.54319e-09	-0.283862
8.55512e-09	-0.394523
8.56705e-09	-0.491205
8.57899e-09	-0.570948
8.59092e-09	-0.631377
8.60285e-09	-0.670771
8.61478e-09	-0.688109
8.62671e-09	-0.683096
8.63865e-09	-0.656165
8.65058e-09	-0.608454
8.66251e-09	-0.541757
8.67444e-09	-0.458463
8.68637e-09	-0.361468
8.69831e-09	-0.254075
8.71024e-09	-0.139881
8.72217e-09	-0.0226586
8.7341e-09	0.0937713
8.74603e-09	0.205662
8.75796e-09	0.309463
8.7699e-09	0.401932
8.78183e-09	0.480237
8.79376e-09	0.542041
8.80569e-09	0.585572
8.81762e-09	0.609676
8.82956e-09	0.613841
8.84149e-09	0.598207
8.85342e-09	0.563554
8.86535e-09	0.511267
8.87728e-09	0.443279
8.88921e-09	0.362006
8.90115e-09	0.270261
8.91308e-09	0.171152
8.92501e-09	0.0679827
8.93694e-09	-0.0358602
8.94887e-09	-0.137018
8.96081e-09	-0.232268
8.97274e-09	-0.318627
8.98467e-09	-0.393443
8.9966e-09	-0.454477
9.00853e-09	-0.499971
9.02046e-09	-0.528694
9.0324e-09	-0.539979
9.04433e-09	-0.533731
9.05626e-09	-0.510424
9.06819e-09	-0.471078
9.08012e-09	-0.417213
9.09206e-09	-0.350798
9.10399e-09	-0.274172
9.11592e-09	-0.18997
9.12785e-09	-0.10103
9.13978e-09	-0.0102948
9.15171e-09	0.0792807
9.16365e-09	0.164828
9.17558e-09	0.243657
9.18751e-09	0.313337
9.19944e-09	0.371777
9.21137e-09	0.417282
9.22331e-09	0.448604
9.23524e-09	0.464975
9.24717e-09	0.466125
9.2591e-09	0.452278
9.27103e-09	0.42414
9.28296e-09	0.382868
9.2949e-09	0.330022
9.30683e-09	0.267508
9.31876e-09	0.197513
9.33069e-09	0.122425
9.34262e-09	0.0447564
9.35456e-09	-0.0329449
9.36649e-09	-0.108174
9.37842e-09	-0.178553
9.39035e-09	-0.241901
9.40228e-09	-0.296308
9.41421e-09	-0.340186
9.42615e-09	-0.372318
9.43808e-09	-0.391887
9.45001e-09	-0.398499
9.46194e-09	-0.392187
9.47387e-09	-0.373399
9.48581e-09	-0.342979
9.49774e-09	-0.302129
9.50967e-09	-0.252368
9.5216e-09	-0.195471
9.53353e-09	-0.133409
9.54547e-09	-0.0682838
9.5574e-09	-0.00225245
9.56933e-09	0.0625398
9.58126e-09	0.124031
9.59319e-09	0.180305
9.60512e-09	0.229656
9.61706e-09	0.270633
9.62899e-09	0.302087
9.64092e-09	0.323197
9.65285e-09	0.333496
9.66478e-09	0.332875
9.67672e-09	0.321579
9.68865e-09	0.300193
9.70058e-09	0.269617
9.71251e-09	0.231028
9.72444e-09	0.185837
9.73637e-09	0.135639
9.74831e-09	0.0821572
9.76024e-09	0.0271838
9.77217e-09	-0.027479
9.7841e-09	-0.0800778
9.79603e-09	-0.128964
9.80797e-09	-0.172643
9.8199e-09	-0.209823
9.83183e-09	-0.239449
9.84376e-09	-0.260734
9.85569e-09	-0.273177
9.86762e-09	-0.276573
9.87956e-09	-0.271016
9.89149e-09	-0.256885
9.90342e-09	-0.234828
9.91535e-09	-0.205734
9.92728e-09	-0.170699
9.93922e-09	-0.130988
9.95115e-09	-0.0879862
9.96308e-09	-0.0431528
9.97501e-09	0.00202621
9.98694e-09	0.0460883
9.99887e-09	0.0876411
1.00108e-08	0.125406
1.00227e-08	0.158255
1.00347e-08	0.185249
1.00466e-08	0.205655
1.00585e-08	0.218975
1.00705e-08	0.224948
1.00824e-08	0.223559
1.00943e-08	0.215029
1.01063e-08	0.199805
1.01182e-08	0.178541
1.01301e-08	0.152068
1.01421e-08	0.121364
1.0154e-08	0.0875231
1.01659e-08	0.051711
1.01779e-08	0.0151292
1.01898e-08	-0.0210258
1.02017e-08	-0.0556008
1.02136e-08	-0.0875228
1.02256e-08	-0.115831
1.02375e-08	-0.139706
1.02494e-08	-0.158491
1.02614e-08	-0.171711
1.02733e-08	-0.179083
1.02852e-08	-0.18052
1.02972e-08	-0.176128
1.03091e-08	-0.166198
1.0321e-08	-0.151195
1.0333e-08	-0.131732
1.03449e-08	-0.108553
1.03568e-08	-0.0825011
1.03688e-08	-0.05449
1.03807e-08	-0.0254729
1.03926e-08	0.00358981
1.04046e-08	0.0317616
1.04165e-08	0.0581597
1.04284e-08	0.0819822
1.04404e-08	0.102532
1.04523e-08	0.119236
1.04642e-08	0.13166
1.04761e-08	0.139522
1.04881e-08	0.142693
1.05e-08	0.1412
1.05119e-08	0.135218
1.05239e-08	0.125063
1.05358e-08	0.111179
1.05477e-08	0.0941144
1.05597e-08	0.0745082
1.05716e-08	0.0530618
1.05835e-08	0.030517
1.05955e-08	0.00763003
1.06074e-08	-0.014853
1.06193e-08	-0.0362201
1.06313e-08	-0.0558156
1.06432e-08	-0.0730596
1.06551e-08	-0.0874645
1.06671e-08	-0.0986486
1.0679e-08	-0.106345
1.06909e-08	-0.110406
1.07029e-08	-0.110808
1.07148e-08	-0.107644
1.07267e-08	-0.10112
1.07386e-08	-0.0915437
1.07506e-08	-0.0793139
1.07625e-08	-0.0649021
1.07744e-08	-0.0488366
1.07864e-08	-0.0316833
1.07983e-08	-0.0140265
1.08102e-08	0.00355057
1.08222e-08	0.0204849
1.08341e-08	0.036251
1.0846e-08	0.0503768
1.0858e-08	0.0624577
1.08699e-08	0.0721671
1.08818e-08	0.0792648
1.08938e-08	0.0836024
1.09057e-08	0.085125
1.09176e-08	0.0838702
1.09296e-08	0.0799642
1.09415e-08	0.0736147
1.09534e-08	0.0651018
1.09654e-08	0.0547668
1.09773e-08	0.0429992
1.09892e-08	0.0302224
1.10011e-08	0.0168793
1.10131e-08	0.0034169
1.1025e-08	-0.00972782
1.10369e-08	-0.0221421
1.10489e-08	-0.0334498
1.10608e-08	-0.0433225
1.10727e-08	-0.0514885
1.10847e-08	-0.0577399
1.10966e-08	-0.0619374
1.11085e-08	-0.0640121
1.11205e-08	-0.0639663
1.11324e-08	-0.0618703
1.11443e-08	-0.0578583
1.11563e-08	-0.0521221
1.11682e-08	-0.0449029
1.11801e-08	-0.0364816
1.11921e-08	-0.0271688
1.1204e-08	-0.0172936
1.12159e-08	-0.00719235
1.12279e-08	0.00280239
1.12398e-08	0.0123727
1.12517e-08	0.0212248
1.12636e-08	0.0290981
1.12756e-08	0.0357722
1.12875e-08	0.0410729
1.12994e-08	0.0448762
1.13114e-08	0.0471106
1.13233e-08	0.0477575
1.13352e-08	0.0468504
1.13472e-08	0.0444717
1.13591e-08	0.0407485
1.1371e-08	0.0358468
1.1383e-08	0.029965
1.13949e-08	0.0233264
1.14068e-08	0.0161707
1.14188e-08	0.00874618
1.14307e-08	0.00130114
1.14426e-08	-0.00592419
1.14546e-08	-0.0127051
1.14665e-08	-0.018839
1.14784e-08	-0.0241514
1.14904e-08	-0.0285006
1.15023e-08	-0.0317806
1.15142e-08	-0.0339242
1.15261e-08	-0.0349028
1.15381e-08	-0.0347266
1.155e-08	-0.0334428
1.15619e-08	-0.0311326
1.15739e-08	-0.0279072
1.15858e-08	-0.0239035
1.15977e-08	-0.0192787
1.16097e-08	-0.0142041
1.16216e-08	-0.0088593
1.16335e-08	-0.00342624
1.16455e-08	0.00191704
1.16574e-08	0.00700193
1.16693e-08	0.0116743
1.16813e-08	0.0157991
1.16932e-08	0.0192639
1.17051e-08	0.0219816
1.17171e-08	0.0238927
1.1729e-08	0.0249657
1.17409e-08	0.0251975
1.17529e-08	0.0246122
1.17648e-08	0.0232593
1.17767e-08	0.0212114
1.17886e-08	0.0185606
1.18006e-08	0.015415
1.18125e-08	0.0118946
1.18244e-08	0.00812717
1.18364e-08	0.00424319
1.18483e-08	0.000372178
1.18602e-08	-0.00336181
1.18722e-08	-0.00684387
1.18841e-08	-0.00997166
1.1896e-08	-0.0126582
1.1908e-08	-0.0148342
1.19199e-08	-0.0164494
1.19318e-08	-0.0174738
1.19438e-08	-0.0178973
1.19557e-08	-0.0177299
1.19676e-08	-0.0170002
1.19796e-08	-0.0157537
1.19915e-08	-0.014051
1.20034e-08	-0.0119649
1.20154e-08	-0.00957777
1.20273e-08	-0.00697834
1.20392e-08	-0.00425875
1.20511e-08	-0.00151134
1.20631e-08	0.00117436
1.2075e-08	0.00371438
1.20869e-08	0.00603281
1.20989e-08	0.00806396
1.21108e-08	0.00975405
1.21227e-08	0.0110625
1.21347e-08	0.0119627
1.21466e-08	0.0124422
1.21585e-08	0.0125027
1.21705e-08	0.0121596
1.21824e-08	0.0114402
1.21943e-08	0.0103833
1.22063e-08	0.00903674
1.22182e-08	0.00745581
1.22301e-08	0.00570112
1.22421e-08	0.00383635
1.2254e-08	0.0019261
1.22659e-08	3.37746e-05
1.22779e-08	-0.00178046
1.22898e-08	-0.00346146
1.23017e-08	-0.00496069
1.23137e-08	-0.00623752
1.23256e-08	-0.0072602
1.23375e-08	-0.00800654
1.23494e-08	-0.00846419
1.23614e-08	-0.00863066
1.23733e-08	-0.00851297
1.23852e-08	-0.00812701
1.23972e-08	-0.00749665
1.24091e-08	-0.00665265
1.2421e-08	-0.00563134
1.2433e-08	-0.00447324
1.24449e-08	-0.00322153
1.24568e-08	-0.00192055
1.24688e-08	-0.000614334
1.24807e-08	0.00065483
1.24926e-08	0.00184768
1.25046e-08	0.00292913
1.25165e-08	0.0038692
1.25284e-08	0.00464381
1.25404e-08	0.00523526
1.25523e-08	0.00563255
1.25642e-08	0.00583143
1.25762e-08	0.00583425
1.25881e-08	0.00564959
1.26e-08	0.0052917
1.26119e-08	0.0047798
1.26239e-08	0.00413723
1.26358e-08	0.00339052
1.26477e-08	0.00256837
1.26597e-08	0.00170065
1.26716e-08	0.000817348
1.26835e-08	-5.23747e-05
1.26955e-08	-0.000881116
1.27074e-08	-0.00164403
1.27193e-08	-0.00231952
1.27313e-08	-0.00288978
1.27432e-08	-0.00334124
1.27551e-08	-0.00366475
1.27671e-08	-0.00385574
1.2779e-08	-0.0039141
1.27909e-08	-0.00384405
1.28029e-08	-0.00365373
1.28148e-08	-0.00335481
1.28267e-08	-0.00296193
1.28387e-08	-0.0024921
1.28506e-08	-0.00196401
1.28625e-08	-0.00139739
1.28744e-08	-0.000812281
1.28864e-08	-0.000228407
1.28983e-08	0.000335476
1.29102e-08	0.000862133
1.29222e-08	0.00133634
1.29341e-08	0.00174527
1.2946e-08	0.00207882
1.2958e-08	0.0023298
1.29699e-08	0.00249402
1.29818e-08	0.00257029
1.29938e-08	0.00256034
1.30057e-08	0.00246857
1.30176e-08	0.00230185
1.30296e-08	0.00206913
1.30415e-08	0.00178107
1.30534e-08	0.0014496
1.30654e-08	0.0010875
1.30773e-08	0.000707901
1.30892e-08	0.000323898
1.31012e-08	-5.19218e-05
1.31131e-08	-0.000407838
1.3125e-08	-0.000733341
1.31369e-08	-0.00101941
1.31489e-08	-0.00125875
1.31608e-08	-0.00144592
1.31727e-08	-0.00157744
1.31847e-08	-0.00165178
1.31966e-08	-0.00166936
1.32085e-08	-0.0016324
1.32205e-08	-0.00154479
1.32324e-08	-0.00141183
1.32443e-08	-0.00124007
1.32563e-08	-0.00103696
1.32682e-08	-0.000810618
1.32801e-08	-0.000569489
1.32921e-08	-0.000322089
1.3304e-08	-7.67113e-05
1.33159e-08	0.000158832
1.33279e-08	0.000377435
1.33398e-08	0.000572899
1.33517e-08	0.000740082
1.33637e-08	0.000875017
1.33756e-08	0.000974979
1.33875e-08	0.00103851
1.33994e-08	0.00106541
1.34114e-08	0.00105667
1.34233e-08	0.00101439
1.34352e-08	0.000941633
1.34472e-08	0.000842308
1.34591e-08	0.000720979
1.3471e-08	0.000582686
1.3483e-08	0.000432764
1.34949e-08	0.000276648
1.35068e-08	0.000119695
1.35188e-08	-3.29881e-05
1.35307e-08	-0.000176694
1.35426e-08	-0.000307251
1.35546e-08	-0.000421129
1.35665e-08	-0.000515519
1.35784e-08	-0.00058839
1.35904e-08	-0.000638513
1.36023e-08	-0.000665461
1.36142e-08	-0.000669577
1.36262e-08	-0.000651927
1.36381e-08	-0.000614224
1.365e-08	-0.000558741
1.36619e-08	-0.000488208
1.36739e-08	-0.000405698
1.36858e-08	-0.000314506
1.36977e-08	-0.000218039
1.37097e-08	-0.000119691
1.37216e-08	-2.27371e-05
1.37335e-08	6.97667e-05
1.37455e-08	0.000155071
1.37574e-08	0.000230807
1.37693e-08	0.000295042
1.37813e-08	0.00034632
1.37932e-08	0.000383682
1.38051e-08	0.00040667
1.38171e-08	0.000415319
1.3829e-08	0.000410126
1.38409e-08	0.000392006
1.38529e-08	0.000362248
1.38648e-08	0.000322445
1.38767e-08	0.000274429
1.38887e-08	0.0002202
1.39006e-08	0.000161849
1.39125e-08	0.000101487
1.39244e-08	4.11727e-05
1.39364e-08	-1.71469e-05
1.39483e-08	-7.16978e-05
1.39602e-08	-0.000120925
1.39722e-08	-0.000163533
1.39841e-08	-0.00019851
1.3996e-08	-0.000225149
1.4008e-08	-0.000243052
1.40199e-08	-0.000252126
1.40318e-08	-0.00025257
1.40438e-08	-0.000244851
1.40557e-08	-0.000229673
1.40676e-08	-0.000207946
1.40796e-08	-0.000180738
1.40915e-08	-0.000149237
1.41034e-08	-0.000114702
1.41154e-08	-7.84203e-05
1.41273e-08	-4.16633e-05
1.41392e-08	-5.64615e-06
1.41512e-08	2.85089e-05
1.41631e-08	5.98033e-05
1.4175e-08	8.73878e-05
1.41869e-08	0.000110582
1.41989e-08	0.000128886
1.42108e-08	0.000141987
1.42227e-08	0.000149759
1.42347e-08	0.000152257
1.42466e-08	0.000149701
1.42585e-08	0.000142466
1.42705e-08	0.000131054
1.42824e-08	0.000116075
1.42943e-08	9.82203e-05
1.43063e-08	7.8233e-05
1.43182e-08	5.68833e-05
