5.96592e-12	5.72823e-05
1.78977e-11	7.8614e-05
2.98296e-11	9.85691e-05
4.17614e-11	0.000116378
5.36932e-11	0.000131297
6.56251e-11	0.000142638
7.75569e-11	0.000149791
8.94887e-11	0.000152257
1.01421e-10	0.000149665
1.13352e-10	0.000141794
1.25284e-10	0.000128596
1.37216e-10	0.000110199
1.49148e-10	8.69198e-05
1.6108e-10	5.92606e-05
1.73012e-10	2.79056e-05
1.84943e-10	-6.29295e-06
1.96875e-10	-4.23341e-05
2.08807e-10	-7.90935e-05
2.20739e-10	-0.000115355
2.32671e-10	-0.000149846
2.44603e-10	-0.000181279
2.56534e-10	-0.000208397
2.68466e-10	-0.000230014
2.80398e-10	-0.000245062
2.9233e-10	-0.000252637
3.04262e-10	-0.000252039
3.16194e-10	-0.000242803
3.28125e-10	-0.000224738
3.40057e-10	-0.000197942
3.51989e-10	-0.000162818
3.63921e-10	-0.000120079
3.75853e-10	-7.07412e-05
3.87785e-10	-1.61066e-05
3.99716e-10	4.22662e-05
4.11648e-10	0.000102599
4.2358e-10	0.000162944
4.35512e-10	0.000221238
4.47444e-10	0.000275372
4.59376e-10	0.000323254
4.71307e-10	0.000362889
4.83239e-10	0.000392448
4.95171e-10	0.00041034
5.07103e-10	0.000415288
5.19035e-10	0.000406379
5.30966e-10	0.000383125
5.42898e-10	0.000345503
5.5483e-10	0.000293978
5.66762e-10	0.000229517
5.78694e-10	0.000153587
5.90626e-10	6.81277e-05
6.02557e-10	-2.44834e-05
6.14489e-10	-0.000121491
6.26421e-10	-0.000219835
6.38353e-10	-0.000316236
6.50285e-10	-0.000407299
6.62217e-10	-0.000489619
6.74148e-10	-0.000559903
6.8608e-10	-0.000615083
6.98012e-10	-0.000652437
7.09944e-10	-0.000669702
7.21876e-10	-0.000665175
7.33808e-10	-0.000637803
7.45739e-10	-0.000587256
7.57671e-10	-0.000513977
7.69603e-10	-0.000419209
7.81535e-10	-0.000304998
7.93467e-10	-0.000174166
8.05399e-10	-3.02561e-05
8.1733e-10	0.000122549
8.29262e-10	0.000279534
8.41194e-10	0.000435585
8.53126e-10	0.000585343
8.65058e-10	0.000723372
8.7699e-10	0.000844342
8.88921e-10	0.000943219
9.00853e-10	0.00101545
9.12785e-10	0.00105714
9.24717e-10	0.00106525
9.36649e-10	0.00103768
9.48581e-10	0.000973471
9.60512e-10	0.000872852
9.72444e-10	0.000737297
9.84376e-10	0.000569556
9.96308e-10	0.000373619
1.00824e-09	0.000154646
1.02017e-09	-8.11442e-05
1.0321e-09	-0.000326631
1.04404e-09	-0.000573992
1.05597e-09	-0.000814927
1.0679e-09	-0.00104092
1.07983e-09	-0.00124352
1.09176e-09	-0.00141464
1.10369e-09	-0.00154682
1.11563e-09	-0.00163355
1.12756e-09	-0.00166954
1.13949e-09	-0.00165093
1.15142e-09	-0.00157554
1.16335e-09	-0.00144299
1.17529e-09	-0.00125482
1.18722e-09	-0.00101457
1.19915e-09	-0.000727703
1.21108e-09	-0.000401556
1.22301e-09	-4.51768e-05
1.23494e-09	0.000330901
1.24688e-09	0.000714939
1.25881e-09	0.00109433
1.27074e-09	0.00145599
1.28267e-09	0.00178678
1.2946e-09	0.00207393
1.30654e-09	0.00230553
1.31847e-09	0.00247095
1.3304e-09	0.00256127
1.34233e-09	0.00256968
1.35426e-09	0.0024918
1.36619e-09	0.00232597
1.37813e-09	0.00207343
1.39006e-09	0.00173842
1.40199e-09	0.00132819
1.41392e-09	0.000852907
1.42585e-09	0.000325424
1.43779e-09	-0.000238987
1.44972e-09	-0.000823056
1.46165e-09	-0.001408
1.47358e-09	-0.0019741
1.48551e-09	-0.00250129
1.49744e-09	-0.00296988
1.50938e-09	-0.00336118
1.52131e-09	-0.00365823
1.53324e-09	-0.00384644
1.54517e-09	-0.00391421
1.5571e-09	-0.00385343
1.56904e-09	-0.00366001
1.58097e-09	-0.00333409
1.5929e-09	-0.00288036
1.60483e-09	-0.00230803
1.61676e-09	-0.00163077
1.62869e-09	-0.000866444
1.64063e-09	-3.67187e-05
1.65256e-09	0.000833507
1.66449e-09	0.00171679
1.67642e-09	0.00258394
1.68835e-09	0.00340498
1.70029e-09	0.00415003
1.71222e-09	0.00479043
1.72415e-09	0.00529971
1.73608e-09	0.00565458
1.74801e-09	0.00583592
1.75995e-09	0.00582957
1.77188e-09	0.00562705
1.78381e-09	0.00522614
1.79574e-09	0.00463121
1.80767e-09	0.00385339
1.8196e-09	0.00291049
1.83154e-09	0.00182672
1.84347e-09	0.000632135
1.8554e-09	-0.000638073
1.86733e-09	-0.00194458
1.87926e-09	-0.00324506
1.8912e-09	-0.00449545
1.90313e-09	-0.00565143
1.91506e-09	-0.00666984
1.92699e-09	-0.00751023
1.93892e-09	-0.00813637
1.95085e-09	-0.00851761
1.96279e-09	-0.0086302
1.97472e-09	-0.00845843
1.98665e-09	-0.00799543
1.99858e-09	-0.00724388
2.01051e-09	-0.00621631
2.02245e-09	-0.00493509
2.03438e-09	-0.00343214
2.04631e-09	-0.00174824
2.05824e-09	6.7941e-05
2.07017e-09	0.00196115
2.0821e-09	0.00387114
2.09404e-09	0.00573448
2.10597e-09	0.00748655
2.1179e-09	0.00906371
2.12983e-09	0.0104054
2.14176e-09	0.0114566
2.1537e-09	0.0121693
2.16563e-09	0.0125053
2.17756e-09	0.0124372
2.18949e-09	0.0119499
2.20142e-09	0.0110421
2.21335e-09	0.00972639
2.22529e-09	0.00802964
2.23722e-09	0.00599271
2.24915e-09	0.00366959
2.26108e-09	0.00112619
2.27301e-09	-0.00156141
2.28495e-09	-0.00430914
2.29688e-09	-0.00702736
2.30881e-09	-0.00962372
2.32074e-09	-0.0120061
2.33267e-09	-0.0140859
2.3446e-09	-0.0157809
2.35654e-09	-0.0170183
2.36847e-09	-0.0177381
2.3804e-09	-0.0178949
2.39233e-09	-0.0174604
2.40426e-09	-0.0164251
2.4162e-09	-0.0147993
2.42813e-09	-0.0126134
2.44006e-09	-0.00991805
2.45199e-09	-0.00678293
2.46392e-09	-0.00329529
2.47586e-09	0.000442279
2.48779e-09	0.00431467
2.49972e-09	0.00819768
2.51165e-09	0.0119618
2.52358e-09	0.0154764
2.53551e-09	0.018614
2.54745e-09	0.0212547
2.55938e-09	0.0232906
2.57131e-09	0.02463
2.58324e-09	0.0252007
2.59517e-09	0.0249536
2.60711e-09	0.0238651
2.61904e-09	0.0219389
2.63097e-09	0.0192069
2.6429e-09	0.0157291
2.65483e-09	0.0115932
2.66676e-09	0.00691198
2.6787e-09	0.00182091
2.69063e-09	-0.00352557
2.70256e-09	-0.00895863
2.71449e-09	-0.0143001
2.72642e-09	-0.0193681
2.73836e-09	-0.023983
2.75029e-09	-0.0279738
2.76222e-09	-0.0311835
2.77415e-09	-0.0334759
2.78608e-09	-0.03474
2.79801e-09	-0.0348953
2.80995e-09	-0.0338953
2.82188e-09	-0.0317306
2.83381e-09	-0.0284302
2.84574e-09	-0.0240623
2.85767e-09	-0.0187334
2.86961e-09	-0.012586
2.88154e-09	-0.00579507
2.89347e-09	0.00143637
2.9054e-09	0.00888323
2.91733e-09	0.016305
2.92926e-09	0.0234535
2.9412e-09	0.0300804
2.95313e-09	0.0359461
2.96506e-09	0.0408279
2.97699e-09	0.0445279
2.98892e-09	0.0468806
3.00086e-09	0.0477598
3.01279e-09	0.0470839
3.02472e-09	0.0448205
3.03665e-09	0.0409889
3.04858e-09	0.0356618
3.06051e-09	0.0289639
3.07245e-09	0.0210706
3.08438e-09	0.0122028
3.09631e-09	0.00262204
3.10824e-09	-0.00737758
3.12017e-09	-0.0174777
3.13211e-09	-0.0273456
3.14404e-09	-0.036645
3.15597e-09	-0.045047
3.1679e-09	-0.0522415
3.17983e-09	-0.057948
3.19176e-09	-0.0619264
3.2037e-09	-0.0639859
3.21563e-09	-0.0639933
3.22756e-09	-0.0618794
3.23949e-09	-0.0576435
3.25142e-09	-0.0513555
3.26336e-09	-0.0431561
3.27529e-09	-0.0332545
3.28722e-09	-0.0219234
3.29915e-09	-0.0094922
3.31108e-09	0.00366215
3.32302e-09	0.0171263
3.33495e-09	0.0304631
3.34688e-09	0.0432253
3.35881e-09	0.0549704
3.37074e-09	0.0652753
3.38267e-09	0.0737515
3.39461e-09	0.0800586
3.40654e-09	0.0839176
3.41847e-09	0.0851223
3.4304e-09	0.0835482
3.44233e-09	0.0791592
3.45427e-09	0.072012
3.4662e-09	0.0622567
3.47813e-09	0.0501352
3.49006e-09	0.0359753
3.50199e-09	0.0201834
3.51392e-09	0.00323244
3.52586e-09	-0.0143513
3.53779e-09	-0.0320041
3.54972e-09	-0.0491427
3.56165e-09	-0.0651829
3.57358e-09	-0.0795593
3.58552e-09	-0.0917445
3.59745e-09	-0.101268
3.60938e-09	-0.107733
3.62131e-09	-0.110833
3.63324e-09	-0.110365
3.64517e-09	-0.106236
3.65711e-09	-0.0984743
3.66904e-09	-0.0872284
3.68097e-09	-0.0727676
3.6929e-09	-0.0554759
3.70483e-09	-0.0358424
3.71677e-09	-0.0144487
3.7287e-09	0.00804822
3.74063e-09	0.0309357
3.75256e-09	0.0534672
3.76449e-09	0.0748864
3.77642e-09	0.0944522
3.78836e-09	0.111464
3.80029e-09	0.125284
3.81222e-09	0.135366
3.82415e-09	0.141268
3.83608e-09	0.142678
3.84802e-09	0.13942
3.85995e-09	0.131473
3.87188e-09	0.118967
3.88381e-09	0.102188
3.89574e-09	0.081573
3.90767e-09	0.0576966
3.91961e-09	0.0312585
3.93154e-09	0.00306223
3.94347e-09	-0.0260081
3.9554e-09	-0.0550155
3.96733e-09	-0.0829993
3.97927e-09	-0.109007
3.9912e-09	-0.132125
4.00313e-09	-0.151512
4.01506e-09	-0.166428
4.02699e-09	-0.176259
4.03892e-09	-0.180547
4.05086e-09	-0.179002
4.06279e-09	-0.171521
4.07472e-09	-0.158195
4.08665e-09	-0.139312
4.09858e-09	-0.11535
4.11052e-09	-0.0869674
4.12245e-09	-0.0549877
4.13438e-09	-0.0203737
4.14631e-09	0.0157996
4.15824e-09	0.0523781
4.17018e-09	0.0881649
4.18211e-09	0.121959
4.19404e-09	0.152594
4.20597e-09	0.178981
4.2179e-09	0.200141
4.22983e-09	0.215247
4.24177e-09	0.223649
4.2537e-09	0.224905
4.26563e-09	0.218796
4.27756e-09	0.205344
4.28949e-09	0.184811
4.30143e-09	0.157703
4.31336e-09	0.124754
4.32529e-09	0.0869097
4.33722e-09	0.045299
4.34915e-09	0.0012036
4.36108e-09	-0.0439824
4.37302e-09	-0.0887956
4.38495e-09	-0.13175
4.39688e-09	-0.171388
4.40881e-09	-0.206324
4.42074e-09	-0.235298
4.43268e-09	-0.257218
4.44461e-09	-0.271197
4.45654e-09	-0.276592
4.46847e-09	-0.27303
4.4804e-09	-0.260422
4.49233e-09	-0.238979
4.50427e-09	-0.209206
4.5162e-09	-0.171897
4.52813e-09	-0.12811
4.54006e-09	-0.0791421
4.55199e-09	-0.0264902
4.56393e-09	0.0281943
4.57586e-09	0.0831566
4.58779e-09	0.136594
4.59972e-09	0.186715
4.61165e-09	0.231799
4.62358e-09	0.270253
4.63552e-09	0.300671
4.64745e-09	0.321879
4.65938e-09	0.332984
4.67131e-09	0.333406
4.68324e-09	0.322906
4.69518e-09	0.301601
4.70711e-09	0.269965
4.71904e-09	0.228823
4.73097e-09	0.179331
4.7429e-09	0.122945
4.75483e-09	0.0613756
4.76677e-09	-0.00345832
4.7787e-09	-0.0694925
4.79063e-09	-0.134581
4.80256e-09	-0.196567
4.81449e-09	-0.25335
4.82643e-09	-0.302964
4.83836e-09	-0.343634
4.85029e-09	-0.373851
4.86222e-09	-0.392417
4.87415e-09	-0.398495
4.88608e-09	-0.391644
4.89802e-09	-0.37184
4.90995e-09	-0.339485
4.92188e-09	-0.295401
4.93381e-09	-0.240815
4.94574e-09	-0.177319
4.95768e-09	-0.106832
4.96961e-09	-0.0315352
4.98154e-09	0.0461884
4.99347e-09	0.123833
5.0054e-09	0.198849
5.01734e-09	0.268728
5.02927e-09	0.331084
5.0412e-09	0.383734
5.05313e-09	0.424778
5.06506e-09	0.452663
5.07699e-09	0.46624
5.08893e-09	0.464812
5.10086e-09	0.448163
5.11279e-09	0.416572
5.12472e-09	0.370818
5.13665e-09	0.312155
5.14859e-09	0.242287
5.16052e-09	0.163312
5.17245e-09	0.0776662
5.18438e-09	-0.0119567
5.19631e-09	-0.102686
5.20824e-09	-0.191565
5.22018e-09	-0.275653
5.23211e-09	-0.352115
5.24404e-09	-0.418321
5.25597e-09	-0.471935
5.2679e-09	-0.511
5.27984e-09	-0.534001
5.29177e-09	-0.53993
5.3037e-09	-0.528323
5.31563e-09	-0.499285
5.32756e-09	-0.453494
5.33949e-09	-0.392189
5.35143e-09	-0.31714
5.36336e-09	-0.230594
5.37529e-09	-0.135207
5.38722e-09	-0.0339705
5.39915e-09	0.0698906
5.41109e-09	0.173016
5.42302e-09	0.272019
5.43495e-09	0.3636
5.44688e-09	0.444653
5.45881e-09	0.512373
5.47074e-09	0.564354
5.48268e-09	0.598668
5.49461e-09	0.613944
5.50654e-09	0.609413
5.51847e-09	0.584947
5.5304e-09	0.541067
5.54234e-09	0.478943
5.55427e-09	0.400357
5.5662e-09	0.307653
5.57813e-09	0.203673
5.59006e-09	0.0916664
5.60199e-09	-0.0248122
5.61393e-09	-0.142014
5.62586e-09	-0.256117
5.63779e-09	-0.363351
5.64972e-09	-0.460123
5.66165e-09	-0.543137
5.67359e-09	-0.609506
5.68552e-09	-0.656851
5.69745e-09	-0.683388
5.70938e-09	-0.687993
5.72131e-09	-0.670246
5.73324e-09	-0.630455
5.74518e-09	-0.569653
5.75711e-09	-0.489576
5.76904e-09	-0.39261
5.78097e-09	-0.281723
5.7929e-09	-0.160375
5.80484e-09	-0.0324058
5.81677e-09	0.0980807
5.8287e-09	0.226853
5.84063e-09	0.349687
5.85256e-09	0.462507
5.8645e-09	0.56152
5.87643e-09	0.643341
5.88836e-09	0.705113
5.90029e-09	0.744606
5.91222e-09	0.760292
5.92415e-09	0.751408
5.93609e-09	0.717988
5.94802e-09	0.660868
5.95995e-09	0.581668
5.97188e-09	0.482748
5.98381e-09	0.367138
5.99575e-09	0.238442
6.00768e-09	0.100729
6.01961e-09	-0.0415969
6.03154e-09	-0.183938
6.04347e-09	-0.321653
6.0554e-09	-0.450208
6.06734e-09	-0.565323
6.07927e-09	-0.663123
6.0912e-09	-0.74026
6.10313e-09	-0.794032
6.11506e-09	-0.822477
6.127e-09	-0.824445
6.13893e-09	-0.799639
6.15086e-09	-0.748637
6.16279e-09	-0.672877
6.17472e-09	-0.57462
6.18665e-09	-0.456879
6.19859e-09	-0.323331
6.21052e-09	-0.178198
6.22245e-09	-0.0261167
6.23438e-09	0.128014
6.24631e-09	0.27919
6.25825e-09	0.422463
6.27018e-09	0.553105
6.28211e-09	0.666767
6.29404e-09	0.75962
6.30597e-09	0.828488
6.3179e-09	0.870955
6.32984e-09	0.885449
6.34177e-09	0.871302
6.3537e-09	0.828776
6.36563e-09	0.759062
6.37756e-09	0.664245
6.3895e-09	0.547247
6.40143e-09	0.411731
6.41336e-09	0.261989
6.42529e-09	0.102804
6.43722e-09	-0.0607015
6.44915e-09	-0.223233
6.46109e-09	-0.379496
6.47302e-09	-0.524367
6.48495e-09	-0.653068
6.49688e-09	-0.761318
6.50881e-09	-0.84548
6.52075e-09	-0.902682
6.53268e-09	-0.930919
6.54461e-09	-0.929117
6.55654e-09	-0.897178
6.56847e-09	-0.835986
6.58041e-09	-0.747384
6.59234e-09	-0.634119
6.60427e-09	-0.499755
6.6162e-09	-0.348562
6.62813e-09	-0.185377
6.64006e-09	-0.0154522
6.652e-09	0.155718
6.66393e-09	0.322573
6.67586e-09	0.479672
6.68779e-09	0.621868
6.69972e-09	0.744478
6.71166e-09	0.843441
6.72359e-09	0.91545
6.73552e-09	0.958065
6.74745e-09	0.969793
6.75938e-09	0.950146
6.77131e-09	0.899655
6.78325e-09	0.819856
6.79518e-09	0.713249
6.80711e-09	0.583213
6.81904e-09	0.433903
6.83097e-09	0.270111
6.84291e-09	0.0971177
6.85484e-09	-0.0794832
6.86677e-09	-0.253965
6.8787e-09	-0.420657
6.89063e-09	-0.574125
6.90256e-09	-0.709355
6.9145e-09	-0.821916
6.92643e-09	-0.908105
6.93836e-09	-0.96507
6.95029e-09	-0.990905
6.96222e-09	-0.984715
6.97416e-09	-0.946645
6.98609e-09	-0.877881
6.99802e-09	-0.780606
7.00995e-09	-0.657939
7.02188e-09	-0.513826
7.03381e-09	-0.352919
7.04575e-09	-0.180421
7.05768e-09	-0.00191877
7.06961e-09	0.176802
7.08154e-09	0.349942
7.09347e-09	0.511878
7.10541e-09	0.657351
7.11734e-09	0.781632
7.12927e-09	0.88068
7.1412e-09	0.951273
7.15313e-09	0.991116
7.16506e-09	0.998911
7.177e-09	0.974406
7.18893e-09	0.918398
7.20086e-09	0.832709
7.21279e-09	0.720126
7.22472e-09	0.584309
7.23666e-09	0.429675
7.24859e-09	0.261247
7.26052e-09	0.0844974
7.27245e-09	-0.0948379
7.28438e-09	-0.270942
7.29631e-09	-0.438109
7.30825e-09	-0.590929
7.32018e-09	-0.724466
7.33211e-09	-0.834414
7.34404e-09	-0.917243
7.35597e-09	-0.970309
7.36791e-09	-0.991937
7.37984e-09	-0.981479
7.39177e-09	-0.939332
7.4037e-09	-0.86692
7.41563e-09	-0.766649
7.42757e-09	-0.641826
7.4395e-09	-0.496549
7.45143e-09	-0.33557
7.46336e-09	-0.164143
7.47529e-09	0.0121531
7.48722e-09	0.187595
7.49916e-09	0.356501
7.51109e-09	0.513419
7.52302e-09	0.6533
7.53495e-09	0.771665
7.54688e-09	0.864744
7.55882e-09	0.929605
7.57075e-09	0.964238
7.58268e-09	0.967624
7.59461e-09	0.939761
7.60654e-09	0.881662
7.61847e-09	0.79532
7.63041e-09	0.683637
7.64234e-09	0.550325
7.65427e-09	0.399787
7.6662e-09	0.236965
7.67813e-09	0.0671825
7.69007e-09	-0.104036
7.702e-09	-0.271142
7.71393e-09	-0.428744
7.72586e-09	-0.571786
7.73779e-09	-0.695705
7.74972e-09	-0.796582
7.76166e-09	-0.871264
7.77359e-09	-0.917464
7.78552e-09	-0.93383
7.79745e-09	-0.919988
7.80938e-09	-0.876543
7.82132e-09	-0.805059
7.83325e-09	-0.708002
7.84518e-09	-0.588654
7.85711e-09	-0.451002
7.86904e-09	-0.299604
7.88097e-09	-0.139438
7.89291e-09	0.0242638
7.90484e-09	0.186184
7.91677e-09	0.341096
7.9287e-09	0.484034
7.94063e-09	0.610451
7.95257e-09	0.716364
7.9645e-09	0.798483
7.97643e-09	0.85431
7.98836e-09	0.882216
8.00029e-09	0.881491
8.01222e-09	0.852356
8.02416e-09	0.795954
8.03609e-09	0.714301
8.04802e-09	0.610222
8.05995e-09	0.487244
8.07188e-09	0.349485
8.08382e-09	0.201508
8.09575e-09	0.0481754
8.10768e-09	-0.105515
8.11961e-09	-0.254594
8.13154e-09	-0.394278
8.14347e-09	-0.520128
8.15541e-09	-0.628189
8.16734e-09	-0.715116
8.17927e-09	-0.778274
8.1912e-09	-0.815824
8.20313e-09	-0.826769
8.21507e-09	-0.810985
8.227e-09	-0.769216
8.23893e-09	-0.70304
8.25086e-09	-0.614812
8.26279e-09	-0.507583
8.27473e-09	-0.384989
8.28666e-09	-0.251132
8.29859e-09	-0.110443
8.31052e-09	0.0324704
8.32245e-09	0.17297
8.33438e-09	0.306541
8.34632e-09	0.428936
8.35825e-09	0.536311
8.37018e-09	0.625347
8.38211e-09	0.693351
8.39404e-09	0.738341
8.40598e-09	0.759097
8.41791e-09	0.755198
8.42984e-09	0.727028
8.44177e-09	0.67575
8.4537e-09	0.603266
8.46563e-09	0.512142
8.47757e-09	0.405521
8.4895e-09	0.287016
8.50143e-09	0.160582
8.51336e-09	0.0303905
8.52529e-09	-0.0993144
8.53723e-09	-0.22435
8.54916e-09	-0.340735
8.56109e-09	-0.444809
8.57302e-09	-0.533356
8.58495e-09	-0.6037
8.59688e-09	-0.653785
8.60882e-09	-0.682233
8.62075e-09	-0.688386
8.63268e-09	-0.672316
8.64461e-09	-0.63481
8.65654e-09	-0.577342
8.66848e-09	-0.502014
8.68041e-09	-0.41148
8.69234e-09	-0.308852
8.70427e-09	-0.197595
8.7162e-09	-0.0814094
8.72813e-09	0.0358928
8.74007e-09	0.150512
8.752e-09	0.258785
8.76393e-09	0.357302
8.77586e-09	0.443014
8.78779e-09	0.513326
8.79973e-09	0.566178
8.81166e-09	0.6001
8.82359e-09	0.614258
8.83552e-09	0.608465
8.84745e-09	0.583185
8.85938e-09	0.539506
8.87132e-09	0.479094
8.88325e-09	0.404135
8.89518e-09	0.317254
8.90711e-09	0.221424
8.91904e-09	0.119864
8.93098e-09	0.0159336
8.94291e-09	-0.0869807
8.95484e-09	-0.185575
8.96677e-09	-0.276734
8.9787e-09	-0.357629
8.99063e-09	-0.425805
9.00257e-09	-0.479256
9.0145e-09	-0.516484
9.02643e-09	-0.536535
9.03836e-09	-0.53903
9.05029e-09	-0.524158
9.06223e-09	-0.492672
9.07416e-09	-0.445847
9.08609e-09	-0.385436
9.09802e-09	-0.313602
9.10995e-09	-0.232844
9.12189e-09	-0.14591
9.13382e-09	-0.0557011
9.14575e-09	0.0348203
9.15768e-09	0.122731
9.16961e-09	0.205241
9.18154e-09	0.27978
9.19348e-09	0.344078
9.20541e-09	0.396235
9.21734e-09	0.434775
9.22927e-09	0.458687
9.2412e-09	0.46745
9.25314e-09	0.461043
9.26507e-09	0.439933
9.277e-09	0.405057
9.28893e-09	0.35778
9.30086e-09	0.299842
9.31279e-09	0.2333
9.32473e-09	0.160451
9.33666e-09	0.0837542
9.34859e-09	0.00575125
9.36052e-09	-0.0710211
9.37245e-09	-0.144112
9.38439e-09	-0.211232
9.39632e-09	-0.27033
9.40825e-09	-0.319649
9.42018e-09	-0.357781
9.43211e-09	-0.383707
9.44404e-09	-0.396821
9.45598e-09	-0.39694
9.46791e-09	-0.384309
9.47984e-09	-0.359576
9.49177e-09	-0.32377
9.5037e-09	-0.278257
9.51564e-09	-0.224692
9.52757e-09	-0.164956
9.5395e-09	-0.101095
9.55143e-09	-0.0352461
9.56336e-09	0.0304302
9.57529e-09	0.0938218
9.58723e-09	0.152932
9.59916e-09	0.205944
9.61109e-09	0.251271
9.62302e-09	0.28761
9.63495e-09	0.313972
9.64689e-09	0.329713
9.65882e-09	0.334543
9.67075e-09	0.328532
9.68268e-09	0.312098
9.69461e-09	0.285986
9.70654e-09	0.251241
9.71848e-09	0.209161
9.73041e-09	0.161258
9.74234e-09	0.109197
9.75427e-09	0.0547439
9.7662e-09	-0.000297805
9.77814e-09	-0.0541425
9.79007e-09	-0.105082
9.802e-09	-0.15154
9.81393e-09	-0.192117
9.82586e-09	-0.225636
9.8378e-09	-0.251173
9.84973e-09	-0.268081
9.86166e-09	-0.276007
9.87359e-09	-0.274897
9.88552e-09	-0.264988
9.89745e-09	-0.246797
9.90939e-09	-0.221096
9.92132e-09	-0.188884
9.93325e-09	-0.151344
9.94518e-09	-0.109809
9.95711e-09	-0.0657056
9.96905e-09	-0.020514
9.98098e-09	0.0242861
9.99291e-09	0.0672615
1.00048e-08	0.107071
1.00168e-08	0.142508
1.00287e-08	0.172535
1.00406e-08	0.196312
1.00526e-08	0.213223
1.00645e-08	0.222886
1.00764e-08	0.225165
1.00884e-08	0.220163
1.01003e-08	0.208218
1.01122e-08	0.18988
1.01242e-08	0.165897
1.01361e-08	0.137179
1.0148e-08	0.104764
1.016e-08	0.0697887
1.01719e-08	0.0334409
1.01838e-08	-0.00307517
1.01957e-08	-0.0385801
1.02077e-08	-0.0719565
1.02196e-08	-0.102184
1.02315e-08	-0.128368
1.02435e-08	-0.149769
1.02554e-08	-0.165819
1.02673e-08	-0.176138
1.02793e-08	-0.180541
1.02912e-08	-0.179038
1.03031e-08	-0.17183
1.03151e-08	-0.159296
1.0327e-08	-0.141977
1.03389e-08	-0.120557
1.03509e-08	-0.0958305
1.03628e-08	-0.0686814
1.03747e-08	-0.0400469
1.03867e-08	-0.0108878
1.03986e-08	0.0178438
1.04105e-08	0.0452347
1.04225e-08	0.0704392
1.04344e-08	0.0927051
1.04463e-08	0.111395
1.04583e-08	0.126004
1.04702e-08	0.136173
1.04821e-08	0.141696
1.0494e-08	0.142522
1.0506e-08	0.138753
1.05179e-08	0.130637
1.05298e-08	0.118555
1.05418e-08	0.103006
1.05537e-08	0.0845864
1.05656e-08	0.0639693
1.05776e-08	0.0418795
1.05895e-08	0.0190691
1.06014e-08	-0.00370753
1.06134e-08	-0.0257186
1.06253e-08	-0.0462775
1.06372e-08	-0.0647643
1.06492e-08	-0.0806434
1.06611e-08	-0.0934786
1.0673e-08	-0.102945
1.0685e-08	-0.108834
1.06969e-08	-0.111062
1.07088e-08	-0.109662
1.07208e-08	-0.104785
1.07327e-08	-0.0966902
1.07446e-08	-0.0857326
1.07565e-08	-0.0723489
1.07685e-08	-0.0570414
1.07804e-08	-0.0403596
1.07923e-08	-0.0228811
1.08043e-08	-0.00519214
1.08162e-08	0.012132
1.08281e-08	0.0285449
1.08401e-08	0.043546
1.0852e-08	0.0566953
1.08639e-08	0.0676259
1.08759e-08	0.0760538
1.08878e-08	0.0817842
1.08997e-08	0.0847154
1.09117e-08	0.0848389
1.09236e-08	0.0822375
1.09355e-08	0.0770789
1.09475e-08	0.0696086
1.09594e-08	0.0601387
1.09713e-08	0.0490362
1.09833e-08	0.0367095
1.09952e-08	0.0235936
1.10071e-08	0.0101353
1.1019e-08	-0.00322168
1.1031e-08	-0.0160508
1.10429e-08	-0.027956
1.10548e-08	-0.0385839
1.10668e-08	-0.0476334
1.10787e-08	-0.0548639
1.10906e-08	-0.0601014
1.11026e-08	-0.0632416
1.11145e-08	-0.0642515
1.11264e-08	-0.0631676
1.11384e-08	-0.060093
1.11503e-08	-0.0551917
1.11622e-08	-0.0486812
1.11742e-08	-0.0408236
1.11861e-08	-0.0319163
1.1198e-08	-0.0222805
1.121e-08	-0.0122502
1.12219e-08	-0.00216134
1.12338e-08	0.00765962
1.12458e-08	0.0169057
1.12577e-08	0.0252986
1.12696e-08	0.0325971
1.12815e-08	0.0386032
1.12935e-08	0.0431675
1.13054e-08	0.0461919
1.13173e-08	0.0476316
1.13293e-08	0.0474942
1.13412e-08	0.0458381
1.13531e-08	0.0427686
1.13651e-08	0.0384332
1.1377e-08	0.0330149
1.13889e-08	0.0267256
1.14009e-08	0.0197977
1.14128e-08	0.0124764
1.14247e-08	0.00501094
1.14367e-08	-0.00235348
1.14486e-08	-0.00938344
1.14605e-08	-0.0158645
1.14725e-08	-0.0216076
1.14844e-08	-0.0264539
1.14963e-08	-0.0302794
1.15083e-08	-0.0329972
1.15202e-08	-0.0345593
1.15321e-08	-0.0349569
1.1544e-08	-0.0342189
1.1556e-08	-0.0324097
1.15679e-08	-0.0296262
1.15798e-08	-0.0259932
1.15918e-08	-0.0216583
1.16037e-08	-0.0167865
1.16156e-08	-0.0115541
1.16276e-08	-0.00614252
1.16395e-08	-0.000732557
1.16514e-08	0.00450181
1.16634e-08	0.00939863
1.16753e-08	0.0138128
1.16872e-08	0.0176201
1.16992e-08	0.0207205
1.17111e-08	0.0230406
1.1723e-08	0.0245348
1.1735e-08	0.0251859
1.17469e-08	0.0250045
1.17588e-08	0.0240277
1.17708e-08	0.0223169
1.17827e-08	0.0199549
1.17946e-08	0.0170423
1.18065e-08	0.0136938
1.18185e-08	0.0100337
1.18304e-08	0.00619157
1.18423e-08	0.00229814
1.18543e-08	-0.00151938
1.18662e-08	-0.00514105
1.18781e-08	-0.00845787
1.18901e-08	-0.0113749
1.1902e-08	-0.0138137
1.19139e-08	-0.0157143
1.19259e-08	-0.0170366
1.19378e-08	-0.0177605
1.19497e-08	-0.0178861
1.19617e-08	-0.0174328
1.19736e-08	-0.0164381
1.19855e-08	-0.0149551
1.19975e-08	-0.0130509
1.20094e-08	-0.0108035
1.20213e-08	-0.00829887
1.20333e-08	-0.00562776
1.20452e-08	-0.00288283
1.20571e-08	-0.000155361
1.2069e-08	0.00246754
1.2081e-08	0.00490566
1.20929e-08	0.00708795
1.21048e-08	0.00895449
1.21168e-08	0.010458
1.21287e-08	0.0115647
1.21406e-08	0.0122552
1.21526e-08	0.0125242
1.21645e-08	0.0123802
1.21764e-08	0.0118447
1.21884e-08	0.0109512
1.22003e-08	0.00974292
1.22122e-08	0.00827188
1.22242e-08	0.00659626
1.22361e-08	0.00477845
1.2248e-08	0.00288289
1.226e-08	0.00097384
1.22719e-08	-0.000886689
1.22838e-08	-0.00264082
1.22958e-08	-0.00423653
1.23077e-08	-0.0056291
1.23196e-08	-0.00678224
1.23315e-08	-0.00766891
1.23435e-08	-0.00827183
1.23554e-08	-0.0085836
1.23673e-08	-0.00860654
1.23793e-08	-0.00835221
1.23912e-08	-0.0078406
1.24031e-08	-0.0070992
1.24151e-08	-0.00616171
1.2427e-08	-0.00506674
1.24389e-08	-0.00385633
1.24509e-08	-0.00257442
1.24628e-08	-0.0012654
1.24747e-08	2.74186e-05
1.24867e-08	0.0012631
1.24986e-08	0.00240433
1.25105e-08	0.00341848
1.25225e-08	0.00427845
1.25344e-08	0.00496328
1.25463e-08	0.0054586
1.25583e-08	0.0057568
1.25702e-08	0.00585695
1.25821e-08	0.00576459
1.2594e-08	0.0054912
1.2606e-08	0.00505362
1.26179e-08	0.00447325
1.26298e-08	0.00377514
1.26418e-08	0.00298702
1.26537e-08	0.00213832
1.26656e-08	0.00125909
1.26776e-08	0.000379026
1.26895e-08	-0.00047349
1.27014e-08	-0.00127223
1.27134e-08	-0.00199391
1.27253e-08	-0.00261876
1.27372e-08	-0.00313104
1.27492e-08	-0.00351938
1.27611e-08	-0.00377692
1.2773e-08	-0.00390133
1.2785e-08	-0.00389471
1.27969e-08	-0.00376327
1.28088e-08	-0.00351699
1.28208e-08	-0.0031691
1.28327e-08	-0.0027355
1.28446e-08	-0.00223412
1.28565e-08	-0.00168426
1.28685e-08	-0.0011059
1.28804e-08	-0.000518988
1.28923e-08	5.71523e-05
1.29043e-08	0.000604462
1.29162e-08	0.00110665
1.29281e-08	0.00154966
1.29401e-08	0.00192199
1.2952e-08	0.00221496
1.29639e-08	0.0024229
1.29759e-08	0.00254311
1.29878e-08	0.00257588
1.29997e-08	0.0025243
1.30117e-08	0.00239407
1.30236e-08	0.00219311
1.30355e-08	0.0019313
1.30475e-08	0.00161998
1.30594e-08	0.00127156
1.30713e-08	0.00089906
1.30833e-08	0.000515647
1.30952e-08	0.000134208
1.31071e-08	-0.000233056
1.3119e-08	-0.000574992
1.3131e-08	-0.000881805
1.31429e-08	-0.00114531
1.31548e-08	-0.00135912
1.31668e-08	-0.00151878
1.31787e-08	-0.00162177
1.31906e-08	-0.00166757
1.32026e-08	-0.0016575
1.32145e-08	-0.00159463
1.32264e-08	-0.00148359
1.32384e-08	-0.00133035
1.32503e-08	-0.00114194
1.32622e-08	-0.000926172
1.32742e-08	-0.000691367
1.32861e-08	-0.000446046
1.3298e-08	-0.000198645
1.331e-08	4.27527e-05
1.33219e-08	0.000270662
1.33338e-08	0.000478408
1.33458e-08	0.000660303
1.33577e-08	0.000811781
1.33696e-08	0.00092949
1.33815e-08	0.00101134
1.33935e-08	0.00105651
1.34054e-08	0.00106539
1.34173e-08	0.00103955
1.34293e-08	0.000981594
1.34412e-08	0.00089502
1.34531e-08	0.000784088
1.34651e-08	0.000653624
1.3477e-08	0.00050884
1.34889e-08	0.000355142
1.35009e-08	0.000197949
1.35128e-08	4.25143e-05
1.35247e-08	-0.000106238
1.35367e-08	-0.000243853
1.35486e-08	-0.000366468
1.35605e-08	-0.000470905
1.35725e-08	-0.00055474
1.35844e-08	-0.00061634
1.35963e-08	-0.00065488
1.36083e-08	-0.000670323
1.36202e-08	-0.00066338
1.36321e-08	-0.000635452
1.3644e-08	-0.000588544
1.3656e-08	-0.000525171
1.36679e-08	-0.000448248
1.36798e-08	-0.000360975
1.36918e-08	-0.000266719
1.37037e-08	-0.000168892
1.37156e-08	-7.08425e-05
1.37276e-08	2.4251e-05
1.37395e-08	0.000113477
1.37514e-08	0.000194267
1.37634e-08	0.000264465
1.37753e-08	0.000322373
1.37872e-08	0.000366781
1.37992e-08	0.000396982
1.38111e-08	0.000412767
1.3823e-08	0.000414405
1.3835e-08	0.000402609
1.38469e-08	0.000378489
1.38588e-08	0.000343492
1.38708e-08	0.000299342
1.38827e-08	0.000247962
1.38946e-08	0.000191408
1.39065e-08	0.000131789
1.39185e-08	7.11986e-05
1.39304e-08	1.16481e-05
1.39423e-08	-4.49963e-05
1.39543e-08	-9.70644e-05
1.39662e-08	-0.000143127
1.39781e-08	-0.000182026
1.39901e-08	-0.000212903
1.4002e-08	-0.000235205
1.40139e-08	-0.000248687
1.40259e-08	-0.000253404
1.40378e-08	-0.000249692
1.40497e-08	-0.000238142
1.40617e-08	-0.000219565
1.40736e-08	-0.000194955
1.40855e-08	-0.000165447
1.40975e-08	-0.000132268
1.41094e-08	-9.66991e-05
1.41213e-08	-6.00235e-05
1.41333e-08	-2.34896e-05
1.41452e-08	1.17298e-05
1.41571e-08	4.45705e-05
1.4169e-08	7.41059e-05
1.4181e-08	9.95692e-05
1.41929e-08	0.000120369
1.42048e-08	0.000136099
1.42168e-08	0.00014654
1.42287e-08	0.000151657
1.42406e-08	0.00015159
1.42526e-08	0.00014664
1.42645e-08	0.000137246
1.42764e-08	0.000123969
1.42884e-08	0.000107462
1.43003e-08	8.84453e-05
1.43122e-08	6.768e-05
1.43242e-08	4.59388e-05
