0	6.48299e-05
1.61224e-12	6.80216e-05
3.22448e-12	7.12285e-05
4.83671e-12	7.44486e-05
6.44895e-12	7.768e-05
8.06119e-12	8.09205e-05
9.67343e-12	8.41681e-05
1.12857e-11	8.74206e-05
1.28979e-11	9.06759e-05
1.45101e-11	9.39316e-05
1.61224e-11	9.71855e-05
1.77346e-11	0.000100435
1.93469e-11	0.000103678
2.09591e-11	0.000106913
2.25713e-11	0.000110136
2.41836e-11	0.000113345
2.57958e-11	0.000116538
2.7408e-11	0.000119711
2.90203e-11	0.000122864
3.06325e-11	0.000125992
3.22448e-11	0.000129093
3.3857e-11	0.000132165
3.54692e-11	0.000135204
3.70815e-11	0.000138208
3.86937e-11	0.000141175
4.03059e-11	0.000144101
4.19182e-11	0.000146983
4.35304e-11	0.00014982
4.51427e-11	0.000152607
4.67549e-11	0.000155341
4.83671e-11	0.000158021
4.99794e-11	0.000160643
5.15916e-11	0.000163204
5.32038e-11	0.000165701
5.48161e-11	0.000168131
5.64283e-11	0.000170492
5.80406e-11	0.000172779
5.96528e-11	0.000174991
6.1265e-11	0.000177124
6.28773e-11	0.000179175
6.44895e-11	0.000181141
6.61017e-11	0.000183019
6.7714e-11	0.000184807
6.93262e-11	0.000186501
7.09385e-11	0.000188098
7.25507e-11	0.000189595
7.41629e-11	0.00019099
7.57752e-11	0.000192278
7.73874e-11	0.000193459
7.89996e-11	0.000194528
8.06119e-11	0.000195483
8.22241e-11	0.00019632
8.38364e-11	0.000197038
8.54486e-11	0.000197633
8.70608e-11	0.000198103
8.86731e-11	0.000198444
9.02853e-11	0.000198655
9.18975e-11	0.000198733
9.35098e-11	0.000198674
9.5122e-11	0.000198477
9.67343e-11	0.000198139
9.83465e-11	0.000197657
9.99587e-11	0.00019703
1.01571e-10	0.000196255
1.03183e-10	0.000195329
1.04795e-10	0.000194251
1.06408e-10	0.000193018
1.0802e-10	0.000191629
1.09632e-10	0.000190081
1.11244e-10	0.000188372
1.12857e-10	0.000186501
1.14469e-10	0.000184466
1.16081e-10	0.000182265
1.17693e-10	0.000179897
1.19306e-10	0.000177361
1.20918e-10	0.000174654
1.2253e-10	0.000171775
1.24142e-10	0.000168724
1.25755e-10	0.000165499
1.27367e-10	0.0001621
1.28979e-10	0.000158525
1.30591e-10	0.000154773
1.32203e-10	0.000150844
1.33816e-10	0.000146738
1.35428e-10	0.000142453
1.3704e-10	0.00013799
1.38652e-10	0.000133349
1.40265e-10	0.000128529
1.41877e-10	0.00012353
1.43489e-10	0.000118352
1.45101e-10	0.000112997
1.46714e-10	0.000107463
1.48326e-10	0.000101753
1.49938e-10	9.58655e-05
1.5155e-10	8.98026e-05
1.53163e-10	8.35649e-05
1.54775e-10	7.71537e-05
1.56387e-10	7.057e-05
1.57999e-10	6.38154e-05
1.59612e-10	5.68913e-05
1.61224e-10	4.97995e-05
1.62836e-10	4.25418e-05
1.64448e-10	3.51201e-05
1.6606e-10	2.75367e-05
1.67673e-10	1.97938e-05
1.69285e-10	1.18938e-05
1.70897e-10	3.83939e-06
1.72509e-10	-4.3667e-06
1.74122e-10	-1.27216e-05
1.75734e-10	-2.12221e-05
1.77346e-10	-2.98651e-05
1.78958e-10	-3.86472e-05
1.80571e-10	-4.75648e-05
1.82183e-10	-5.66143e-05
1.83795e-10	-6.57916e-05
1.85407e-10	-7.50929e-05
1.8702e-10	-8.4514e-05
1.88632e-10	-9.40504e-05
1.90244e-10	-0.000103698
1.91856e-10	-0.000113451
1.93469e-10	-0.000123306
1.95081e-10	-0.000133257
1.96693e-10	-0.0001433
1.98305e-10	-0.000153428
1.99917e-10	-0.000163637
2.0153e-10	-0.000173921
2.03142e-10	-0.000184274
2.04754e-10	-0.00019469
2.06366e-10	-0.000205164
2.07979e-10	-0.000215688
2.09591e-10	-0.000226257
2.11203e-10	-0.000236864
2.12815e-10	-0.000247502
2.14428e-10	-0.000258165
2.1604e-10	-0.000268846
2.17652e-10	-0.000279537
2.19264e-10	-0.000290231
2.20877e-10	-0.000300922
2.22489e-10	-0.000311601
2.24101e-10	-0.000322262
2.25713e-10	-0.000332895
2.27326e-10	-0.000343494
2.28938e-10	-0.000354051
2.3055e-10	-0.000364557
2.32162e-10	-0.000375004
2.33774e-10	-0.000385384
2.35387e-10	-0.000395689
2.36999e-10	-0.00040591
2.38611e-10	-0.000416039
2.40223e-10	-0.000426067
2.41836e-10	-0.000435985
2.43448e-10	-0.000445784
2.4506e-10	-0.000455456
2.46672e-10	-0.000464991
2.48285e-10	-0.000474381
2.49897e-10	-0.000483617
2.51509e-10	-0.000492689
2.53121e-10	-0.000501588
2.54734e-10	-0.000510305
2.56346e-10	-0.00051883
2.57958e-10	-0.000527155
2.5957e-10	-0.000535271
2.61182e-10	-0.000543167
2.62795e-10	-0.000550834
2.64407e-10	-0.000558264
2.66019e-10	-0.000565446
2.67631e-10	-0.000572372
2.69244e-10	-0.000579032
2.70856e-10	-0.000585417
2.72468e-10	-0.000591517
2.7408e-10	-0.000597324
2.75693e-10	-0.000602828
2.77305e-10	-0.00060802
2.78917e-10	-0.00061289
2.80529e-10	-0.000617431
2.82142e-10	-0.000621633
2.83754e-10	-0.000625486
2.85366e-10	-0.000628983
2.86978e-10	-0.000632115
2.88591e-10	-0.000634872
2.90203e-10	-0.000637247
2.91815e-10	-0.000639231
2.93427e-10	-0.000640817
2.95039e-10	-0.000641995
2.96652e-10	-0.000642758
2.98264e-10	-0.000643098
2.99876e-10	-0.000643007
3.01488e-10	-0.000642479
3.03101e-10	-0.000641505
3.04713e-10	-0.000640078
3.06325e-10	-0.000638193
3.07937e-10	-0.000635841
3.0955e-10	-0.000633017
3.11162e-10	-0.000629713
3.12774e-10	-0.000625925
3.14386e-10	-0.000621645
3.15999e-10	-0.00061687
3.17611e-10	-0.000611592
3.19223e-10	-0.000605807
3.20835e-10	-0.000599511
3.22448e-10	-0.000592698
3.2406e-10	-0.000585364
3.25672e-10	-0.000577506
3.27284e-10	-0.000569119
3.28896e-10	-0.000560201
3.30509e-10	-0.000550747
3.32121e-10	-0.000540756
3.33733e-10	-0.000530224
3.35345e-10	-0.000519151
3.36958e-10	-0.000507533
3.3857e-10	-0.000495369
3.40182e-10	-0.000482659
3.41794e-10	-0.000469402
3.43407e-10	-0.000455597
3.45019e-10	-0.000441244
3.46631e-10	-0.000426344
3.48243e-10	-0.000410897
3.49856e-10	-0.000394905
3.51468e-10	-0.000378369
3.5308e-10	-0.000361291
3.54692e-10	-0.000343674
3.56305e-10	-0.00032552
3.57917e-10	-0.000306833
3.59529e-10	-0.000287616
3.61141e-10	-0.000267873
3.62753e-10	-0.000247609
3.64366e-10	-0.000226828
3.65978e-10	-0.000205537
3.6759e-10	-0.00018374
3.69202e-10	-0.000161444
3.70815e-10	-0.000138657
3.72427e-10	-0.000115384
3.74039e-10	-9.16341e-05
3.75651e-10	-6.74148e-05
3.77264e-10	-4.27348e-05
3.78876e-10	-1.76031e-05
3.80488e-10	7.97095e-06
3.821e-10	3.39773e-05
3.83713e-10	6.04055e-05
3.85325e-10	8.72448e-05
3.86937e-10	0.000114484
3.88549e-10	0.000142111
3.90162e-10	0.000170113
3.91774e-10	0.000198479
3.93386e-10	0.000227194
3.94998e-10	0.000256245
3.9661e-10	0.000285618
3.98223e-10	0.000315298
3.99835e-10	0.000345271
4.01447e-10	0.00037552
4.03059e-10	0.000406031
4.04672e-10	0.000436785
4.06284e-10	0.000467768
4.07896e-10	0.000498961
4.09508e-10	0.000530346
4.11121e-10	0.000561906
4.12733e-10	0.000593622
4.14345e-10	0.000625475
4.15957e-10	0.000657446
4.1757e-10	0.000689515
4.19182e-10	0.000721661
4.20794e-10	0.000753865
4.22406e-10	0.000786104
4.24018e-10	0.000818359
4.25631e-10	0.000850607
4.27243e-10	0.000882826
4.28855e-10	0.000914994
4.30467e-10	0.000947087
4.3208e-10	0.000979084
4.33692e-10	0.00101096
4.35304e-10	0.00104269
4.36916e-10	0.00107426
4.38529e-10	0.00110563
4.40141e-10	0.00113679
4.41753e-10	0.0011677
4.43365e-10	0.00119835
4.44978e-10	0.00122871
4.4659e-10	0.00125874
4.48202e-10	0.00128844
4.49814e-10	0.00131777
4.51427e-10	0.0013467
4.53039e-10	0.00137522
4.54651e-10	0.00140328
4.56263e-10	0.00143088
4.57875e-10	0.00145797
4.59488e-10	0.00148454
4.611e-10	0.00151055
4.62712e-10	0.00153598
4.64324e-10	0.00156081
4.65937e-10	0.00158501
4.67549e-10	0.00160854
4.69161e-10	0.00163139
4.70773e-10	0.00165352
4.72386e-10	0.00167491
4.73998e-10	0.00169554
4.7561e-10	0.00171537
4.77222e-10	0.00173438
4.78835e-10	0.00175255
4.80447e-10	0.00176984
4.82059e-10	0.00178624
4.83671e-10	0.00180171
4.85284e-10	0.00181623
4.86896e-10	0.00182978
4.88508e-10	0.00184233
4.9012e-10	0.00185385
4.91732e-10	0.00186432
4.93345e-10	0.00187372
4.94957e-10	0.00188203
4.96569e-10	0.00188921
4.98181e-10	0.00189525
4.99794e-10	0.00190012
5.01406e-10	0.00190381
5.03018e-10	0.00190628
5.0463e-10	0.00190753
5.06243e-10	0.00190752
5.07855e-10	0.00190624
5.09467e-10	0.00190367
5.11079e-10	0.00189978
5.12692e-10	0.00189457
5.14304e-10	0.00188801
5.15916e-10	0.00188009
5.17528e-10	0.00187078
5.19141e-10	0.00186008
5.20753e-10	0.00184796
5.22365e-10	0.00183442
5.23977e-10	0.00181944
5.25589e-10	0.001803
5.27202e-10	0.0017851
5.28814e-10	0.00176572
5.30426e-10	0.00174485
5.32038e-10	0.00172248
5.33651e-10	0.00169861
5.35263e-10	0.00167322
5.36875e-10	0.00164632
5.38487e-10	0.00161788
5.401e-10	0.00158791
5.41712e-10	0.0015564
5.43324e-10	0.00152336
5.44936e-10	0.00148877
5.46549e-10	0.00145263
5.48161e-10	0.00141496
5.49773e-10	0.00137574
5.51385e-10	0.00133497
5.52998e-10	0.00129267
5.5461e-10	0.00124884
5.56222e-10	0.00120347
5.57834e-10	0.00115659
5.59446e-10	0.00110818
5.61059e-10	0.00105827
5.62671e-10	0.00100687
5.64283e-10	0.000953976
5.65895e-10	0.00089961
5.67508e-10	0.000843783
5.6912e-10	0.000786509
5.70732e-10	0.000727806
5.72344e-10	0.000667689
5.73957e-10	0.000606177
5.75569e-10	0.000543288
5.77181e-10	0.000479045
5.78793e-10	0.000413468
5.80406e-10	0.000346581
5.82018e-10	0.000278408
5.8363e-10	0.000208975
5.85242e-10	0.000138308
5.86854e-10	6.64361e-05
5.88467e-10	-6.61157e-06
5.90079e-10	-8.08044e-05
5.91691e-10	-0.00015611
5.93303e-10	-0.000232497
5.94916e-10	-0.000309928
5.96528e-10	-0.00038837
5.9814e-10	-0.000467785
5.99752e-10	-0.000548135
6.01365e-10	-0.000629381
6.02977e-10	-0.000711482
6.04589e-10	-0.000794396
6.06201e-10	-0.00087808
6.07814e-10	-0.000962491
6.09426e-10	-0.00104758
6.11038e-10	-0.00113331
6.1265e-10	-0.00121962
6.14263e-10	-0.00130647
6.15875e-10	-0.00139381
6.17487e-10	-0.00148159
6.19099e-10	-0.00156975
6.20711e-10	-0.00165825
6.22324e-10	-0.00174702
6.23936e-10	-0.00183602
6.25548e-10	-0.00192518
6.2716e-10	-0.00201445
6.28773e-10	-0.00210378
6.30385e-10	-0.00219309
6.31997e-10	-0.00228234
6.33609e-10	-0.00237147
6.35222e-10	-0.0024604
6.36834e-10	-0.00254908
6.38446e-10	-0.00263745
6.40058e-10	-0.00272544
6.41671e-10	-0.00281298
6.43283e-10	-0.00290002
6.44895e-10	-0.00298648
6.46507e-10	-0.0030723
6.4812e-10	-0.00315741
6.49732e-10	-0.00324175
6.51344e-10	-0.00332524
6.52956e-10	-0.00340782
6.54568e-10	-0.00348942
6.56181e-10	-0.00356997
6.57793e-10	-0.00364939
6.59405e-10	-0.00372763
6.61017e-10	-0.00380461
6.6263e-10	-0.00388025
6.64242e-10	-0.0039545
6.65854e-10	-0.00402727
6.67466e-10	-0.00409849
6.69079e-10	-0.00416811
6.70691e-10	-0.00423603
6.72303e-10	-0.00430221
6.73915e-10	-0.00436655
6.75528e-10	-0.004429
6.7714e-10	-0.00448949
6.78752e-10	-0.00454793
6.80364e-10	-0.00460427
6.81977e-10	-0.00465844
6.83589e-10	-0.00471036
6.85201e-10	-0.00475997
6.86813e-10	-0.00480719
6.88425e-10	-0.00485198
6.90038e-10	-0.00489424
6.9165e-10	-0.00493393
6.93262e-10	-0.00497098
6.94874e-10	-0.00500531
6.96487e-10	-0.00503688
6.98099e-10	-0.00506561
6.99711e-10	-0.00509145
7.01323e-10	-0.00511433
7.02936e-10	-0.00513419
7.04548e-10	-0.00515099
7.0616e-10	-0.00516465
7.07772e-10	-0.00517513
7.09385e-10	-0.00518237
7.10997e-10	-0.00518632
7.12609e-10	-0.00518692
7.14221e-10	-0.00518413
7.15834e-10	-0.0051779
7.17446e-10	-0.00516818
7.19058e-10	-0.00515493
7.2067e-10	-0.0051381
7.22282e-10	-0.00511766
7.23895e-10	-0.00509355
7.25507e-10	-0.00506575
7.27119e-10	-0.00503422
7.28731e-10	-0.00499892
7.30344e-10	-0.00495982
7.31956e-10	-0.0049169
7.33568e-10	-0.00487012
7.3518e-10	-0.00481946
7.36793e-10	-0.0047649
7.38405e-10	-0.00470641
7.40017e-10	-0.00464398
7.41629e-10	-0.00457759
7.43242e-10	-0.00450723
7.44854e-10	-0.00443288
7.46466e-10	-0.00435454
7.48078e-10	-0.0042722
7.4969e-10	-0.00418585
7.51303e-10	-0.0040955
7.52915e-10	-0.00400115
7.54527e-10	-0.0039028
7.56139e-10	-0.00380046
7.57752e-10	-0.00369414
7.59364e-10	-0.00358384
7.60976e-10	-0.0034696
7.62588e-10	-0.00335142
7.64201e-10	-0.00322932
7.65813e-10	-0.00310334
7.67425e-10	-0.00297349
7.69037e-10	-0.00283982
7.7065e-10	-0.00270234
7.72262e-10	-0.0025611
7.73874e-10	-0.00241614
7.75486e-10	-0.0022675
7.77099e-10	-0.00211522
7.78711e-10	-0.00195936
7.80323e-10	-0.00179996
7.81935e-10	-0.00163708
7.83547e-10	-0.00147077
7.8516e-10	-0.00130111
7.86772e-10	-0.00112815
7.88384e-10	-0.000951952
7.89996e-10	-0.000772598
7.91609e-10	-0.000590157
7.93221e-10	-0.000404704
7.94833e-10	-0.000216321
7.96445e-10	-2.50899e-05
7.98058e-10	0.000168904
7.9967e-10	0.000365572
8.01282e-10	0.000564822
8.02894e-10	0.000766558
8.04507e-10	0.000970684
8.06119e-10	0.0011771
8.07731e-10	0.0013857
8.09343e-10	0.00159637
8.10956e-10	0.00180902
8.12568e-10	0.00202352
8.1418e-10	0.00223976
8.15792e-10	0.00245762
8.17404e-10	0.00267698
8.19017e-10	0.00289773
8.20629e-10	0.00311972
8.22241e-10	0.00334283
8.23853e-10	0.00356694
8.25466e-10	0.00379191
8.27078e-10	0.0040176
8.2869e-10	0.00424387
8.30302e-10	0.00447058
8.31915e-10	0.00469759
8.33527e-10	0.00492475
8.35139e-10	0.00515192
8.36751e-10	0.00537895
8.38364e-10	0.00560568
8.39976e-10	0.00583196
8.41588e-10	0.00605763
8.432e-10	0.00628255
8.44813e-10	0.00650654
8.46425e-10	0.00672946
8.48037e-10	0.00695113
8.49649e-10	0.0071714
8.51261e-10	0.0073901
8.52874e-10	0.00760706
8.54486e-10	0.00782212
8.56098e-10	0.00803511
8.5771e-10	0.00824586
8.59323e-10	0.00845421
8.60935e-10	0.00865997
8.62547e-10	0.00886298
8.64159e-10	0.00906307
8.65772e-10	0.00926007
8.67384e-10	0.00945381
8.68996e-10	0.0096441
8.70608e-10	0.00983078
8.72221e-10	0.0100137
8.73833e-10	0.0101926
8.75445e-10	0.0103675
8.77057e-10	0.010538
8.7867e-10	0.010704
8.80282e-10	0.0108654
8.81894e-10	0.011022
8.83506e-10	0.0111737
8.85118e-10	0.0113201
8.86731e-10	0.0114613
8.88343e-10	0.011597
8.89955e-10	0.0117271
8.91567e-10	0.0118513
8.9318e-10	0.0119696
8.94792e-10	0.0120817
8.96404e-10	0.0121876
8.98016e-10	0.0122871
8.99629e-10	0.0123799
9.01241e-10	0.012466
9.02853e-10	0.0125453
9.04465e-10	0.0126175
9.06078e-10	0.0126825
9.0769e-10	0.0127402
9.09302e-10	0.0127905
9.10914e-10	0.0128332
9.12526e-10	0.0128682
9.14139e-10	0.0128953
9.15751e-10	0.0129145
9.17363e-10	0.0129256
9.18975e-10	0.0129284
9.20588e-10	0.012923
9.222e-10	0.0129092
9.23812e-10	0.0128868
9.25424e-10	0.0128558
9.27037e-10	0.0128161
9.28649e-10	0.0127676
9.30261e-10	0.0127102
9.31873e-10	0.0126438
9.33486e-10	0.0125683
9.35098e-10	0.0124838
9.3671e-10	0.01239
9.38322e-10	0.012287
9.39935e-10	0.0121747
9.41547e-10	0.012053
9.43159e-10	0.0119219
9.44771e-10	0.0117814
9.46383e-10	0.0116314
9.47996e-10	0.0114719
9.49608e-10	0.0113028
9.5122e-10	0.0111242
9.52832e-10	0.0109361
9.54445e-10	0.0107384
9.56057e-10	0.0105312
9.57669e-10	0.0103144
9.59281e-10	0.0100881
9.60894e-10	0.00985234
9.62506e-10	0.00960706
9.64118e-10	0.00935234
9.6573e-10	0.00908823
9.67343e-10	0.00881477
9.68955e-10	0.00853201
9.70567e-10	0.00824003
9.72179e-10	0.00793888
9.73792e-10	0.00762865
9.75404e-10	0.00730943
9.77016e-10	0.00698129
9.78628e-10	0.00664434
9.8024e-10	0.00629868
9.81853e-10	0.00594443
9.83465e-10	0.0055817
9.85077e-10	0.00521063
9.86689e-10	0.00483133
9.88302e-10	0.00444396
9.89914e-10	0.00404867
9.91526e-10	0.0036456
9.93138e-10	0.00323491
9.94751e-10	0.00281679
9.96363e-10	0.0023914
9.97975e-10	0.00195892
9.99587e-10	0.00151955
1.0012e-09	0.00107349
1.00281e-09	0.000620931
1.00442e-09	0.000162094
1.00604e-09	-0.000302806
1.00765e-09	-0.000773544
1.00926e-09	-0.00124989
1.01087e-09	-0.0017316
1.01249e-09	-0.00221844
1.0141e-09	-0.00271015
1.01571e-09	-0.00320648
1.01732e-09	-0.00370715
1.01893e-09	-0.00421191
1.02055e-09	-0.00472048
1.02216e-09	-0.00523257
1.02377e-09	-0.00574789
1.02538e-09	-0.00626615
1.027e-09	-0.00678706
1.02861e-09	-0.0073103
1.03022e-09	-0.00783557
1.03183e-09	-0.00836254
1.03344e-09	-0.00889091
1.03506e-09	-0.00942034
1.03667e-09	-0.0099505
1.03828e-09	-0.0104811
1.03989e-09	-0.0110117
1.04151e-09	-0.011542
1.04312e-09	-0.0120717
1.04473e-09	-0.0126004
1.04634e-09	-0.0131278
1.04795e-09	-0.0136535
1.04957e-09	-0.0141771
1.05118e-09	-0.0146982
1.05279e-09	-0.0152166
1.0544e-09	-0.0157318
1.05602e-09	-0.0162435
1.05763e-09	-0.0167512
1.05924e-09	-0.0172547
1.06085e-09	-0.0177534
1.06246e-09	-0.0182471
1.06408e-09	-0.0187353
1.06569e-09	-0.0192178
1.0673e-09	-0.019694
1.06891e-09	-0.0201635
1.07053e-09	-0.0206261
1.07214e-09	-0.0210814
1.07375e-09	-0.0215288
1.07536e-09	-0.0219681
1.07697e-09	-0.0223989
1.07859e-09	-0.0228208
1.0802e-09	-0.0232333
1.08181e-09	-0.0236362
1.08342e-09	-0.0240289
1.08504e-09	-0.0244113
1.08665e-09	-0.0247828
1.08826e-09	-0.0251431
1.08987e-09	-0.0254918
1.09148e-09	-0.0258286
1.0931e-09	-0.0261531
1.09471e-09	-0.026465
1.09632e-09	-0.0267638
1.09793e-09	-0.0270492
1.09955e-09	-0.0273209
1.10116e-09	-0.0275785
1.10277e-09	-0.0278217
1.10438e-09	-0.0280502
1.106e-09	-0.0282636
1.10761e-09	-0.0284616
1.10922e-09	-0.0286439
1.11083e-09	-0.0288102
1.11244e-09	-0.0289601
1.11406e-09	-0.0290935
1.11567e-09	-0.0292099
1.11728e-09	-0.0293092
1.11889e-09	-0.029391
1.12051e-09	-0.029455
1.12212e-09	-0.0295011
1.12373e-09	-0.0295289
1.12534e-09	-0.0295383
1.12695e-09	-0.029529
1.12857e-09	-0.0295008
1.13018e-09	-0.0294534
1.13179e-09	-0.0293868
1.1334e-09	-0.0293006
1.13502e-09	-0.0291947
1.13663e-09	-0.0290689
1.13824e-09	-0.0289231
1.13985e-09	-0.0287572
1.14146e-09	-0.0285709
1.14308e-09	-0.0283642
1.14469e-09	-0.028137
1.1463e-09	-0.0278892
1.14791e-09	-0.0276206
1.14953e-09	-0.0273312
1.15114e-09	-0.027021
1.15275e-09	-0.0266899
1.15436e-09	-0.0263378
1.15597e-09	-0.0259647
1.15759e-09	-0.0255707
1.1592e-09	-0.0251557
1.16081e-09	-0.0247198
1.16242e-09	-0.0242629
1.16404e-09	-0.0237852
1.16565e-09	-0.0232867
1.16726e-09	-0.0227674
1.16887e-09	-0.0222275
1.17048e-09	-0.021667
1.1721e-09	-0.0210861
1.17371e-09	-0.0204849
1.17532e-09	-0.0198636
1.17693e-09	-0.0192223
1.17855e-09	-0.0185613
1.18016e-09	-0.0178806
1.18177e-09	-0.0171805
1.18338e-09	-0.0164612
1.18499e-09	-0.015723
1.18661e-09	-0.0149661
1.18822e-09	-0.0141908
1.18983e-09	-0.0133974
1.19144e-09	-0.0125862
1.19306e-09	-0.0117574
1.19467e-09	-0.0109114
1.19628e-09	-0.0100486
1.19789e-09	-0.00916936
1.1995e-09	-0.00827398
1.20112e-09	-0.00736287
1.20273e-09	-0.00643644
1.20434e-09	-0.00549512
1.20595e-09	-0.00453934
1.20757e-09	-0.00356953
1.20918e-09	-0.00258618
1.21079e-09	-0.00158974
1.2124e-09	-0.000580706
1.21401e-09	0.000440411
1.21563e-09	0.0014731
1.21724e-09	0.00251682
1.21885e-09	0.00357105
1.22046e-09	0.00463521
1.22208e-09	0.00570874
1.22369e-09	0.00679106
1.2253e-09	0.00788157
1.22691e-09	0.00897966
1.22853e-09	0.0100847
1.23014e-09	0.0111961
1.23175e-09	0.0123132
1.23336e-09	0.0134354
1.23497e-09	0.0145619
1.23659e-09	0.0156921
1.2382e-09	0.0168254
1.23981e-09	0.017961
1.24142e-09	0.0190982
1.24304e-09	0.0202363
1.24465e-09	0.0213746
1.24626e-09	0.0225124
1.24787e-09	0.023649
1.24948e-09	0.0247835
1.2511e-09	0.0259153
1.25271e-09	0.0270435
1.25432e-09	0.0281675
1.25593e-09	0.0292864
1.25755e-09	0.0303995
1.25916e-09	0.031506
1.26077e-09	0.0326052
1.26238e-09	0.0336961
1.26399e-09	0.0347781
1.26561e-09	0.0358503
1.26722e-09	0.036912
1.26883e-09	0.0379624
1.27044e-09	0.0390005
1.27206e-09	0.0400258
1.27367e-09	0.0410373
1.27528e-09	0.0420342
1.27689e-09	0.0430158
1.2785e-09	0.0439812
1.28012e-09	0.0449297
1.28173e-09	0.0458605
1.28334e-09	0.0467727
1.28495e-09	0.0476656
1.28657e-09	0.0485384
1.28818e-09	0.0493903
1.28979e-09	0.0502206
1.2914e-09	0.0510284
1.29301e-09	0.051813
1.29463e-09	0.0525736
1.29624e-09	0.0533096
1.29785e-09	0.0540201
1.29946e-09	0.0547045
1.30108e-09	0.0553619
1.30269e-09	0.0559917
1.3043e-09	0.0565932
1.30591e-09	0.0571657
1.30752e-09	0.0577085
1.30914e-09	0.0582209
1.31075e-09	0.0587023
1.31236e-09	0.059152
1.31397e-09	0.0595694
1.31559e-09	0.0599539
1.3172e-09	0.0603049
1.31881e-09	0.0606218
1.32042e-09	0.0609039
1.32203e-09	0.0611509
1.32365e-09	0.061362
1.32526e-09	0.0615369
1.32687e-09	0.061675
1.32848e-09	0.0617758
1.3301e-09	0.0618388
1.33171e-09	0.0618636
1.33332e-09	0.0618498
1.33493e-09	0.061797
1.33654e-09	0.0617048
1.33816e-09	0.0615728
1.33977e-09	0.0614007
1.34138e-09	0.0611881
1.34299e-09	0.0609348
1.34461e-09	0.0606405
1.34622e-09	0.060305
1.34783e-09	0.0599279
1.34944e-09	0.0595092
1.35106e-09	0.0590486
1.35267e-09	0.058546
1.35428e-09	0.0580013
1.35589e-09	0.0574144
1.3575e-09	0.0567851
1.35912e-09	0.0561135
1.36073e-09	0.0553995
1.36234e-09	0.0546432
1.36395e-09	0.0538445
1.36557e-09	0.0530036
1.36718e-09	0.0521205
1.36879e-09	0.0511953
1.3704e-09	0.0502283
1.37201e-09	0.0492195
1.37363e-09	0.0481692
1.37524e-09	0.0470775
1.37685e-09	0.0459449
1.37846e-09	0.0447715
1.38008e-09	0.0435577
1.38169e-09	0.0423039
1.3833e-09	0.0410103
1.38491e-09	0.0396775
1.38652e-09	0.0383059
1.38814e-09	0.0368959
1.38975e-09	0.035448
1.39136e-09	0.0339628
1.39297e-09	0.0324409
1.39459e-09	0.0308827
1.3962e-09	0.029289
1.39781e-09	0.0276603
1.39942e-09	0.0259974
1.40103e-09	0.024301
1.40265e-09	0.0225717
1.40426e-09	0.0208104
1.40587e-09	0.0190179
1.40748e-09	0.0171949
1.4091e-09	0.0153423
1.41071e-09	0.013461
1.41232e-09	0.0115518
1.41393e-09	0.00961581
1.41554e-09	0.00765386
1.41716e-09	0.00566697
1.41877e-09	0.00365613
1.42038e-09	0.00162238
1.42199e-09	-0.00043321
1.42361e-09	-0.00250957
1.42522e-09	-0.00460559
1.42683e-09	-0.00672013
1.42844e-09	-0.00885204
1.43005e-09	-0.0110001
1.43167e-09	-0.0131632
1.43328e-09	-0.0153401
1.43489e-09	-0.0175295
1.4365e-09	-0.0197302
1.43812e-09	-0.0219408
1.43973e-09	-0.0241601
1.44134e-09	-0.0263868
1.44295e-09	-0.0286195
1.44456e-09	-0.0308569
1.44618e-09	-0.0330975
1.44779e-09	-0.0353401
1.4494e-09	-0.0375831
1.45101e-09	-0.0398253
1.45263e-09	-0.0420651
1.45424e-09	-0.0443011
1.45585e-09	-0.0465318
1.45746e-09	-0.0487558
1.45908e-09	-0.0509717
1.46069e-09	-0.0531778
1.4623e-09	-0.0553728
1.46391e-09	-0.0575552
1.46552e-09	-0.0597233
1.46714e-09	-0.0618758
1.46875e-09	-0.064011
1.47036e-09	-0.0661275
1.47197e-09	-0.0682238
1.47359e-09	-0.0702982
1.4752e-09	-0.0723494
1.47681e-09	-0.0743757
1.47842e-09	-0.0763756
1.48003e-09	-0.0783477
1.48165e-09	-0.0802903
1.48326e-09	-0.0822021
1.48487e-09	-0.0840813
1.48648e-09	-0.0859267
1.4881e-09	-0.0877366
1.48971e-09	-0.0895095
1.49132e-09	-0.091244
1.49293e-09	-0.0929387
1.49454e-09	-0.094592
1.49616e-09	-0.0962025
1.49777e-09	-0.0977688
1.49938e-09	-0.0992895
1.50099e-09	-0.100763
1.50261e-09	-0.102188
1.50422e-09	-0.103564
1.50583e-09	-0.104888
1.50744e-09	-0.10616
1.50905e-09	-0.107378
1.51067e-09	-0.108541
1.51228e-09	-0.109647
1.51389e-09	-0.110696
1.5155e-09	-0.111687
1.51712e-09	-0.112617
1.51873e-09	-0.113486
1.52034e-09	-0.114293
1.52195e-09	-0.115037
1.52356e-09	-0.115716
1.52518e-09	-0.116329
1.52679e-09	-0.116877
1.5284e-09	-0.117356
1.53001e-09	-0.117768
1.53163e-09	-0.11811
1.53324e-09	-0.118382
1.53485e-09	-0.118583
1.53646e-09	-0.118712
1.53807e-09	-0.118768
1.53969e-09	-0.118751
1.5413e-09	-0.118661
1.54291e-09	-0.118495
1.54452e-09	-0.118255
1.54614e-09	-0.117939
1.54775e-09	-0.117546
1.54936e-09	-0.117077
1.55097e-09	-0.116531
1.55258e-09	-0.115907
1.5542e-09	-0.115206
1.55581e-09	-0.114426
1.55742e-09	-0.113568
1.55903e-09	-0.112632
1.56065e-09	-0.111617
1.56226e-09	-0.110523
1.56387e-09	-0.10935
1.56548e-09	-0.108099
1.56709e-09	-0.106769
1.56871e-09	-0.10536
1.57032e-09	-0.103873
1.57193e-09	-0.102307
1.57354e-09	-0.100664
1.57516e-09	-0.0989433
1.57677e-09	-0.0971451
1.57838e-09	-0.0952702
1.57999e-09	-0.0933189
1.58161e-09	-0.0912918
1.58322e-09	-0.0891895
1.58483e-09	-0.0870126
1.58644e-09	-0.0847618
1.58805e-09	-0.0824379
1.58967e-09	-0.0800416
1.59128e-09	-0.0775739
1.59289e-09	-0.0750356
1.5945e-09	-0.0724276
1.59612e-09	-0.0697511
1.59773e-09	-0.067007
1.59934e-09	-0.0641965
1.60095e-09	-0.0613208
1.60256e-09	-0.058381
1.60418e-09	-0.0553785
1.60579e-09	-0.0523145
1.6074e-09	-0.0491906
1.60901e-09	-0.046008
1.61063e-09	-0.0427682
1.61224e-09	-0.0394729
1.61385e-09	-0.0361235
1.61546e-09	-0.0327217
1.61707e-09	-0.0292692
1.61869e-09	-0.0257676
1.6203e-09	-0.0222188
1.62191e-09	-0.0186246
1.62352e-09	-0.0149868
1.62514e-09	-0.0113073
1.62675e-09	-0.00758811
1.62836e-09	-0.00383115
1.62997e-09	-3.8486e-05
1.63158e-09	0.00378783
1.6332e-09	0.00764568
1.63481e-09	0.0115329
1.63642e-09	0.0154474
1.63803e-09	0.0193868
1.63965e-09	0.023349
1.64126e-09	0.0273316
1.64287e-09	0.0313323
1.64448e-09	0.0353488
1.64609e-09	0.0393786
1.64771e-09	0.0434194
1.64932e-09	0.0474688
1.65093e-09	0.0515242
1.65254e-09	0.0555831
1.65416e-09	0.0596431
1.65577e-09	0.0637016
1.65738e-09	0.067756
1.65899e-09	0.0718038
1.6606e-09	0.0758424
1.66222e-09	0.0798691
1.66383e-09	0.0838813
1.66544e-09	0.0878764
1.66705e-09	0.0918518
1.66867e-09	0.0958047
1.67028e-09	0.0997325
1.67189e-09	0.103633
1.6735e-09	0.107502
1.67511e-09	0.111339
1.67673e-09	0.115139
1.67834e-09	0.118901
1.67995e-09	0.122622
1.68156e-09	0.126299
1.68318e-09	0.129929
1.68479e-09	0.13351
1.6864e-09	0.13704
1.68801e-09	0.140514
1.68963e-09	0.143932
1.69124e-09	0.14729
1.69285e-09	0.150585
1.69446e-09	0.153815
1.69607e-09	0.156978
1.69769e-09	0.160071
1.6993e-09	0.163091
1.70091e-09	0.166035
1.70252e-09	0.168903
1.70414e-09	0.17169
1.70575e-09	0.174395
1.70736e-09	0.177015
1.70897e-09	0.179547
1.71058e-09	0.181991
1.7122e-09	0.184342
1.71381e-09	0.1866
1.71542e-09	0.188761
1.71703e-09	0.190824
1.71865e-09	0.192787
1.72026e-09	0.194647
1.72187e-09	0.196402
1.72348e-09	0.198052
1.72509e-09	0.199593
1.72671e-09	0.201023
1.72832e-09	0.202342
1.72993e-09	0.203547
1.73154e-09	0.204637
1.73316e-09	0.205609
1.73477e-09	0.206463
1.73638e-09	0.207197
1.73799e-09	0.20781
1.7396e-09	0.208299
1.74122e-09	0.208665
1.74283e-09	0.208905
1.74444e-09	0.209018
1.74605e-09	0.209004
1.74767e-09	0.208861
1.74928e-09	0.208589
1.75089e-09	0.208186
1.7525e-09	0.207652
1.75411e-09	0.206986
1.75573e-09	0.206187
1.75734e-09	0.205255
1.75895e-09	0.204189
1.76056e-09	0.20299
1.76218e-09	0.201656
1.76379e-09	0.200187
1.7654e-09	0.198584
1.76701e-09	0.196846
1.76862e-09	0.194973
1.77024e-09	0.192965
1.77185e-09	0.190823
1.77346e-09	0.188546
1.77507e-09	0.186136
1.77669e-09	0.183592
1.7783e-09	0.180916
1.77991e-09	0.178107
1.78152e-09	0.175167
1.78313e-09	0.172096
1.78475e-09	0.168895
1.78636e-09	0.165565
1.78797e-09	0.162108
1.78958e-09	0.158524
1.7912e-09	0.154815
1.79281e-09	0.150982
1.79442e-09	0.147026
1.79603e-09	0.142949
1.79764e-09	0.138753
1.79926e-09	0.134439
1.80087e-09	0.130009
1.80248e-09	0.125465
1.80409e-09	0.120809
1.80571e-09	0.116043
1.80732e-09	0.111169
1.80893e-09	0.10619
1.81054e-09	0.101107
1.81216e-09	0.0959225
1.81377e-09	0.0906398
1.81538e-09	0.0852611
1.81699e-09	0.0797889
1.8186e-09	0.0742261
1.82022e-09	0.0685753
1.82183e-09	0.0628395
1.82344e-09	0.0570215
1.82505e-09	0.0511244
1.82667e-09	0.0451512
1.82828e-09	0.0391052
1.82989e-09	0.0329894
1.8315e-09	0.0268073
1.83311e-09	0.0205621
1.83473e-09	0.0142573
1.83634e-09	0.00789634
1.83795e-09	0.00148279
1.83956e-09	-0.00497977
1.84118e-09	-0.0114877
1.84279e-09	-0.0180372
1.8444e-09	-0.0246246
1.84601e-09	-0.031246
1.84762e-09	-0.0378976
1.84924e-09	-0.0445754
1.85085e-09	-0.0512755
1.85246e-09	-0.0579939
1.85407e-09	-0.0647266
1.85569e-09	-0.0714694
1.8573e-09	-0.0782182
1.85891e-09	-0.0849689
1.86052e-09	-0.0917173
1.86213e-09	-0.0984592
1.86375e-09	-0.10519
1.86536e-09	-0.111906
1.86697e-09	-0.118603
1.86858e-09	-0.125276
1.8702e-09	-0.131921
1.87181e-09	-0.138534
1.87342e-09	-0.145111
1.87503e-09	-0.151646
1.87664e-09	-0.158136
1.87826e-09	-0.164576
1.87987e-09	-0.170963
1.88148e-09	-0.177291
1.88309e-09	-0.183556
1.88471e-09	-0.189754
1.88632e-09	-0.19588
1.88793e-09	-0.201931
1.88954e-09	-0.207902
1.89115e-09	-0.213789
1.89277e-09	-0.219587
1.89438e-09	-0.225292
1.89599e-09	-0.2309
1.8976e-09	-0.236407
1.89922e-09	-0.241808
1.90083e-09	-0.247101
1.90244e-09	-0.252279
1.90405e-09	-0.257341
1.90566e-09	-0.262281
1.90728e-09	-0.267095
1.90889e-09	-0.27178
1.9105e-09	-0.276333
1.91211e-09	-0.280748
1.91373e-09	-0.285023
1.91534e-09	-0.289154
1.91695e-09	-0.293137
1.91856e-09	-0.29697
1.92018e-09	-0.300647
1.92179e-09	-0.304167
1.9234e-09	-0.307525
1.92501e-09	-0.310719
1.92662e-09	-0.313745
1.92824e-09	-0.316601
1.92985e-09	-0.319284
1.93146e-09	-0.32179
1.93307e-09	-0.324117
1.93469e-09	-0.326262
1.9363e-09	-0.328223
1.93791e-09	-0.329997
1.93952e-09	-0.331582
1.94113e-09	-0.332976
1.94275e-09	-0.334176
1.94436e-09	-0.33518
1.94597e-09	-0.335987
1.94758e-09	-0.336595
1.9492e-09	-0.337001
1.95081e-09	-0.337204
1.95242e-09	-0.337204
1.95403e-09	-0.336997
1.95564e-09	-0.336584
1.95726e-09	-0.335963
1.95887e-09	-0.335133
1.96048e-09	-0.334094
1.96209e-09	-0.332843
1.96371e-09	-0.331382
1.96532e-09	-0.329708
1.96693e-09	-0.327823
1.96854e-09	-0.325725
1.97015e-09	-0.323415
1.97177e-09	-0.320893
1.97338e-09	-0.318159
1.97499e-09	-0.315212
1.9766e-09	-0.312054
1.97822e-09	-0.308686
1.97983e-09	-0.305107
1.98144e-09	-0.301319
1.98305e-09	-0.297322
1.98466e-09	-0.293118
1.98628e-09	-0.288709
1.98789e-09	-0.284094
1.9895e-09	-0.279277
1.99111e-09	-0.274259
1.99273e-09	-0.26904
1.99434e-09	-0.263625
1.99595e-09	-0.258014
1.99756e-09	-0.252209
1.99917e-09	-0.246214
2.00079e-09	-0.24003
2.0024e-09	-0.23366
2.00401e-09	-0.227107
2.00562e-09	-0.220374
2.00724e-09	-0.213464
2.00885e-09	-0.20638
2.01046e-09	-0.199125
2.01207e-09	-0.191703
2.01368e-09	-0.184117
2.0153e-09	-0.176371
2.01691e-09	-0.168469
2.01852e-09	-0.160414
2.02013e-09	-0.152211
2.02175e-09	-0.143863
2.02336e-09	-0.135376
2.02497e-09	-0.126753
2.02658e-09	-0.117998
2.02819e-09	-0.109118
2.02981e-09	-0.100115
2.03142e-09	-0.0909954
2.03303e-09	-0.0817637
2.03464e-09	-0.0724249
2.03626e-09	-0.062984
2.03787e-09	-0.0534464
2.03948e-09	-0.0438173
2.04109e-09	-0.0341021
2.04271e-09	-0.0243063
2.04432e-09	-0.0144354
2.04593e-09	-0.00449513
2.04754e-09	0.00550887
2.04915e-09	0.0155708
2.05077e-09	0.0256847
2.05238e-09	0.0358448
2.05399e-09	0.046045
2.0556e-09	0.0562792
2.05722e-09	0.0665414
2.05883e-09	0.0768254
2.06044e-09	0.0871249
2.06205e-09	0.0974337
2.06366e-09	0.107746
2.06528e-09	0.118054
2.06689e-09	0.128353
2.0685e-09	0.138635
2.07011e-09	0.148895
2.07173e-09	0.159126
2.07334e-09	0.169321
2.07495e-09	0.179475
2.07656e-09	0.189579
2.07817e-09	0.199629
2.07979e-09	0.209617
2.0814e-09	0.219537
2.08301e-09	0.229382
2.08462e-09	0.239146
2.08624e-09	0.248822
2.08785e-09	0.258404
2.08946e-09	0.267886
2.09107e-09	0.27726
2.09268e-09	0.286521
2.0943e-09	0.295663
2.09591e-09	0.304678
2.09752e-09	0.313561
2.09913e-09	0.322305
2.10075e-09	0.330904
2.10236e-09	0.339352
2.10397e-09	0.347643
2.10558e-09	0.355771
2.10719e-09	0.363731
2.10881e-09	0.371515
2.11042e-09	0.379118
2.11203e-09	0.386536
2.11364e-09	0.393761
2.11526e-09	0.400788
2.11687e-09	0.407613
2.11848e-09	0.41423
2.12009e-09	0.420632
2.1217e-09	0.426817
2.12332e-09	0.432777
2.12493e-09	0.438509
2.12654e-09	0.444007
2.12815e-09	0.449267
2.12977e-09	0.454284
2.13138e-09	0.459054
2.13299e-09	0.463573
2.1346e-09	0.467836
2.13621e-09	0.47184
2.13783e-09	0.475579
2.13944e-09	0.479052
2.14105e-09	0.482254
2.14266e-09	0.485181
2.14428e-09	0.48783
2.14589e-09	0.490199
2.1475e-09	0.492284
2.14911e-09	0.494083
2.15072e-09	0.495592
2.15234e-09	0.496809
2.15395e-09	0.497732
2.15556e-09	0.498359
2.15717e-09	0.498688
2.15879e-09	0.498717
2.1604e-09	0.498444
2.16201e-09	0.497868
2.16362e-09	0.496988
2.16524e-09	0.495802
2.16685e-09	0.49431
2.16846e-09	0.492511
2.17007e-09	0.490404
2.17168e-09	0.48799
2.1733e-09	0.485267
2.17491e-09	0.482237
2.17652e-09	0.478898
2.17813e-09	0.475253
2.17975e-09	0.471301
2.18136e-09	0.467043
2.18297e-09	0.46248
2.18458e-09	0.457614
2.18619e-09	0.452446
2.18781e-09	0.446977
2.18942e-09	0.44121
2.19103e-09	0.435145
2.19264e-09	0.428787
2.19426e-09	0.422136
2.19587e-09	0.415196
2.19748e-09	0.407969
2.19909e-09	0.400458
2.2007e-09	0.392667
2.20232e-09	0.384598
2.20393e-09	0.376256
2.20554e-09	0.367644
2.20715e-09	0.358766
2.20877e-09	0.349626
2.21038e-09	0.340229
2.21199e-09	0.330578
2.2136e-09	0.320679
2.21521e-09	0.310537
2.21683e-09	0.300156
2.21844e-09	0.289542
2.22005e-09	0.278699
2.22166e-09	0.267635
2.22328e-09	0.256353
2.22489e-09	0.244861
2.2265e-09	0.233163
2.22811e-09	0.221267
2.22972e-09	0.209179
2.23134e-09	0.196904
2.23295e-09	0.184451
2.23456e-09	0.171825
2.23617e-09	0.159033
2.23779e-09	0.146083
2.2394e-09	0.132981
2.24101e-09	0.119736
2.24262e-09	0.106353
2.24423e-09	0.0928423
2.24585e-09	0.0792098
2.24746e-09	0.0654637
2.24907e-09	0.051612
2.25068e-09	0.0376626
2.2523e-09	0.0236236
2.25391e-09	0.00950319
2.25552e-09	-0.00469028
2.25713e-09	-0.0189485
2.25874e-09	-0.033263
2.26036e-09	-0.0476252
2.26197e-09	-0.0620267
2.26358e-09	-0.0764587
2.26519e-09	-0.0909125
2.26681e-09	-0.105379
2.26842e-09	-0.11985
2.27003e-09	-0.134317
2.27164e-09	-0.14877
2.27326e-09	-0.1632
2.27487e-09	-0.177599
2.27648e-09	-0.191958
2.27809e-09	-0.206267
2.2797e-09	-0.220518
2.28132e-09	-0.234702
2.28293e-09	-0.248809
2.28454e-09	-0.262831
2.28615e-09	-0.276758
2.28777e-09	-0.290583
2.28938e-09	-0.304294
2.29099e-09	-0.317885
2.2926e-09	-0.331346
2.29421e-09	-0.344667
2.29583e-09	-0.357841
2.29744e-09	-0.370859
2.29905e-09	-0.383711
2.30066e-09	-0.39639
2.30228e-09	-0.408886
2.30389e-09	-0.421192
2.3055e-09	-0.433299
2.30711e-09	-0.445198
2.30872e-09	-0.456882
2.31034e-09	-0.468342
2.31195e-09	-0.47957
2.31356e-09	-0.490558
2.31517e-09	-0.5013
2.31679e-09	-0.511786
2.3184e-09	-0.52201
2.32001e-09	-0.531963
2.32162e-09	-0.54164
2.32323e-09	-0.551032
2.32485e-09	-0.560133
2.32646e-09	-0.568936
2.32807e-09	-0.577434
2.32968e-09	-0.58562
2.3313e-09	-0.593489
2.33291e-09	-0.601035
2.33452e-09	-0.60825
2.33613e-09	-0.61513
2.33774e-09	-0.621669
2.33936e-09	-0.627861
2.34097e-09	-0.633701
2.34258e-09	-0.639184
2.34419e-09	-0.644306
2.34581e-09	-0.649061
2.34742e-09	-0.653445
2.34903e-09	-0.657454
2.35064e-09	-0.661084
2.35225e-09	-0.664332
2.35387e-09	-0.667193
2.35548e-09	-0.669664
2.35709e-09	-0.671743
2.3587e-09	-0.673425
2.36032e-09	-0.67471
2.36193e-09	-0.675594
2.36354e-09	-0.676075
2.36515e-09	-0.676151
2.36676e-09	-0.675821
2.36838e-09	-0.675082
2.36999e-09	-0.673935
2.3716e-09	-0.672378
2.37321e-09	-0.67041
2.37483e-09	-0.668031
2.37644e-09	-0.665241
2.37805e-09	-0.66204
2.37966e-09	-0.658428
2.38127e-09	-0.654405
2.38289e-09	-0.649974
2.3845e-09	-0.645134
2.38611e-09	-0.639887
2.38772e-09	-0.634235
2.38934e-09	-0.628179
2.39095e-09	-0.621723
2.39256e-09	-0.614868
2.39417e-09	-0.607616
2.39579e-09	-0.599971
2.3974e-09	-0.591937
2.39901e-09	-0.583516
2.40062e-09	-0.574711
2.40223e-09	-0.565528
2.40385e-09	-0.55597
2.40546e-09	-0.546042
2.40707e-09	-0.535748
2.40868e-09	-0.525093
2.4103e-09	-0.514083
2.41191e-09	-0.502722
2.41352e-09	-0.491017
2.41513e-09	-0.478973
2.41674e-09	-0.466597
2.41836e-09	-0.453894
2.41997e-09	-0.440872
2.42158e-09	-0.427537
2.42319e-09	-0.413897
2.42481e-09	-0.399957
2.42642e-09	-0.385727
2.42803e-09	-0.371213
2.42964e-09	-0.356423
2.43125e-09	-0.341366
2.43287e-09	-0.326049
2.43448e-09	-0.310481
2.43609e-09	-0.294671
2.4377e-09	-0.278627
2.43932e-09	-0.262359
2.44093e-09	-0.245876
2.44254e-09	-0.229186
2.44415e-09	-0.2123
2.44576e-09	-0.195226
2.44738e-09	-0.177976
2.44899e-09	-0.160558
2.4506e-09	-0.142983
2.45221e-09	-0.12526
2.45383e-09	-0.107401
2.45544e-09	-0.0894161
2.45705e-09	-0.0713151
2.45866e-09	-0.0531089
2.46027e-09	-0.0348084
2.46189e-09	-0.0164244
2.4635e-09	0.00203209
2.46511e-09	0.0205501
2.46672e-09	0.0391186
2.46834e-09	0.0577263
2.46995e-09	0.076362
2.47156e-09	0.0950145
2.47317e-09	0.113672
2.47478e-09	0.132324
2.4764e-09	0.150959
2.47801e-09	0.169564
2.47962e-09	0.18813
2.48123e-09	0.206644
2.48285e-09	0.225094
2.48446e-09	0.24347
2.48607e-09	0.26176
2.48768e-09	0.279952
2.48929e-09	0.298035
2.49091e-09	0.315998
2.49252e-09	0.333829
2.49413e-09	0.351517
2.49574e-09	0.369051
2.49736e-09	0.38642
2.49897e-09	0.403611
2.50058e-09	0.420616
2.50219e-09	0.437421
2.50381e-09	0.454018
2.50542e-09	0.470394
2.50703e-09	0.486539
2.50864e-09	0.502442
2.51025e-09	0.518094
2.51187e-09	0.533484
2.51348e-09	0.548601
2.51509e-09	0.563435
2.5167e-09	0.577977
2.51832e-09	0.592218
2.51993e-09	0.606146
2.52154e-09	0.619753
2.52315e-09	0.63303
2.52476e-09	0.645967
2.52638e-09	0.658556
2.52799e-09	0.670787
2.5296e-09	0.682653
2.53121e-09	0.694145
2.53283e-09	0.705255
2.53444e-09	0.715975
2.53605e-09	0.726298
2.53766e-09	0.736215
2.53927e-09	0.74572
2.54089e-09	0.754806
2.5425e-09	0.763465
2.54411e-09	0.771693
2.54572e-09	0.779481
2.54734e-09	0.786825
2.54895e-09	0.793718
2.55056e-09	0.800155
2.55217e-09	0.806131
2.55378e-09	0.811641
2.5554e-09	0.81668
2.55701e-09	0.821243
2.55862e-09	0.825328
2.56023e-09	0.82893
2.56185e-09	0.832045
2.56346e-09	0.83467
2.56507e-09	0.836802
2.56668e-09	0.838439
2.56829e-09	0.839578
2.56991e-09	0.840218
2.57152e-09	0.840356
2.57313e-09	0.839991
2.57474e-09	0.839122
2.57636e-09	0.837748
2.57797e-09	0.835869
2.57958e-09	0.833484
2.58119e-09	0.830594
2.5828e-09	0.827199
2.58442e-09	0.8233
2.58603e-09	0.818898
2.58764e-09	0.813993
2.58925e-09	0.808589
2.59087e-09	0.802687
2.59248e-09	0.796289
2.59409e-09	0.789398
2.5957e-09	0.782017
2.59731e-09	0.774149
2.59893e-09	0.765797
2.60054e-09	0.756966
2.60215e-09	0.74766
2.60376e-09	0.737884
2.60538e-09	0.727641
2.60699e-09	0.716937
2.6086e-09	0.705778
2.61021e-09	0.694169
2.61182e-09	0.682117
2.61344e-09	0.669627
2.61505e-09	0.656706
2.61666e-09	0.64336
2.61827e-09	0.629598
2.61989e-09	0.615426
2.6215e-09	0.600852
2.62311e-09	0.585885
2.62472e-09	0.570531
2.62634e-09	0.5548
2.62795e-09	0.5387
2.62956e-09	0.52224
2.63117e-09	0.50543
2.63278e-09	0.488279
2.6344e-09	0.470796
2.63601e-09	0.452992
2.63762e-09	0.434876
2.63923e-09	0.41646
2.64085e-09	0.397752
2.64246e-09	0.378765
2.64407e-09	0.359509
2.64568e-09	0.339995
2.64729e-09	0.320234
2.64891e-09	0.300239
2.65052e-09	0.28002
2.65213e-09	0.25959
2.65374e-09	0.23896
2.65536e-09	0.218143
2.65697e-09	0.197151
2.65858e-09	0.175996
2.66019e-09	0.15469
2.6618e-09	0.133248
2.66342e-09	0.11168
2.66503e-09	0.0900007
2.66664e-09	0.0682223
2.66825e-09	0.0463579
2.66987e-09	0.0244208
2.67148e-09	0.00242415
2.67309e-09	-0.0196189
2.6747e-09	-0.0416949
2.67631e-09	-0.0637905
2.67793e-09	-0.0858924
2.67954e-09	-0.107987
2.68115e-09	-0.130061
2.68276e-09	-0.152101
2.68438e-09	-0.174093
2.68599e-09	-0.196025
2.6876e-09	-0.217881
2.68921e-09	-0.23965
2.69082e-09	-0.261318
2.69244e-09	-0.28287
2.69405e-09	-0.304295
2.69566e-09	-0.325578
2.69727e-09	-0.346707
2.69889e-09	-0.367668
2.7005e-09	-0.388448
2.70211e-09	-0.409034
2.70372e-09	-0.429414
2.70533e-09	-0.449575
2.70695e-09	-0.469503
2.70856e-09	-0.489187
2.71017e-09	-0.508614
2.71178e-09	-0.527772
2.7134e-09	-0.546648
2.71501e-09	-0.565231
2.71662e-09	-0.583509
2.71823e-09	-0.60147
2.71984e-09	-0.619103
2.72146e-09	-0.636397
2.72307e-09	-0.653339
2.72468e-09	-0.66992
2.72629e-09	-0.686129
2.72791e-09	-0.701955
2.72952e-09	-0.717389
2.73113e-09	-0.732419
2.73274e-09	-0.747036
2.73435e-09	-0.761232
2.73597e-09	-0.774995
2.73758e-09	-0.788318
2.73919e-09	-0.801191
2.7408e-09	-0.813606
2.74242e-09	-0.825555
2.74403e-09	-0.837029
2.74564e-09	-0.848022
2.74725e-09	-0.858525
2.74887e-09	-0.868531
2.75048e-09	-0.878034
2.75209e-09	-0.887027
2.7537e-09	-0.895503
2.75531e-09	-0.903458
2.75693e-09	-0.910885
2.75854e-09	-0.917778
2.76015e-09	-0.924134
2.76176e-09	-0.929947
2.76338e-09	-0.935213
2.76499e-09	-0.939928
2.7666e-09	-0.944089
2.76821e-09	-0.947691
2.76982e-09	-0.950733
2.77144e-09	-0.953211
2.77305e-09	-0.955123
2.77466e-09	-0.956468
2.77627e-09	-0.957243
2.77789e-09	-0.957447
2.7795e-09	-0.957081
2.78111e-09	-0.956142
2.78272e-09	-0.954631
2.78433e-09	-0.952548
2.78595e-09	-0.949893
2.78756e-09	-0.946668
2.78917e-09	-0.942874
2.79078e-09	-0.938511
2.7924e-09	-0.933583
2.79401e-09	-0.928091
2.79562e-09	-0.922039
2.79723e-09	-0.915428
2.79884e-09	-0.908263
2.80046e-09	-0.900547
2.80207e-09	-0.892284
2.80368e-09	-0.883478
2.80529e-09	-0.874135
2.80691e-09	-0.864259
2.80852e-09	-0.853856
2.81013e-09	-0.842931
2.81174e-09	-0.83149
2.81335e-09	-0.81954
2.81497e-09	-0.807088
2.81658e-09	-0.79414
2.81819e-09	-0.780704
2.8198e-09	-0.766787
2.82142e-09	-0.752398
2.82303e-09	-0.737545
2.82464e-09	-0.722235
2.82625e-09	-0.706479
2.82786e-09	-0.690284
2.82948e-09	-0.673662
2.83109e-09	-0.65662
2.8327e-09	-0.639169
2.83431e-09	-0.62132
2.83593e-09	-0.603083
2.83754e-09	-0.584467
2.83915e-09	-0.565486
2.84076e-09	-0.546149
2.84237e-09	-0.526467
2.84399e-09	-0.506454
2.8456e-09	-0.48612
2.84721e-09	-0.465477
2.84882e-09	-0.444538
2.85044e-09	-0.423316
2.85205e-09	-0.401822
2.85366e-09	-0.38007
2.85527e-09	-0.358073
2.85689e-09	-0.335844
2.8585e-09	-0.313396
2.86011e-09	-0.290742
2.86172e-09	-0.267896
2.86333e-09	-0.244873
2.86495e-09	-0.221685
2.86656e-09	-0.198347
2.86817e-09	-0.174873
2.86978e-09	-0.151276
2.8714e-09	-0.127572
2.87301e-09	-0.103774
2.87462e-09	-0.0798972
2.87623e-09	-0.0559555
2.87784e-09	-0.0319635
2.87946e-09	-0.00793588
2.88107e-09	0.0161129
2.88268e-09	0.0401682
2.88429e-09	0.0642155
2.88591e-09	0.0882401
2.88752e-09	0.112227
2.88913e-09	0.136163
2.89074e-09	0.160032
2.89235e-09	0.18382
2.89397e-09	0.207513
2.89558e-09	0.231096
2.89719e-09	0.254555
2.8988e-09	0.277875
2.90042e-09	0.301042
2.90203e-09	0.324042
2.90364e-09	0.346862
2.90525e-09	0.369486
2.90686e-09	0.391902
2.90848e-09	0.414095
2.91009e-09	0.436052
2.9117e-09	0.45776
2.91331e-09	0.479205
2.91493e-09	0.500374
2.91654e-09	0.521254
2.91815e-09	0.541832
2.91976e-09	0.562096
2.92137e-09	0.582033
2.92299e-09	0.601632
2.9246e-09	0.620879
2.92621e-09	0.639763
2.92782e-09	0.658273
2.92944e-09	0.676397
2.93105e-09	0.694124
2.93266e-09	0.711443
2.93427e-09	0.728344
2.93588e-09	0.744816
2.9375e-09	0.760849
2.93911e-09	0.776433
2.94072e-09	0.791558
2.94233e-09	0.806216
2.94395e-09	0.820397
2.94556e-09	0.834092
2.94717e-09	0.847293
2.94878e-09	0.859992
2.95039e-09	0.872181
2.95201e-09	0.883853
2.95362e-09	0.895
2.95523e-09	0.905615
2.95684e-09	0.915693
2.95846e-09	0.925226
2.96007e-09	0.934209
2.96168e-09	0.942636
2.96329e-09	0.950503
2.9649e-09	0.957803
2.96652e-09	0.964534
2.96813e-09	0.97069
2.96974e-09	0.976267
2.97135e-09	0.981263
2.97297e-09	0.985675
2.97458e-09	0.989499
2.97619e-09	0.992733
2.9778e-09	0.995375
2.97942e-09	0.997424
2.98103e-09	0.998878
2.98264e-09	0.999737
2.98425e-09	0.999999
2.98586e-09	0.999665
2.98748e-09	0.998735
2.98909e-09	0.99721
2.9907e-09	0.995089
2.99231e-09	0.992376
2.99393e-09	0.989071
2.99554e-09	0.985177
2.99715e-09	0.980695
2.99876e-09	0.975629
3.00037e-09	0.969982
3.00199e-09	0.963757
3.0036e-09	0.956958
3.00521e-09	0.949589
3.00682e-09	0.941655
3.00844e-09	0.933161
3.01005e-09	0.924112
3.01166e-09	0.914513
3.01327e-09	0.904371
3.01488e-09	0.893691
3.0165e-09	0.882481
3.01811e-09	0.870747
3.01972e-09	0.858496
3.02133e-09	0.845737
3.02295e-09	0.832476
3.02456e-09	0.818722
3.02617e-09	0.804483
3.02778e-09	0.789769
3.02939e-09	0.774588
3.03101e-09	0.75895
3.03262e-09	0.742864
3.03423e-09	0.72634
3.03584e-09	0.709389
3.03746e-09	0.69202
3.03907e-09	0.674245
3.04068e-09	0.656074
3.04229e-09	0.637519
3.0439e-09	0.61859
3.04552e-09	0.5993
3.04713e-09	0.579661
3.04874e-09	0.559684
3.05035e-09	0.539381
3.05197e-09	0.518766
3.05358e-09	0.497851
3.05519e-09	0.476648
3.0568e-09	0.455171
3.05841e-09	0.433433
3.06003e-09	0.411447
3.06164e-09	0.389226
3.06325e-09	0.366785
3.06486e-09	0.344136
3.06648e-09	0.321294
3.06809e-09	0.298273
3.0697e-09	0.275087
3.07131e-09	0.251749
3.07292e-09	0.228275
3.07454e-09	0.204678
3.07615e-09	0.180973
3.07776e-09	0.157174
3.07937e-09	0.133297
3.08099e-09	0.109354
3.0826e-09	0.0853615
3.08421e-09	0.0613334
3.08582e-09	0.0372844
3.08744e-09	0.013229
3.08905e-09	-0.010818
3.09066e-09	-0.0348421
3.09227e-09	-0.0588288
3.09388e-09	-0.0827635
3.0955e-09	-0.106632
3.09711e-09	-0.130419
3.09872e-09	-0.154111
3.10033e-09	-0.177694
3.10195e-09	-0.201152
3.10356e-09	-0.224473
3.10517e-09	-0.247642
3.10678e-09	-0.270645
3.10839e-09	-0.293468
3.11001e-09	-0.316098
3.11162e-09	-0.338521
3.11323e-09	-0.360723
3.11484e-09	-0.382691
3.11646e-09	-0.404413
3.11807e-09	-0.425875
3.11968e-09	-0.447064
3.12129e-09	-0.467968
3.1229e-09	-0.488574
3.12452e-09	-0.50887
3.12613e-09	-0.528845
3.12774e-09	-0.548485
3.12935e-09	-0.56778
3.13097e-09	-0.586719
3.13258e-09	-0.605289
3.13419e-09	-0.623481
3.1358e-09	-0.641283
3.13741e-09	-0.658685
3.13903e-09	-0.675677
3.14064e-09	-0.692249
3.14225e-09	-0.708391
3.14386e-09	-0.724094
3.14548e-09	-0.73935
3.14709e-09	-0.754148
3.1487e-09	-0.768481
3.15031e-09	-0.78234
3.15192e-09	-0.795718
3.15354e-09	-0.808607
3.15515e-09	-0.821
3.15676e-09	-0.832889
3.15837e-09	-0.844268
3.15999e-09	-0.855131
3.1616e-09	-0.865471
3.16321e-09	-0.875283
3.16482e-09	-0.884563
3.16643e-09	-0.893303
3.16805e-09	-0.901501
3.16966e-09	-0.909151
3.17127e-09	-0.91625
3.17288e-09	-0.922794
3.1745e-09	-0.928779
3.17611e-09	-0.934204
3.17772e-09	-0.939064
3.17933e-09	-0.943358
3.18094e-09	-0.947085
3.18256e-09	-0.950242
3.18417e-09	-0.952828
3.18578e-09	-0.954842
3.18739e-09	-0.956284
3.18901e-09	-0.957155
3.19062e-09	-0.957453
3.19223e-09	-0.95718
3.19384e-09	-0.956336
3.19545e-09	-0.954924
3.19707e-09	-0.952944
3.19868e-09	-0.950398
3.20029e-09	-0.947289
3.2019e-09	-0.943619
3.20352e-09	-0.939392
3.20513e-09	-0.934611
3.20674e-09	-0.929279
3.20835e-09	-0.923401
3.20997e-09	-0.91698
3.21158e-09	-0.910022
3.21319e-09	-0.902532
3.2148e-09	-0.894515
3.21641e-09	-0.885976
3.21803e-09	-0.876921
3.21964e-09	-0.867358
3.22125e-09	-0.857292
3.22286e-09	-0.84673
3.22448e-09	-0.835679
3.22609e-09	-0.824147
3.2277e-09	-0.812142
3.22931e-09	-0.799672
3.23092e-09	-0.786744
3.23254e-09	-0.773368
3.23415e-09	-0.759552
3.23576e-09	-0.745306
3.23737e-09	-0.730639
3.23899e-09	-0.71556
3.2406e-09	-0.700079
3.24221e-09	-0.684206
3.24382e-09	-0.667952
3.24543e-09	-0.651327
3.24705e-09	-0.634342
3.24866e-09	-0.617007
3.25027e-09	-0.599334
3.25188e-09	-0.581334
3.2535e-09	-0.563019
3.25511e-09	-0.544401
3.25672e-09	-0.52549
3.25833e-09	-0.506299
3.25994e-09	-0.486841
3.26156e-09	-0.467127
3.26317e-09	-0.44717
3.26478e-09	-0.426982
3.26639e-09	-0.406577
3.26801e-09	-0.385967
3.26962e-09	-0.365164
3.27123e-09	-0.344182
3.27284e-09	-0.323034
3.27445e-09	-0.301733
3.27607e-09	-0.280293
3.27768e-09	-0.258726
3.27929e-09	-0.237045
3.2809e-09	-0.215265
3.28252e-09	-0.193399
3.28413e-09	-0.17146
3.28574e-09	-0.149461
3.28735e-09	-0.127416
3.28896e-09	-0.105339
3.29058e-09	-0.0832427
3.29219e-09	-0.0611409
3.2938e-09	-0.0390469
3.29541e-09	-0.0169741
3.29703e-09	0.00506404
3.29864e-09	0.0270543
3.30025e-09	0.0489834
3.30186e-09	0.0708381
3.30347e-09	0.0926053
3.30509e-09	0.114272
3.3067e-09	0.135825
3.30831e-09	0.157252
3.30992e-09	0.17854
3.31154e-09	0.199676
3.31315e-09	0.220648
3.31476e-09	0.241443
3.31637e-09	0.26205
3.31799e-09	0.282455
3.3196e-09	0.302648
3.32121e-09	0.322616
3.32282e-09	0.342347
3.32443e-09	0.361831
3.32605e-09	0.381056
3.32766e-09	0.40001
3.32927e-09	0.418683
3.33088e-09	0.437064
3.3325e-09	0.455143
3.33411e-09	0.472909
3.33572e-09	0.490353
3.33733e-09	0.507464
3.33894e-09	0.524232
3.34056e-09	0.540649
3.34217e-09	0.556705
3.34378e-09	0.572392
3.34539e-09	0.5877
3.34701e-09	0.602621
3.34862e-09	0.617147
3.35023e-09	0.63127
3.35184e-09	0.644983
3.35345e-09	0.658277
3.35507e-09	0.671147
3.35668e-09	0.683585
3.35829e-09	0.695585
3.3599e-09	0.70714
3.36152e-09	0.718245
3.36313e-09	0.728893
3.36474e-09	0.73908
3.36635e-09	0.748801
3.36796e-09	0.75805
3.36958e-09	0.766824
3.37119e-09	0.775117
3.3728e-09	0.782927
3.37441e-09	0.79025
3.37603e-09	0.797082
3.37764e-09	0.803421
3.37925e-09	0.809263
3.38086e-09	0.814608
3.38247e-09	0.819452
3.38409e-09	0.823794
3.3857e-09	0.827633
3.38731e-09	0.830967
3.38892e-09	0.833797
3.39054e-09	0.836121
3.39215e-09	0.83794
3.39376e-09	0.839253
3.39537e-09	0.840061
3.39698e-09	0.840366
3.3986e-09	0.840168
3.40021e-09	0.839468
3.40182e-09	0.838269
3.40343e-09	0.836573
3.40505e-09	0.834381
3.40666e-09	0.831697
3.40827e-09	0.828524
3.40988e-09	0.824864
3.41149e-09	0.820722
3.41311e-09	0.8161
3.41472e-09	0.811005
3.41633e-09	0.805439
3.41794e-09	0.799407
3.41956e-09	0.792915
3.42117e-09	0.785968
3.42278e-09	0.778571
3.42439e-09	0.770729
3.426e-09	0.76245
3.42762e-09	0.753739
3.42923e-09	0.744602
3.43084e-09	0.735048
3.43245e-09	0.725081
3.43407e-09	0.714711
3.43568e-09	0.703944
3.43729e-09	0.692788
3.4389e-09	0.68125
3.44052e-09	0.66934
3.44213e-09	0.657065
3.44374e-09	0.644434
3.44535e-09	0.631456
3.44696e-09	0.618139
3.44858e-09	0.604493
3.45019e-09	0.590527
3.4518e-09	0.57625
3.45341e-09	0.561672
3.45503e-09	0.546803
3.45664e-09	0.531653
3.45825e-09	0.516231
3.45986e-09	0.500549
3.46147e-09	0.484616
3.46309e-09	0.468442
3.4647e-09	0.452039
3.46631e-09	0.435417
3.46792e-09	0.418587
3.46954e-09	0.40156
3.47115e-09	0.384346
3.47276e-09	0.366958
3.47437e-09	0.349405
3.47598e-09	0.331699
3.4776e-09	0.313851
3.47921e-09	0.295873
3.48082e-09	0.277776
3.48243e-09	0.259572
3.48405e-09	0.241271
3.48566e-09	0.222886
3.48727e-09	0.204427
3.48888e-09	0.185907
3.49049e-09	0.167336
3.49211e-09	0.148726
3.49372e-09	0.130089
3.49533e-09	0.111436
3.49694e-09	0.0927777
3.49856e-09	0.0741267
3.50017e-09	0.0554937
3.50178e-09	0.0368901
3.50339e-09	0.0183271
3.505e-09	-0.000184136
3.50662e-09	-0.0186325
3.50823e-09	-0.0370071
3.50984e-09	-0.0552968
3.51145e-09	-0.073491
3.51307e-09	-0.0915787
3.51468e-09	-0.109549
3.51629e-09	-0.127393
3.5179e-09	-0.145098
3.51951e-09	-0.162655
3.52113e-09	-0.180053
3.52274e-09	-0.197283
3.52435e-09	-0.214334
3.52596e-09	-0.231197
3.52758e-09	-0.247863
3.52919e-09	-0.264321
3.5308e-09	-0.280563
3.53241e-09	-0.296579
3.53402e-09	-0.31236
3.53564e-09	-0.327899
3.53725e-09	-0.343185
3.53886e-09	-0.35821
3.54047e-09	-0.372968
3.54209e-09	-0.387448
3.5437e-09	-0.401644
3.54531e-09	-0.415548
3.54692e-09	-0.429152
3.54853e-09	-0.44245
3.55015e-09	-0.455434
3.55176e-09	-0.468098
3.55337e-09	-0.480435
3.55498e-09	-0.492438
3.5566e-09	-0.504102
3.55821e-09	-0.515421
3.55982e-09	-0.526389
3.56143e-09	-0.537001
3.56305e-09	-0.547251
3.56466e-09	-0.557136
3.56627e-09	-0.566649
3.56788e-09	-0.575787
3.56949e-09	-0.584545
3.57111e-09	-0.592921
3.57272e-09	-0.600909
3.57433e-09	-0.608506
3.57594e-09	-0.61571
3.57756e-09	-0.622518
3.57917e-09	-0.628927
3.58078e-09	-0.634934
3.58239e-09	-0.640537
3.584e-09	-0.645735
3.58562e-09	-0.650526
3.58723e-09	-0.654909
3.58884e-09	-0.658882
3.59045e-09	-0.662445
3.59207e-09	-0.665597
3.59368e-09	-0.668338
3.59529e-09	-0.670668
3.5969e-09	-0.672586
3.59851e-09	-0.674094
3.60013e-09	-0.675192
3.60174e-09	-0.675882
3.60335e-09	-0.676163
3.60496e-09	-0.676038
3.60658e-09	-0.675509
3.60819e-09	-0.674577
3.6098e-09	-0.673245
3.61141e-09	-0.671514
3.61302e-09	-0.669389
3.61464e-09	-0.66687
3.61625e-09	-0.663963
3.61786e-09	-0.660669
3.61947e-09	-0.656994
3.62109e-09	-0.652939
3.6227e-09	-0.64851
3.62431e-09	-0.643711
3.62592e-09	-0.638546
3.62753e-09	-0.633019
3.62915e-09	-0.627137
3.63076e-09	-0.620903
3.63237e-09	-0.614323
3.63398e-09	-0.607403
3.6356e-09	-0.600147
3.63721e-09	-0.592563
3.63882e-09	-0.584655
3.64043e-09	-0.576431
3.64204e-09	-0.567896
3.64366e-09	-0.559057
3.64527e-09	-0.549921
3.64688e-09	-0.540495
3.64849e-09	-0.530784
3.65011e-09	-0.520798
3.65172e-09	-0.510542
3.65333e-09	-0.500025
3.65494e-09	-0.489254
3.65655e-09	-0.478236
3.65817e-09	-0.46698
3.65978e-09	-0.455493
3.66139e-09	-0.443783
3.663e-09	-0.431858
3.66462e-09	-0.419727
3.66623e-09	-0.407398
3.66784e-09	-0.394879
3.66945e-09	-0.382179
3.67107e-09	-0.369307
3.67268e-09	-0.35627
3.67429e-09	-0.343078
3.6759e-09	-0.329739
3.67751e-09	-0.316262
3.67913e-09	-0.302657
3.68074e-09	-0.288931
3.68235e-09	-0.275094
3.68396e-09	-0.261155
3.68558e-09	-0.247122
3.68719e-09	-0.233005
3.6888e-09	-0.218813
3.69041e-09	-0.204555
3.69202e-09	-0.190239
3.69364e-09	-0.175875
3.69525e-09	-0.161472
3.69686e-09	-0.147038
3.69847e-09	-0.132583
3.70009e-09	-0.118116
3.7017e-09	-0.103644
3.70331e-09	-0.0891787
3.70492e-09	-0.0747271
3.70653e-09	-0.0602983
3.70815e-09	-0.0459011
3.70976e-09	-0.0315441
3.71137e-09	-0.0172359
3.71298e-09	-0.00298504
3.7146e-09	0.0112001
3.71621e-09	0.0253112
3.71782e-09	0.0393398
3.71943e-09	0.053278
3.72104e-09	0.0671175
3.72266e-09	0.0808503
3.72427e-09	0.0944687
3.72588e-09	0.107965
3.72749e-09	0.121331
3.72911e-09	0.13456
3.73072e-09	0.147643
3.73233e-09	0.160575
3.73394e-09	0.173347
3.73555e-09	0.185953
3.73717e-09	0.198385
3.73878e-09	0.210638
3.74039e-09	0.222704
3.742e-09	0.234576
3.74362e-09	0.246249
3.74523e-09	0.257717
3.74684e-09	0.268973
3.74845e-09	0.280011
3.75006e-09	0.290826
3.75168e-09	0.301413
3.75329e-09	0.311766
3.7549e-09	0.321879
3.75651e-09	0.331749
3.75813e-09	0.341369
3.75974e-09	0.350736
3.76135e-09	0.359844
3.76296e-09	0.368691
3.76457e-09	0.377271
3.76619e-09	0.38558
3.7678e-09	0.393615
3.76941e-09	0.401373
3.77102e-09	0.40885
3.77264e-09	0.416043
3.77425e-09	0.422949
3.77586e-09	0.429565
3.77747e-09	0.435888
3.77908e-09	0.441917
3.7807e-09	0.447649
3.78231e-09	0.453081
3.78392e-09	0.458214
3.78553e-09	0.463043
3.78715e-09	0.46757
3.78876e-09	0.471791
3.79037e-09	0.475706
3.79198e-09	0.479315
3.7936e-09	0.482616
3.79521e-09	0.48561
3.79682e-09	0.488295
3.79843e-09	0.490673
3.80004e-09	0.492743
3.80166e-09	0.494505
3.80327e-09	0.49596
3.80488e-09	0.497109
3.80649e-09	0.497953
3.80811e-09	0.498493
3.80972e-09	0.498729
3.81133e-09	0.498664
3.81294e-09	0.4983
3.81455e-09	0.497637
3.81617e-09	0.496679
3.81778e-09	0.495426
3.81939e-09	0.493882
3.821e-09	0.492049
3.82262e-09	0.48993
3.82423e-09	0.487528
3.82584e-09	0.484845
3.82745e-09	0.481884
3.82906e-09	0.47865
3.83068e-09	0.475145
3.83229e-09	0.471373
3.8339e-09	0.467339
3.83551e-09	0.463045
3.83713e-09	0.458496
3.83874e-09	0.453696
3.84035e-09	0.448649
3.84196e-09	0.44336
3.84357e-09	0.437834
3.84519e-09	0.432074
3.8468e-09	0.426087
3.84841e-09	0.419876
3.85002e-09	0.413448
3.85164e-09	0.406806
3.85325e-09	0.399957
3.85486e-09	0.392905
3.85647e-09	0.385656
3.85808e-09	0.378217
3.8597e-09	0.370591
3.86131e-09	0.362785
3.86292e-09	0.354806
3.86453e-09	0.346658
3.86615e-09	0.338347
3.86776e-09	0.329881
3.86937e-09	0.321264
3.87098e-09	0.312503
3.87259e-09	0.303604
3.87421e-09	0.294573
3.87582e-09	0.285417
3.87743e-09	0.276142
3.87904e-09	0.266755
3.88066e-09	0.257261
3.88227e-09	0.247667
3.88388e-09	0.23798
3.88549e-09	0.228206
3.8871e-09	0.218351
3.88872e-09	0.208423
3.89033e-09	0.198427
3.89194e-09	0.188371
3.89355e-09	0.17826
3.89517e-09	0.168101
3.89678e-09	0.157901
3.89839e-09	0.147667
3.9e-09	0.137404
3.90162e-09	0.127119
3.90323e-09	0.116819
3.90484e-09	0.106509
3.90645e-09	0.0961975
3.90806e-09	0.0858895
3.90968e-09	0.0755915
3.91129e-09	0.0653098
3.9129e-09	0.0550506
3.91451e-09	0.0448202
3.91613e-09	0.0346245
3.91774e-09	0.0244696
3.91935e-09	0.0143616
3.92096e-09	0.00430631
3.92257e-09	-0.00569035
3.92419e-09	-0.0156226
3.9258e-09	-0.0254848
3.92741e-09	-0.0352712
3.92902e-09	-0.0449764
3.93064e-09	-0.0545948
3.93225e-09	-0.0641211
3.93386e-09	-0.07355
3.93547e-09	-0.0828763
3.93708e-09	-0.0920948
3.9387e-09	-0.101201
3.94031e-09	-0.110189
3.94192e-09	-0.119055
3.94353e-09	-0.127794
3.94515e-09	-0.136401
3.94676e-09	-0.144871
3.94837e-09	-0.153202
3.94998e-09	-0.161388
3.95159e-09	-0.169424
3.95321e-09	-0.177308
3.95482e-09	-0.185035
3.95643e-09	-0.192602
3.95804e-09	-0.200004
3.95966e-09	-0.207238
3.96127e-09	-0.214302
3.96288e-09	-0.221191
3.96449e-09	-0.227902
3.9661e-09	-0.234433
3.96772e-09	-0.240781
3.96933e-09	-0.246942
3.97094e-09	-0.252915
3.97255e-09	-0.258696
3.97417e-09	-0.264284
3.97578e-09	-0.269677
3.97739e-09	-0.274871
3.979e-09	-0.279865
3.98061e-09	-0.284658
3.98223e-09	-0.289248
3.98384e-09	-0.293633
3.98545e-09	-0.297812
3.98706e-09	-0.301784
3.98868e-09	-0.305547
3.99029e-09	-0.309101
3.9919e-09	-0.312444
3.99351e-09	-0.315577
3.99512e-09	-0.318498
3.99674e-09	-0.321207
3.99835e-09	-0.323704
3.99996e-09	-0.325988
4.00157e-09	-0.32806
4.00319e-09	-0.32992
4.0048e-09	-0.331568
4.00641e-09	-0.333004
4.00802e-09	-0.334229
4.00963e-09	-0.335244
4.01125e-09	-0.336049
4.01286e-09	-0.336645
4.01447e-09	-0.337033
4.01608e-09	-0.337215
4.0177e-09	-0.337191
4.01931e-09	-0.336963
4.02092e-09	-0.336532
4.02253e-09	-0.335901
4.02415e-09	-0.33507
4.02576e-09	-0.334042
4.02737e-09	-0.332819
4.02898e-09	-0.331402
4.03059e-09	-0.329795
4.03221e-09	-0.327998
4.03382e-09	-0.326015
4.03543e-09	-0.323848
4.03704e-09	-0.321499
4.03866e-09	-0.318971
4.04027e-09	-0.316268
4.04188e-09	-0.313392
4.04349e-09	-0.310345
4.0451e-09	-0.307131
4.04672e-09	-0.303753
4.04833e-09	-0.300214
4.04994e-09	-0.296518
4.05155e-09	-0.292668
4.05317e-09	-0.288667
4.05478e-09	-0.284518
4.05639e-09	-0.280226
4.058e-09	-0.275794
4.05961e-09	-0.271226
4.06123e-09	-0.266525
4.06284e-09	-0.261695
4.06445e-09	-0.25674
4.06606e-09	-0.251665
4.06768e-09	-0.246472
4.06929e-09	-0.241166
4.0709e-09	-0.235752
4.07251e-09	-0.230233
4.07412e-09	-0.224613
4.07574e-09	-0.218896
4.07735e-09	-0.213087
4.07896e-09	-0.207191
4.08057e-09	-0.20121
4.08219e-09	-0.19515
4.0838e-09	-0.189014
4.08541e-09	-0.182808
4.08702e-09	-0.176535
4.08863e-09	-0.1702
4.09025e-09	-0.163807
4.09186e-09	-0.157361
4.09347e-09	-0.150865
4.09508e-09	-0.144324
4.0967e-09	-0.137743
4.09831e-09	-0.131126
4.09992e-09	-0.124478
4.10153e-09	-0.117801
4.10314e-09	-0.111102
4.10476e-09	-0.104384
4.10637e-09	-0.0976514
4.10798e-09	-0.0909085
4.10959e-09	-0.0841596
4.11121e-09	-0.0774089
4.11282e-09	-0.0706606
4.11443e-09	-0.0639188
4.11604e-09	-0.0571876
4.11765e-09	-0.0504712
4.11927e-09	-0.0437735
4.12088e-09	-0.0370986
4.12249e-09	-0.0304505
4.1241e-09	-0.0238329
4.12572e-09	-0.0172499
4.12733e-09	-0.0107052
4.12894e-09	-0.00420251
4.13055e-09	0.00225437
4.13217e-09	0.00866181
4.13378e-09	0.0150162
4.13539e-09	0.0213141
4.137e-09	0.0275519
4.13861e-09	0.0337262
4.14023e-09	0.0398338
4.14184e-09	0.0458713
4.14345e-09	0.0518355
4.14506e-09	0.0577233
4.14668e-09	0.0635315
4.14829e-09	0.0692573
4.1499e-09	0.0748977
4.15151e-09	0.0804498
4.15312e-09	0.0859109
4.15474e-09	0.0912783
4.15635e-09	0.0965493
4.15796e-09	0.101721
4.15957e-09	0.106792
4.16119e-09	0.111759
4.1628e-09	0.116621
4.16441e-09	0.121374
4.16602e-09	0.126016
4.16763e-09	0.130546
4.16925e-09	0.134963
4.17086e-09	0.139262
4.17247e-09	0.143444
4.17408e-09	0.147507
4.1757e-09	0.151448
4.17731e-09	0.155266
4.17892e-09	0.15896
4.18053e-09	0.162529
4.18214e-09	0.165971
4.18376e-09	0.169286
4.18537e-09	0.172471
4.18698e-09	0.175526
4.18859e-09	0.178451
4.19021e-09	0.181244
4.19182e-09	0.183904
4.19343e-09	0.186432
4.19504e-09	0.188826
4.19665e-09	0.191087
4.19827e-09	0.193213
4.19988e-09	0.195204
4.20149e-09	0.197061
4.2031e-09	0.198783
4.20472e-09	0.20037
4.20633e-09	0.201823
4.20794e-09	0.203141
4.20955e-09	0.204324
4.21116e-09	0.205374
4.21278e-09	0.20629
4.21439e-09	0.207073
4.216e-09	0.207723
4.21761e-09	0.208241
4.21923e-09	0.208629
4.22084e-09	0.208885
4.22245e-09	0.209013
4.22406e-09	0.209012
4.22567e-09	0.208883
4.22729e-09	0.208628
4.2289e-09	0.208247
4.23051e-09	0.207743
4.23212e-09	0.207116
4.23374e-09	0.206367
4.23535e-09	0.205499
4.23696e-09	0.204512
4.23857e-09	0.203409
4.24018e-09	0.20219
4.2418e-09	0.200858
4.24341e-09	0.199414
4.24502e-09	0.19786
4.24663e-09	0.196198
4.24825e-09	0.194429
4.24986e-09	0.192557
4.25147e-09	0.190582
4.25308e-09	0.188507
4.2547e-09	0.186334
4.25631e-09	0.184065
4.25792e-09	0.181703
4.25953e-09	0.179248
4.26114e-09	0.176705
4.26276e-09	0.174075
4.26437e-09	0.17136
4.26598e-09	0.168563
4.26759e-09	0.165686
4.26921e-09	0.162732
4.27082e-09	0.159704
4.27243e-09	0.156602
4.27404e-09	0.153432
4.27565e-09	0.150193
4.27727e-09	0.14689
4.27888e-09	0.143525
4.28049e-09	0.140101
4.2821e-09	0.136619
4.28372e-09	0.133084
4.28533e-09	0.129497
4.28694e-09	0.125861
4.28855e-09	0.122178
4.29016e-09	0.118452
4.29178e-09	0.114685
4.29339e-09	0.11088
4.295e-09	0.10704
4.29661e-09	0.103167
4.29823e-09	0.099263
4.29984e-09	0.0953321
4.30145e-09	0.0913763
4.30306e-09	0.0873985
4.30467e-09	0.0834012
4.30629e-09	0.079387
4.3079e-09	0.0753588
4.30951e-09	0.071319
4.31112e-09	0.0672702
4.31274e-09	0.0632152
4.31435e-09	0.0591564
4.31596e-09	0.0550964
4.31757e-09	0.0510377
4.31918e-09	0.0469829
4.3208e-09	0.0429345
4.32241e-09	0.0388949
4.32402e-09	0.0348665
4.32563e-09	0.0308518
4.32725e-09	0.0268531
4.32886e-09	0.0228728
4.33047e-09	0.0189133
4.33208e-09	0.0149767
4.33369e-09	0.0110654
4.33531e-09	0.00718157
4.33692e-09	0.00332739
4.33853e-09	-0.000495007
4.34014e-09	-0.0042835
4.34176e-09	-0.00803604
4.34337e-09	-0.0117506
4.34498e-09	-0.0154252
4.34659e-09	-0.0190578
4.3482e-09	-0.0226467
4.34982e-09	-0.0261899
4.35143e-09	-0.0296857
4.35304e-09	-0.0331322
4.35465e-09	-0.0365278
4.35627e-09	-0.0398708
4.35788e-09	-0.0431596
4.35949e-09	-0.0463926
4.3611e-09	-0.0495682
4.36271e-09	-0.0526851
4.36433e-09	-0.0557417
4.36594e-09	-0.0587368
4.36755e-09	-0.061669
4.36916e-09	-0.0645369
4.37078e-09	-0.0673395
4.37239e-09	-0.0700756
4.374e-09	-0.0727439
4.37561e-09	-0.0753436
4.37723e-09	-0.0778735
4.37884e-09	-0.0803327
4.38045e-09	-0.0827203
4.38206e-09	-0.0850355
4.38367e-09	-0.0872775
4.38529e-09	-0.0894455
4.3869e-09	-0.0915388
4.38851e-09	-0.0935568
4.39012e-09	-0.095499
4.39174e-09	-0.0973648
4.39335e-09	-0.0991537
4.39496e-09	-0.100865
4.39657e-09	-0.102499
4.39818e-09	-0.104055
4.3998e-09	-0.105533
4.40141e-09	-0.106932
4.40302e-09	-0.108253
4.40463e-09	-0.109495
4.40625e-09	-0.110658
4.40786e-09	-0.111743
4.40947e-09	-0.112748
4.41108e-09	-0.113675
4.41269e-09	-0.114524
4.41431e-09	-0.115294
4.41592e-09	-0.115986
4.41753e-09	-0.116601
4.41914e-09	-0.117138
4.42076e-09	-0.117598
4.42237e-09	-0.117981
4.42398e-09	-0.118288
4.42559e-09	-0.118519
4.4272e-09	-0.118676
4.42882e-09	-0.118757
4.43043e-09	-0.118765
4.43204e-09	-0.1187
4.43365e-09	-0.118562
4.43527e-09	-0.118353
4.43688e-09	-0.118072
4.43849e-09	-0.117722
4.4401e-09	-0.117302
4.44171e-09	-0.116815
4.44333e-09	-0.116259
4.44494e-09	-0.115638
4.44655e-09	-0.114951
4.44816e-09	-0.1142
4.44978e-09	-0.113385
4.45139e-09	-0.112509
4.453e-09	-0.111571
4.45461e-09	-0.110574
4.45622e-09	-0.109518
4.45784e-09	-0.108404
4.45945e-09	-0.107235
4.46106e-09	-0.10601
4.46267e-09	-0.104732
4.46429e-09	-0.103401
4.4659e-09	-0.10202
4.46751e-09	-0.100589
4.46912e-09	-0.0991096
4.47073e-09	-0.0975834
4.47235e-09	-0.0960117
4.47396e-09	-0.094396
4.47557e-09	-0.0927377
4.47718e-09	-0.0910382
4.4788e-09	-0.0892989
4.48041e-09	-0.0875215
4.48202e-09	-0.0857073
4.48363e-09	-0.0838578
4.48525e-09	-0.0819746
4.48686e-09	-0.0800591
4.48847e-09	-0.0781128
4.49008e-09	-0.0761373
4.49169e-09	-0.0741341
4.49331e-09	-0.0721048
4.49492e-09	-0.0700507
4.49653e-09	-0.0679736
4.49814e-09	-0.0658748
4.49976e-09	-0.063756
4.50137e-09	-0.0616186
4.50298e-09	-0.0594642
4.50459e-09	-0.0572942
4.5062e-09	-0.0551103
4.50782e-09	-0.0529139
4.50943e-09	-0.0507065
4.51104e-09	-0.0484896
4.51265e-09	-0.0462647
4.51427e-09	-0.0440332
4.51588e-09	-0.0417967
4.51749e-09	-0.0395566
4.5191e-09	-0.0373142
4.52071e-09	-0.0350712
4.52233e-09	-0.0328288
4.52394e-09	-0.0305884
4.52555e-09	-0.0283516
4.52716e-09	-0.0261195
4.52878e-09	-0.0238936
4.53039e-09	-0.0216753
4.532e-09	-0.0194658
4.53361e-09	-0.0172664
4.53522e-09	-0.0150784
4.53684e-09	-0.0129032
4.53845e-09	-0.0107418
4.54006e-09	-0.00859557
4.54167e-09	-0.00646567
4.54329e-09	-0.00435329
4.5449e-09	-0.00225957
4.54651e-09	-0.000185647
4.54812e-09	0.00186738
4.54973e-09	0.00389844
4.55135e-09	0.00590646
4.55296e-09	0.00789042
4.55457e-09	0.0098493
4.55618e-09	0.0117821
4.5578e-09	0.013688
4.55941e-09	0.0155659
4.56102e-09	0.017415
4.56263e-09	0.0192344
4.56424e-09	0.0210232
4.56586e-09	0.0227808
4.56747e-09	0.0245061
4.56908e-09	0.0261986
4.57069e-09	0.0278574
4.57231e-09	0.0294819
4.57392e-09	0.0310714
4.57553e-09	0.0326253
4.57714e-09	0.0341429
4.57875e-09	0.0356236
4.58037e-09	0.037067
4.58198e-09	0.0384724
4.58359e-09	0.0398394
4.5852e-09	0.0411675
4.58682e-09	0.0424563
4.58843e-09	0.0437054
4.59004e-09	0.0449143
4.59165e-09	0.0460828
4.59326e-09	0.0472106
4.59488e-09	0.0482973
4.59649e-09	0.0493426
4.5981e-09	0.0503464
4.59971e-09	0.0513085
4.60133e-09	0.0522286
4.60294e-09	0.0531067
4.60455e-09	0.0539425
4.60616e-09	0.0547361
4.60778e-09	0.0554874
4.60939e-09	0.0561963
4.611e-09	0.0568628
4.61261e-09	0.057487
4.61422e-09	0.0580689
4.61584e-09	0.0586085
4.61745e-09	0.0591061
4.61906e-09	0.0595616
4.62067e-09	0.0599753
4.62229e-09	0.0603474
4.6239e-09	0.060678
4.62551e-09	0.0609673
4.62712e-09	0.0612157
4.62873e-09	0.0614234
4.63035e-09	0.0615907
4.63196e-09	0.0617179
4.63357e-09	0.0618054
4.63518e-09	0.0618535
4.6368e-09	0.0618627
4.63841e-09	0.0618332
4.64002e-09	0.0617657
4.64163e-09	0.0616604
4.64324e-09	0.0615179
4.64486e-09	0.0613386
4.64647e-09	0.0611231
4.64808e-09	0.060872
4.64969e-09	0.0605856
4.65131e-09	0.0602646
4.65292e-09	0.0599096
4.65453e-09	0.0595211
4.65614e-09	0.0590998
4.65775e-09	0.0586462
4.65937e-09	0.0581611
4.66098e-09	0.057645
4.66259e-09	0.0570986
4.6642e-09	0.0565226
4.66582e-09	0.0559177
4.66743e-09	0.0552845
4.66904e-09	0.0546238
4.67065e-09	0.0539363
4.67226e-09	0.0532227
4.67388e-09	0.0524837
4.67549e-09	0.0517202
4.6771e-09	0.0509327
4.67871e-09	0.0501222
4.68033e-09	0.0492893
4.68194e-09	0.0484349
4.68355e-09	0.0475596
4.68516e-09	0.0466643
4.68677e-09	0.0457499
4.68839e-09	0.0448169
4.69e-09	0.0438664
4.69161e-09	0.042899
4.69322e-09	0.0419155
4.69484e-09	0.0409168
4.69645e-09	0.0399036
4.69806e-09	0.0388767
4.69967e-09	0.0378371
4.70128e-09	0.0367853
4.7029e-09	0.0357223
4.70451e-09	0.0346489
4.70612e-09	0.0335658
4.70773e-09	0.0324738
4.70935e-09	0.0313738
4.71096e-09	0.0302664
4.71257e-09	0.0291526
4.71418e-09	0.028033
4.7158e-09	0.0269085
4.71741e-09	0.0257798
4.71902e-09	0.0246476
4.72063e-09	0.0235128
4.72224e-09	0.0223761
4.72386e-09	0.0212382
4.72547e-09	0.0200998
4.72708e-09	0.0189618
4.72869e-09	0.0178247
4.73031e-09	0.0166894
4.73192e-09	0.0155564
4.73353e-09	0.0144266
4.73514e-09	0.0133006
4.73675e-09	0.012179
4.73837e-09	0.0110626
4.73998e-09	0.00995189
4.74159e-09	0.00884763
4.7432e-09	0.00775041
4.74482e-09	0.00666085
4.74643e-09	0.00557956
4.74804e-09	0.00450712
4.74965e-09	0.00344412
4.75126e-09	0.00239113
4.75288e-09	0.0013487
4.75449e-09	0.000317368
4.7561e-09	-0.000702327
4.75771e-09	-0.00170987
4.75933e-09	-0.00270477
4.76094e-09	-0.00368653
4.76255e-09	-0.00465468
4.76416e-09	-0.00560875
4.76577e-09	-0.00654831
4.76739e-09	-0.00747292
4.769e-09	-0.00838216
4.77061e-09	-0.00927564
4.77222e-09	-0.010153
4.77384e-09	-0.0110138
4.77545e-09	-0.0118577
4.77706e-09	-0.0126844
4.77867e-09	-0.0134935
4.78028e-09	-0.0142847
4.7819e-09	-0.0150578
4.78351e-09	-0.0158125
4.78512e-09	-0.0165484
4.78673e-09	-0.0172654
4.78835e-09	-0.0179632
4.78996e-09	-0.0186416
4.79157e-09	-0.0193003
4.79318e-09	-0.0199392
4.79479e-09	-0.0205581
4.79641e-09	-0.0211568
4.79802e-09	-0.0217353
4.79963e-09	-0.0222933
4.80124e-09	-0.0228307
4.80286e-09	-0.0233475
4.80447e-09	-0.0238436
4.80608e-09	-0.0243188
4.80769e-09	-0.0247731
4.8093e-09	-0.0252066
4.81092e-09	-0.0256191
4.81253e-09	-0.0260106
4.81414e-09	-0.0263811
4.81575e-09	-0.0267307
4.81737e-09	-0.0270593
4.81898e-09	-0.027367
4.82059e-09	-0.0276539
4.8222e-09	-0.02792
4.82381e-09	-0.0281654
4.82543e-09	-0.0283901
4.82704e-09	-0.0285943
4.82865e-09	-0.0287781
4.83026e-09	-0.0289417
4.83188e-09	-0.029085
4.83349e-09	-0.0292084
4.8351e-09	-0.0293119
4.83671e-09	-0.0293958
4.83833e-09	-0.0294601
4.83994e-09	-0.0295052
4.84155e-09	-0.0295311
4.84316e-09	-0.0295382
4.84477e-09	-0.0295266
4.84639e-09	-0.0294965
4.848e-09	-0.0294483
4.84961e-09	-0.0293821
4.85122e-09	-0.0292982
4.85284e-09	-0.0291969
4.85445e-09	-0.0290784
4.85606e-09	-0.028943
4.85767e-09	-0.0287911
4.85928e-09	-0.0286229
4.8609e-09	-0.0284387
4.86251e-09	-0.0282388
4.86412e-09	-0.0280236
4.86573e-09	-0.0277933
4.86735e-09	-0.0275484
4.86896e-09	-0.027289
4.87057e-09	-0.0270157
4.87218e-09	-0.0267286
4.87379e-09	-0.0264282
4.87541e-09	-0.0261149
4.87702e-09	-0.0257889
4.87863e-09	-0.0254506
4.88024e-09	-0.0251005
4.88186e-09	-0.0247388
4.88347e-09	-0.024366
4.88508e-09	-0.0239824
4.88669e-09	-0.0235884
4.8883e-09	-0.0231843
4.88992e-09	-0.0227707
4.89153e-09	-0.0223477
4.89314e-09	-0.0219159
4.89475e-09	-0.0214756
4.89637e-09	-0.0210272
4.89798e-09	-0.0205711
4.89959e-09	-0.0201076
4.9012e-09	-0.0196372
4.90281e-09	-0.0191602
4.90443e-09	-0.0186771
4.90604e-09	-0.0181882
4.90765e-09	-0.0176939
4.90926e-09	-0.0171945
4.91088e-09	-0.0166906
4.91249e-09	-0.0161823
4.9141e-09	-0.0156702
4.91571e-09	-0.0151546
4.91732e-09	-0.0146359
4.91894e-09	-0.0141144
4.92055e-09	-0.0135905
4.92216e-09	-0.0130647
4.92377e-09	-0.0125371
4.92539e-09	-0.0120083
4.927e-09	-0.0114785
4.92861e-09	-0.0109481
4.93022e-09	-0.0104174
4.93183e-09	-0.00988691
4.93345e-09	-0.00935682
4.93506e-09	-0.0088275
4.93667e-09	-0.00829928
4.93828e-09	-0.00777249
4.9399e-09	-0.00724745
4.94151e-09	-0.00672448
4.94312e-09	-0.00620387
4.94473e-09	-0.00568595
4.94635e-09	-0.00517099
4.94796e-09	-0.00465932
4.94957e-09	-0.00415119
4.95118e-09	-0.00364691
4.95279e-09	-0.00314674
4.95441e-09	-0.00265095
4.95602e-09	-0.00215981
4.95763e-09	-0.00167357
4.95924e-09	-0.00119249
4.96086e-09	-0.000716807
4.96247e-09	-0.000246757
4.96408e-09	0.000217428
4.96569e-09	0.000675523
4.9673e-09	0.00112731
4.96892e-09	0.00157258
4.97053e-09	0.00201114
4.97214e-09	0.00244277
4.97375e-09	0.0028673
4.97537e-09	0.00328455
4.97698e-09	0.00369432
4.97859e-09	0.00409647
4.9802e-09	0.00449083
4.98181e-09	0.00487724
4.98343e-09	0.00525555
4.98504e-09	0.00562563
4.98665e-09	0.00598735
4.98826e-09	0.00634058
4.98988e-09	0.0066852
4.99149e-09	0.0070211
4.9931e-09	0.00734817
4.99471e-09	0.00766632
4.99632e-09	0.00797547
4.99794e-09	0.00827552
4.99955e-09	0.0085664
5.00116e-09	0.00884804
5.00277e-09	0.00912039
5.00439e-09	0.00938338
5.006e-09	0.00963696
5.00761e-09	0.00988111
5.00922e-09	0.0101158
5.01083e-09	0.0103409
5.01245e-09	0.0105566
5.01406e-09	0.0107626
5.01567e-09	0.0109592
5.01728e-09	0.0111462
5.0189e-09	0.0113236
5.02051e-09	0.0114915
5.02212e-09	0.0116498
5.02373e-09	0.0117987
5.02534e-09	0.0119381
5.02696e-09	0.0120681
5.02857e-09	0.0121886
5.03018e-09	0.0122998
5.03179e-09	0.0124017
5.03341e-09	0.0124944
5.03502e-09	0.0125779
5.03663e-09	0.0126522
5.03824e-09	0.0127175
5.03985e-09	0.0127739
5.04147e-09	0.0128213
5.04308e-09	0.01286
5.04469e-09	0.0128899
5.0463e-09	0.0129113
5.04792e-09	0.0129241
5.04953e-09	0.0129285
5.05114e-09	0.0129247
5.05275e-09	0.0129126
5.05436e-09	0.0128925
5.05598e-09	0.0128644
5.05759e-09	0.0128285
5.0592e-09	0.0127849
5.06081e-09	0.0127337
5.06243e-09	0.0126751
5.06404e-09	0.0126092
5.06565e-09	0.0125361
5.06726e-09	0.0124561
5.06888e-09	0.0123691
5.07049e-09	0.0122755
5.0721e-09	0.0121753
5.07371e-09	0.0120686
5.07532e-09	0.0119557
5.07694e-09	0.0118367
5.07855e-09	0.0117118
5.08016e-09	0.011581
5.08177e-09	0.0114447
5.08339e-09	0.0113029
5.085e-09	0.0111558
5.08661e-09	0.0110035
5.08822e-09	0.0108463
5.08983e-09	0.0106844
5.09145e-09	0.0105178
5.09306e-09	0.0103467
5.09467e-09	0.0101714
5.09628e-09	0.00999196
5.0979e-09	0.0098086
5.09951e-09	0.00962147
5.10112e-09	0.00943076
5.10273e-09	0.00923662
5.10434e-09	0.00903924
5.10596e-09	0.00883879
5.10757e-09	0.00863544
5.10918e-09	0.00842936
5.11079e-09	0.00822072
5.11241e-09	0.00800969
5.11402e-09	0.00779644
5.11563e-09	0.00758115
5.11724e-09	0.00736397
5.11885e-09	0.00714507
5.12047e-09	0.00692463
5.12208e-09	0.0067028
5.12369e-09	0.00647974
5.1253e-09	0.00625563
5.12692e-09	0.00603061
5.12853e-09	0.00580486
5.13014e-09	0.00557851
5.13175e-09	0.00535174
5.13336e-09	0.00512469
5.13498e-09	0.00489751
5.13659e-09	0.00467036
5.1382e-09	0.00444338
5.13981e-09	0.00421671
5.14143e-09	0.0039905
5.14304e-09	0.0037649
5.14465e-09	0.00354003
5.14626e-09	0.00331603
5.14787e-09	0.00309304
5.14949e-09	0.00287119
5.1511e-09	0.00265061
5.15271e-09	0.00243142
5.15432e-09	0.00221374
5.15594e-09	0.00199771
5.15755e-09	0.00178342
5.15916e-09	0.00157101
5.16077e-09	0.00136058
5.16238e-09	0.00115223
5.164e-09	0.000946089
5.16561e-09	0.000742244
5.16722e-09	0.0005408
5.16883e-09	0.000341855
5.17045e-09	0.000145503
5.17206e-09	-4.81642e-05
5.17367e-09	-0.000239059
5.17528e-09	-0.000427095
5.17689e-09	-0.00061219
5.17851e-09	-0.000794265
5.18012e-09	-0.000973244
5.18173e-09	-0.00114905
5.18334e-09	-0.00132163
5.18496e-09	-0.00149089
5.18657e-09	-0.00165679
5.18818e-09	-0.00181925
5.18979e-09	-0.00197823
5.19141e-09	-0.00213367
5.19302e-09	-0.00228551
5.19463e-09	-0.00243372
5.19624e-09	-0.00257823
5.19785e-09	-0.00271902
5.19947e-09	-0.00285604
5.20108e-09	-0.00298926
5.20269e-09	-0.00311865
5.2043e-09	-0.00324417
5.20592e-09	-0.00336579
5.20753e-09	-0.0034835
5.20914e-09	-0.00359728
5.21075e-09	-0.00370709
5.21236e-09	-0.00381294
5.21398e-09	-0.0039148
5.21559e-09	-0.00401268
5.2172e-09	-0.00410655
5.21881e-09	-0.00419642
5.22043e-09	-0.00428228
5.22204e-09	-0.00436414
5.22365e-09	-0.00444201
5.22526e-09	-0.00451588
5.22687e-09	-0.00458576
5.22849e-09	-0.00465168
5.2301e-09	-0.00471363
5.23171e-09	-0.00477165
5.23332e-09	-0.00482574
5.23494e-09	-0.00487593
5.23655e-09	-0.00492225
5.23816e-09	-0.00496471
5.23977e-09	-0.00500335
5.24138e-09	-0.0050382
5.243e-09	-0.00506928
5.24461e-09	-0.00509663
5.24622e-09	-0.0051203
5.24783e-09	-0.00514031
5.24945e-09	-0.00515671
5.25106e-09	-0.00516953
5.25267e-09	-0.00517883
5.25428e-09	-0.00518465
5.25589e-09	-0.00518703
5.25751e-09	-0.00518602
5.25912e-09	-0.00518167
5.26073e-09	-0.00517404
5.26234e-09	-0.00516318
5.26396e-09	-0.00514914
5.26557e-09	-0.00513197
5.26718e-09	-0.00511174
5.26879e-09	-0.0050885
5.2704e-09	-0.00506232
5.27202e-09	-0.00503324
5.27363e-09	-0.00500134
5.27524e-09	-0.00496668
5.27685e-09	-0.00492931
5.27847e-09	-0.00488931
5.28008e-09	-0.00484674
5.28169e-09	-0.00480166
5.2833e-09	-0.00475414
5.28491e-09	-0.00470425
5.28653e-09	-0.00465206
5.28814e-09	-0.00459763
5.28975e-09	-0.00454103
5.29136e-09	-0.00448234
5.29298e-09	-0.00442162
5.29459e-09	-0.00435894
5.2962e-09	-0.00429437
5.29781e-09	-0.00422798
5.29943e-09	-0.00415985
5.30104e-09	-0.00409004
5.30265e-09	-0.00401862
5.30426e-09	-0.00394567
5.30587e-09	-0.00387126
5.30749e-09	-0.00379545
5.3091e-09	-0.00371832
5.31071e-09	-0.00363993
5.31232e-09	-0.00356037
5.31394e-09	-0.00347969
5.31555e-09	-0.00339797
5.31716e-09	-0.00331528
5.31877e-09	-0.00323168
5.32038e-09	-0.00314725
5.322e-09	-0.00306204
5.32361e-09	-0.00297614
5.32522e-09	-0.00288961
5.32683e-09	-0.00280251
5.32845e-09	-0.00271491
5.33006e-09	-0.00262687
5.33167e-09	-0.00253846
5.33328e-09	-0.00244975
5.33489e-09	-0.00236079
5.33651e-09	-0.00227165
5.33812e-09	-0.00218239
5.33973e-09	-0.00209307
5.34134e-09	-0.00200375
5.34296e-09	-0.00191448
5.34457e-09	-0.00182534
5.34618e-09	-0.00173637
5.34779e-09	-0.00164762
5.3494e-09	-0.00155917
5.35102e-09	-0.00147105
5.35263e-09	-0.00138332
5.35424e-09	-0.00129603
5.35585e-09	-0.00120925
5.35747e-09	-0.001123
5.35908e-09	-0.00103735
5.36069e-09	-0.000952334
5.3623e-09	-0.000868008
5.36391e-09	-0.000784414
5.36553e-09	-0.000701595
5.36714e-09	-0.000619594
5.36875e-09	-0.000538454
5.37036e-09	-0.000458214
5.37198e-09	-0.000378914
5.37359e-09	-0.000300591
5.3752e-09	-0.000223283
5.37681e-09	-0.000147024
5.37842e-09	-7.185e-05
5.38004e-09	2.20716e-06
5.38165e-09	7.51154e-05
5.38326e-09	0.000146844
5.38487e-09	0.000217365
5.38649e-09	0.000286648
5.3881e-09	0.000354668
5.38971e-09	0.0004214
5.39132e-09	0.000486818
5.39293e-09	0.0005509
5.39455e-09	0.000613624
5.39616e-09	0.00067497
5.39777e-09	0.000734919
5.39938e-09	0.000793452
5.401e-09	0.000850552
5.40261e-09	0.000906205
5.40422e-09	0.000960395
5.40583e-09	0.00101311
5.40744e-09	0.00106434
5.40906e-09	0.00111407
5.41067e-09	0.00116229
5.41228e-09	0.00120899
5.41389e-09	0.00125417
5.41551e-09	0.00129782
5.41712e-09	0.00133994
5.41873e-09	0.00138052
5.42034e-09	0.00141955
5.42196e-09	0.00145705
5.42357e-09	0.001493
5.42518e-09	0.0015274
5.42679e-09	0.00156026
5.4284e-09	0.00159158
5.43002e-09	0.00162137
5.43163e-09	0.00164962
5.43324e-09	0.00167635
5.43485e-09	0.00170155
5.43647e-09	0.00172524
5.43808e-09	0.00174743
5.43969e-09	0.00176812
5.4413e-09	0.00178732
5.44291e-09	0.00180505
5.44453e-09	0.00182131
5.44614e-09	0.00183612
5.44775e-09	0.00184949
5.44936e-09	0.00186144
5.45098e-09	0.00187197
5.45259e-09	0.00188111
5.4542e-09	0.00188887
5.45581e-09	0.00189527
5.45742e-09	0.00190032
5.45904e-09	0.00190404
5.46065e-09	0.00190646
5.46226e-09	0.00190759
5.46387e-09	0.00190744
5.46549e-09	0.00190605
5.4671e-09	0.00190343
5.46871e-09	0.0018996
5.47032e-09	0.00189459
5.47193e-09	0.00188841
5.47355e-09	0.00188109
5.47516e-09	0.00187265
5.47677e-09	0.00186312
5.47838e-09	0.00185252
5.48e-09	0.00184088
5.48161e-09	0.00182821
5.48322e-09	0.00181454
5.48483e-09	0.0017999
5.48644e-09	0.00178432
5.48806e-09	0.00176782
5.48967e-09	0.00175042
5.49128e-09	0.00173215
5.49289e-09	0.00171304
5.49451e-09	0.00169311
5.49612e-09	0.00167239
5.49773e-09	0.0016509
5.49934e-09	0.00162868
5.50095e-09	0.00160575
5.50257e-09	0.00158214
5.50418e-09	0.00155787
5.50579e-09	0.00153297
5.5074e-09	0.00150746
5.50902e-09	0.00148138
5.51063e-09	0.00145475
5.51224e-09	0.00142759
5.51385e-09	0.00139994
5.51546e-09	0.00137182
5.51708e-09	0.00134326
5.51869e-09	0.00131427
5.5203e-09	0.0012849
5.52191e-09	0.00125516
5.52353e-09	0.00122508
5.52514e-09	0.00119469
5.52675e-09	0.00116401
5.52836e-09	0.00113306
5.52998e-09	0.00110188
5.53159e-09	0.00107048
5.5332e-09	0.0010389
5.53481e-09	0.00100715
5.53642e-09	0.000975254
5.53804e-09	0.000943244
5.53965e-09	0.00091114
5.54126e-09	0.000878965
5.54287e-09	0.000846742
5.54449e-09	0.000814492
5.5461e-09	0.000782238
5.54771e-09	0.000750002
5.54932e-09	0.000717804
5.55093e-09	0.000685666
5.55255e-09	0.000653608
5.55416e-09	0.00062165
5.55577e-09	0.000589812
5.55738e-09	0.000558114
5.559e-09	0.000526574
5.56061e-09	0.00049521
5.56222e-09	0.000464042
5.56383e-09	0.000433086
5.56544e-09	0.000402359
5.56706e-09	0.00037188
5.56867e-09	0.000341662
5.57028e-09	0.000311724
5.57189e-09	0.00028208
5.57351e-09	0.000252745
5.57512e-09	0.000223733
5.57673e-09	0.000195059
5.57834e-09	0.000166736
5.57995e-09	0.000138778
5.58157e-09	0.000111197
5.58318e-09	8.40057e-05
5.58479e-09	5.72151e-05
5.5864e-09	3.08369e-05
5.58802e-09	4.88187e-06
5.58963e-09	-2.06396e-05
5.59124e-09	-4.57177e-05
5.59285e-09	-7.0343e-05
5.59446e-09	-9.45064e-05
5.59608e-09	-0.0001182
5.59769e-09	-0.000141415
5.5993e-09	-0.000164144
5.60091e-09	-0.00018638
5.60253e-09	-0.000208116
5.60414e-09	-0.000229347
5.60575e-09	-0.000250065
5.60736e-09	-0.000270267
5.60897e-09	-0.000289947
5.61059e-09	-0.000309101
5.6122e-09	-0.000327725
5.61381e-09	-0.000345815
5.61542e-09	-0.000363367
5.61704e-09	-0.00038038
5.61865e-09	-0.000396851
5.62026e-09	-0.000412778
5.62187e-09	-0.000428159
5.62348e-09	-0.000442994
5.6251e-09	-0.000457281
5.62671e-09	-0.00047102
5.62832e-09	-0.000484212
5.62993e-09	-0.000496856
5.63155e-09	-0.000508954
5.63316e-09	-0.000520507
5.63477e-09	-0.000531516
5.63638e-09	-0.000541982
5.63799e-09	-0.000551909
5.63961e-09	-0.000561298
5.64122e-09	-0.000570153
5.64283e-09	-0.000578476
5.64444e-09	-0.000586271
5.64606e-09	-0.000593542
5.64767e-09	-0.000600293
5.64928e-09	-0.000606528
5.65089e-09	-0.000612251
5.65251e-09	-0.000617469
5.65412e-09	-0.000622185
5.65573e-09	-0.000626405
5.65734e-09	-0.000630135
5.65895e-09	-0.00063338
5.66057e-09	-0.000636148
5.66218e-09	-0.000638443
5.66379e-09	-0.000640274
5.6654e-09	-0.000641645
5.66702e-09	-0.000642565
5.66863e-09	-0.000643041
5.67024e-09	-0.000643079
5.67185e-09	-0.000642688
5.67346e-09	-0.000641875
5.67508e-09	-0.000640648
5.67669e-09	-0.000639014
5.6783e-09	-0.000636983
5.67991e-09	-0.000634561
5.68153e-09	-0.000631759
5.68314e-09	-0.000628583
5.68475e-09	-0.000625043
5.68636e-09	-0.000621147
5.68797e-09	-0.000616904
5.68959e-09	-0.000612324
5.6912e-09	-0.000607414
5.69281e-09	-0.000602184
5.69442e-09	-0.000596644
5.69604e-09	-0.000590801
5.69765e-09	-0.000584666
5.69926e-09	-0.000578248
5.70087e-09	-0.000571556
5.70248e-09	-0.000564599
5.7041e-09	-0.000557386
5.70571e-09	-0.000549927
5.70732e-09	-0.000542232
5.70893e-09	-0.000534309
5.71055e-09	-0.000526168
5.71216e-09	-0.000517819
5.71377e-09	-0.000509269
5.71538e-09	-0.00050053
5.71699e-09	-0.00049161
5.71861e-09	-0.000482518
5.72022e-09	-0.000473263
5.72183e-09	-0.000463855
5.72344e-09	-0.000454303
5.72506e-09	-0.000444616
5.72667e-09	-0.000434802
5.72828e-09	-0.00042487
5.72989e-09	-0.00041483
5.7315e-09	-0.000404689
5.73312e-09	-0.000394458
5.73473e-09	-0.000384143
5.73634e-09	-0.000373755
5.73795e-09	-0.0003633
5.73957e-09	-0.000352787
5.74118e-09	-0.000342225
5.74279e-09	-0.000331622
5.7444e-09	-0.000320985
5.74601e-09	-0.000310322
5.74763e-09	-0.000299641
5.74924e-09	-0.000288949
5.75085e-09	-0.000278255
5.75246e-09	-0.000267564
5.75408e-09	-0.000256886
5.75569e-09	-0.000246225
5.7573e-09	-0.00023559
5.75891e-09	-0.000224988
5.76053e-09	-0.000214424
5.76214e-09	-0.000203905
5.76375e-09	-0.000193438
5.76536e-09	-0.00018303
5.76697e-09	-0.000172685
5.76859e-09	-0.000162409
5.7702e-09	-0.00015221
5.77181e-09	-0.000142091
5.77342e-09	-0.000132059
5.77504e-09	-0.000122119
5.77665e-09	-0.000112276
5.77826e-09	-0.000102535
5.77987e-09	-9.29011e-05
5.78148e-09	-8.33783e-05
5.7831e-09	-7.39714e-05
5.78471e-09	-6.46847e-05
5.78632e-09	-5.55225e-05
5.78793e-09	-4.64887e-05
5.78955e-09	-3.75871e-05
5.79116e-09	-2.88215e-05
5.79277e-09	-2.01954e-05
5.79438e-09	-1.17121e-05
5.79599e-09	-3.37497e-06
5.79761e-09	4.81309e-06
5.79922e-09	1.28491e-05
5.80083e-09	2.07304e-05
5.80244e-09	2.84543e-05
5.80406e-09	3.60185e-05
5.80567e-09	4.34206e-05
5.80728e-09	5.06585e-05
5.80889e-09	5.77303e-05
5.8105e-09	6.46342e-05
5.81212e-09	7.13684e-05
5.81373e-09	7.79315e-05
5.81534e-09	8.4322e-05
5.81695e-09	9.05387e-05
5.81857e-09	9.65806e-05
5.82018e-09	0.000102447
5.82179e-09	0.000108136
5.8234e-09	0.000113648
5.82501e-09	0.000118982
5.82663e-09	0.000124139
5.82824e-09	0.000129116
5.82985e-09	0.000133915
5.83146e-09	0.000138535
5.83308e-09	0.000142976
5.83469e-09	0.000147239
5.8363e-09	0.000151325
5.83791e-09	0.000155232
5.83952e-09	0.000158962
5.84114e-09	0.000162517
5.84275e-09	0.000165895
5.84436e-09	0.000169099
5.84597e-09	0.000172129
5.84759e-09	0.000174987
5.8492e-09	0.000177674
5.85081e-09	0.00018019
5.85242e-09	0.000182538
5.85403e-09	0.000184719
5.85565e-09	0.000186734
5.85726e-09	0.000188585
5.85887e-09	0.000190275
5.86048e-09	0.000191804
5.8621e-09	0.000193174
5.86371e-09	0.000194388
5.86532e-09	0.000195448
5.86693e-09	0.000196355
5.86854e-09	0.000197113
5.87016e-09	0.000197723
5.87177e-09	0.000198187
5.87338e-09	0.000198508
5.87499e-09	0.000198688
5.87661e-09	0.00019873
5.87822e-09	0.000198637
5.87983e-09	0.00019841
5.88144e-09	0.000198053
5.88306e-09	0.000197568
5.88467e-09	0.000196959
5.88628e-09	0.000196226
5.88789e-09	0.000195374
5.8895e-09	0.000194406
5.89112e-09	0.000193323
5.89273e-09	0.00019213
5.89434e-09	0.000190828
5.89595e-09	0.000189421
5.89757e-09	0.000187911
5.89918e-09	0.000186303
5.90079e-09	0.000184598
5.9024e-09	0.000182799
5.90401e-09	0.00018091
5.90563e-09	0.000178933
5.90724e-09	0.000176872
5.90885e-09	0.00017473
5.91046e-09	0.000172509
5.91208e-09	0.000170213
5.91369e-09	0.000167844
5.9153e-09	0.000165405
5.91691e-09	0.0001629
5.91852e-09	0.000160332
5.92014e-09	0.000157703
5.92175e-09	0.000155016
5.92336e-09	0.000152275
5.92497e-09	0.000149482
5.92659e-09	0.00014664
5.9282e-09	0.000143752
5.92981e-09	0.000140821
5.93142e-09	0.00013785
5.93303e-09	0.000134841
5.93465e-09	0.000131798
5.93626e-09	0.000128723
5.93787e-09	0.000125618
5.93948e-09	0.000122487
5.9411e-09	0.000119332
5.94271e-09	0.000116156
5.94432e-09	0.000112961
5.94593e-09	0.00010975
5.94754e-09	0.000106526
5.94916e-09	0.00010329
5.95077e-09	0.000100046
5.95238e-09	9.67955e-05
5.95399e-09	9.35413e-05
5.95561e-09	9.02855e-05
5.95722e-09	8.70305e-05
5.95883e-09	8.37785e-05
5.96044e-09	8.05316e-05
5.96205e-09	7.72921e-05
5.96367e-09	7.40619e-05
5.96528e-09	7.08433e-05
5.96689e-09	6.76381e-05
