8.06119e-13	6.64237e-05
2.41836e-12	6.96233e-05
4.03059e-12	7.2837e-05
5.64283e-12	7.6063e-05
7.25507e-12	7.92993e-05
8.86731e-12	8.25436e-05
1.04795e-11	8.57939e-05
1.20918e-11	8.90481e-05
1.3704e-11	9.23038e-05
1.53163e-11	9.55589e-05
1.69285e-11	9.8811e-05
1.85407e-11	0.000102058
2.0153e-11	0.000105297
2.17652e-11	0.000108526
2.33774e-11	0.000111742
2.49897e-11	0.000114943
2.66019e-11	0.000118127
2.82142e-11	0.00012129
2.98264e-11	0.000124431
3.14386e-11	0.000127546
3.30509e-11	0.000130633
3.46631e-11	0.000133689
3.62753e-11	0.000136711
3.78876e-11	0.000139697
3.94998e-11	0.000142643
4.11121e-11	0.000145548
4.27243e-11	0.000148408
4.43365e-11	0.000151219
4.59488e-11	0.000153981
4.7561e-11	0.000156688
4.91732e-11	0.00015934
5.07855e-11	0.000161931
5.23977e-11	0.000164461
5.401e-11	0.000166925
5.56222e-11	0.00016932
5.72344e-11	0.000171645
5.88467e-11	0.000173895
6.04589e-11	0.000176067
6.20711e-11	0.00017816
6.36834e-11	0.000180169
6.52956e-11	0.000182091
6.69079e-11	0.000183925
6.85201e-11	0.000185666
7.01323e-11	0.000187311
7.17446e-11	0.000188859
7.33568e-11	0.000190305
7.4969e-11	0.000191647
7.65813e-11	0.000192882
7.81935e-11	0.000194008
7.98058e-11	0.00019502
8.1418e-11	0.000195916
8.30302e-11	0.000196694
8.46425e-11	0.000197351
8.62547e-11	0.000197884
8.7867e-11	0.00019829
8.94792e-11	0.000198566
9.10914e-11	0.000198711
9.27037e-11	0.00019872
9.43159e-11	0.000198593
9.59281e-11	0.000198326
9.75404e-11	0.000197916
9.91526e-11	0.000197362
1.00765e-10	0.000196661
1.02377e-10	0.000195811
1.03989e-10	0.000194809
1.05602e-10	0.000193654
1.07214e-10	0.000192343
1.08826e-10	0.000190875
1.10438e-10	0.000189247
1.12051e-10	0.000187457
1.13663e-10	0.000185504
1.15275e-10	0.000183387
1.16887e-10	0.000181102
1.18499e-10	0.00017865
1.20112e-10	0.000176028
1.21724e-10	0.000173236
1.23336e-10	0.000170271
1.24948e-10	0.000167134
1.26561e-10	0.000163821
1.28173e-10	0.000160334
1.29785e-10	0.000156671
1.31397e-10	0.000152831
1.3301e-10	0.000148813
1.34622e-10	0.000144618
1.36234e-10	0.000140244
1.37846e-10	0.000135692
1.39459e-10	0.000130961
1.41071e-10	0.000126052
1.42683e-10	0.000120963
1.44295e-10	0.000115697
1.45908e-10	0.000110252
1.4752e-10	0.00010463
1.49132e-10	9.88311e-05
1.50744e-10	9.28559e-05
1.52356e-10	8.67055e-05
1.53969e-10	8.03809e-05
1.55581e-10	7.38833e-05
1.57193e-10	6.7214e-05
1.58805e-10	6.03744e-05
1.60418e-10	5.33663e-05
1.6203e-10	4.61913e-05
1.63642e-10	3.88513e-05
1.65254e-10	3.13485e-05
1.66867e-10	2.3685e-05
1.68479e-10	1.58633e-05
1.70091e-10	7.88573e-06
1.71703e-10	-2.44878e-07
1.73316e-10	-8.52573e-06
1.74928e-10	-1.69538e-05
1.7654e-10	-2.5526e-05
1.78152e-10	-3.4239e-05
1.79764e-10	-4.30893e-05
1.81377e-10	-5.20733e-05
1.82989e-10	-6.11872e-05
1.84601e-10	-7.04271e-05
1.86213e-10	-7.97888e-05
1.87826e-10	-8.9268e-05
1.89438e-10	-9.88605e-05
1.9105e-10	-0.000108561
1.92662e-10	-0.000118366
1.94275e-10	-0.00012827
1.95887e-10	-0.000138268
1.97499e-10	-0.000148354
1.99111e-10	-0.000158523
2.00724e-10	-0.00016877
2.02336e-10	-0.000179089
2.03948e-10	-0.000189475
2.0556e-10	-0.00019992
2.07173e-10	-0.00021042
2.08785e-10	-0.000220967
2.10397e-10	-0.000231556
2.12009e-10	-0.000242179
2.13621e-10	-0.000252831
2.15234e-10	-0.000263504
2.16846e-10	-0.00027419
2.18458e-10	-0.000284884
2.2007e-10	-0.000295578
2.21683e-10	-0.000306264
2.23295e-10	-0.000316934
2.24907e-10	-0.000327582
2.26519e-10	-0.000338199
2.28132e-10	-0.000348778
2.29744e-10	-0.00035931
2.31356e-10	-0.000369788
2.32968e-10	-0.000380203
2.34581e-10	-0.000390547
2.36193e-10	-0.000400811
2.37805e-10	-0.000410987
2.39417e-10	-0.000421066
2.4103e-10	-0.00043104
2.42642e-10	-0.0004409
2.44254e-10	-0.000450636
2.45866e-10	-0.000460241
2.47478e-10	-0.000469705
2.49091e-10	-0.000479019
2.50703e-10	-0.000488174
2.52315e-10	-0.00049716
2.53927e-10	-0.000505969
2.5554e-10	-0.000514592
2.57152e-10	-0.000523019
2.58764e-10	-0.00053124
2.60376e-10	-0.000539247
2.61989e-10	-0.00054703
2.63601e-10	-0.000554579
2.65213e-10	-0.000561887
2.66825e-10	-0.000568942
2.68438e-10	-0.000575736
2.7005e-10	-0.00058226
2.71662e-10	-0.000588503
2.73274e-10	-0.000594458
2.74887e-10	-0.000600114
2.76499e-10	-0.000605463
2.78111e-10	-0.000610496
2.79723e-10	-0.000615203
2.81335e-10	-0.000619575
2.82948e-10	-0.000623603
2.8456e-10	-0.00062728
2.86172e-10	-0.000630595
2.87784e-10	-0.000633541
2.89397e-10	-0.000636108
2.91009e-10	-0.000638289
2.92621e-10	-0.000640074
2.94233e-10	-0.000641457
2.95846e-10	-0.000642428
2.97458e-10	-0.000642981
2.9907e-10	-0.000643107
3.00682e-10	-0.000642798
3.02295e-10	-0.000642048
3.03907e-10	-0.000640849
3.05519e-10	-0.000639193
3.07131e-10	-0.000637076
3.08744e-10	-0.000634488
3.10356e-10	-0.000631425
3.11968e-10	-0.00062788
3.1358e-10	-0.000623847
3.15192e-10	-0.00061932
3.16805e-10	-0.000614294
3.18417e-10	-0.000608763
3.20029e-10	-0.000602723
3.21641e-10	-0.000596169
3.23254e-10	-0.000589096
3.24866e-10	-0.000581501
3.26478e-10	-0.000573379
3.2809e-10	-0.000564727
3.29703e-10	-0.000555541
3.31315e-10	-0.000545819
3.32927e-10	-0.000535558
3.34539e-10	-0.000524755
3.36152e-10	-0.00051341
3.37764e-10	-0.000501519
3.39376e-10	-0.000489083
3.40988e-10	-0.000476099
3.426e-10	-0.000462568
3.44213e-10	-0.000448489
3.45825e-10	-0.000433862
3.47437e-10	-0.000418689
3.49049e-10	-0.000402969
3.50662e-10	-0.000386705
3.52274e-10	-0.000369898
3.53886e-10	-0.00035255
3.55498e-10	-0.000334664
3.57111e-10	-0.000316243
3.58723e-10	-0.00029729
3.60335e-10	-0.00027781
3.61947e-10	-0.000257806
3.6356e-10	-0.000237283
3.65172e-10	-0.000216246
3.66784e-10	-0.000194701
3.68396e-10	-0.000172654
3.70009e-10	-0.000150112
3.71621e-10	-0.000127081
3.73233e-10	-0.000103568
3.74845e-10	-7.95826e-05
3.76457e-10	-5.51319e-05
3.7807e-10	-3.02248e-05
3.79682e-10	-4.87072e-06
3.81294e-10	2.09207e-05
3.82906e-10	4.71393e-05
3.84519e-10	7.37745e-05
3.86131e-10	0.000100815
3.87743e-10	0.000128249
3.89355e-10	0.000156066
3.90968e-10	0.000184251
3.9258e-10	0.000212793
3.94192e-10	0.000241678
3.95804e-10	0.000270892
3.97417e-10	0.00030042
3.99029e-10	0.000330249
4.00641e-10	0.000360362
4.02253e-10	0.000390744
4.03866e-10	0.000421378
4.05478e-10	0.000452249
4.0709e-10	0.000483339
4.08702e-10	0.00051463
4.10314e-10	0.000546106
4.11927e-10	0.000577746
4.13539e-10	0.000609533
4.15151e-10	0.000641447
4.16763e-10	0.00067347
4.18376e-10	0.00070558
4.19988e-10	0.000737757
4.216e-10	0.000769981
4.23212e-10	0.000802231
4.24825e-10	0.000834485
4.26437e-10	0.000866721
4.28049e-10	0.000898917
4.29661e-10	0.000931051
4.31274e-10	0.000963099
4.32886e-10	0.000995039
4.34498e-10	0.00102685
4.3611e-10	0.0010585
4.37723e-10	0.00108997
4.39335e-10	0.00112124
4.40947e-10	0.00115228
4.42559e-10	0.00118306
4.44171e-10	0.00121357
4.45784e-10	0.00124377
4.47396e-10	0.00127364
4.49008e-10	0.00130315
4.5062e-10	0.00133229
4.52233e-10	0.00136101
4.53845e-10	0.00138931
4.55457e-10	0.00141714
4.57069e-10	0.00144449
4.58682e-10	0.00147132
4.60294e-10	0.00149761
4.61906e-10	0.00152334
4.63518e-10	0.00154848
4.65131e-10	0.00157299
4.66743e-10	0.00159686
4.68355e-10	0.00162005
4.69967e-10	0.00164254
4.7158e-10	0.00166431
4.73192e-10	0.00168532
4.74804e-10	0.00170556
4.76416e-10	0.00172498
4.78028e-10	0.00174357
4.79641e-10	0.00176131
4.81253e-10	0.00177815
4.82865e-10	0.00179409
4.84477e-10	0.00180909
4.8609e-10	0.00182313
4.87702e-10	0.00183618
4.89314e-10	0.00184822
4.90926e-10	0.00185922
4.92539e-10	0.00186916
4.94151e-10	0.00187801
4.95763e-10	0.00188576
4.97375e-10	0.00189237
4.98988e-10	0.00189783
5.006e-10	0.00190212
5.02212e-10	0.0019052
5.03824e-10	0.00190706
5.05436e-10	0.00190768
5.07049e-10	0.00190704
5.08661e-10	0.00190512
5.10273e-10	0.00190189
5.11885e-10	0.00189734
5.13498e-10	0.00189146
5.1511e-10	0.00188422
5.16722e-10	0.00187561
5.18334e-10	0.00186561
5.19947e-10	0.0018542
5.21559e-10	0.00184137
5.23171e-10	0.00182711
5.24783e-10	0.0018114
5.26396e-10	0.00179423
5.28008e-10	0.00177559
5.2962e-10	0.00175547
5.31232e-10	0.00173385
5.32845e-10	0.00171074
5.34457e-10	0.00168611
5.36069e-10	0.00165996
5.37681e-10	0.00163229
5.39293e-10	0.00160309
5.40906e-10	0.00157235
5.42518e-10	0.00154007
5.4413e-10	0.00150626
5.45742e-10	0.00147089
5.47355e-10	0.00143399
5.48967e-10	0.00139554
5.50579e-10	0.00135555
5.52191e-10	0.00131401
5.53804e-10	0.00127095
5.55416e-10	0.00122635
5.57028e-10	0.00118022
5.5864e-10	0.00113257
5.60253e-10	0.00108342
5.61865e-10	0.00103276
5.63477e-10	0.000980607
5.65089e-10	0.000926976
5.66702e-10	0.000871878
5.68314e-10	0.000815326
5.69926e-10	0.000757336
5.71538e-10	0.000697923
5.7315e-10	0.000637106
5.74763e-10	0.000574903
5.76375e-10	0.000511335
5.77987e-10	0.000446422
5.79599e-10	0.000380187
5.81212e-10	0.000312653
5.82824e-10	0.000243847
5.84436e-10	0.000173794
5.86048e-10	0.000102521
5.87661e-10	3.00573e-05
5.89273e-10	-4.35668e-05
5.90885e-10	-0.00011832
5.92497e-10	-0.000194171
5.9411e-10	-0.000271084
5.95722e-10	-0.000349025
5.97334e-10	-0.000427958
5.98946e-10	-0.000507846
6.00559e-10	-0.000588648
6.02171e-10	-0.000670327
6.03783e-10	-0.00075284
6.05395e-10	-0.000836144
6.07007e-10	-0.000920198
6.0862e-10	-0.00100495
6.10232e-10	-0.00109037
6.11844e-10	-0.0011764
6.13456e-10	-0.00126298
6.15069e-10	-0.00135009
6.16681e-10	-0.00143765
6.18293e-10	-0.00152563
6.19905e-10	-0.00161396
6.21518e-10	-0.0017026
6.2313e-10	-0.00179149
6.24742e-10	-0.00188058
6.26354e-10	-0.00196981
6.27967e-10	-0.00205911
6.29579e-10	-0.00214844
6.31191e-10	-0.00223773
6.32803e-10	-0.00232693
6.34416e-10	-0.00241596
6.36028e-10	-0.00250478
6.3764e-10	-0.00259331
6.39252e-10	-0.00268149
6.40864e-10	-0.00276927
6.42477e-10	-0.00285657
6.44089e-10	-0.00294332
6.45701e-10	-0.00302947
6.47313e-10	-0.00311495
6.48926e-10	-0.00319968
6.50538e-10	-0.0032836
6.5215e-10	-0.00336665
6.53762e-10	-0.00344875
6.55375e-10	-0.00352983
6.56987e-10	-0.00360982
6.58599e-10	-0.00368867
6.60211e-10	-0.00376628
6.61824e-10	-0.0038426
6.63436e-10	-0.00391755
6.65048e-10	-0.00399107
6.6666e-10	-0.00406308
6.68272e-10	-0.00413351
6.69885e-10	-0.00420228
6.71497e-10	-0.00426934
6.73109e-10	-0.00433461
6.74721e-10	-0.00439802
6.76334e-10	-0.00445949
6.77946e-10	-0.00451897
6.79558e-10	-0.00457637
6.8117e-10	-0.00463163
6.82783e-10	-0.00468468
6.84395e-10	-0.00473545
6.86007e-10	-0.00478388
6.87619e-10	-0.00482989
6.89232e-10	-0.00487343
6.90844e-10	-0.00491441
6.92456e-10	-0.00495279
6.94068e-10	-0.00498849
6.95681e-10	-0.00502145
6.97293e-10	-0.0050516
6.98905e-10	-0.00507889
7.00517e-10	-0.00510326
7.02129e-10	-0.00512464
7.03742e-10	-0.00514298
7.05354e-10	-0.00515821
7.06966e-10	-0.00517029
7.08578e-10	-0.00517916
7.10191e-10	-0.00518476
7.11803e-10	-0.00518704
7.13415e-10	-0.00518595
7.15027e-10	-0.00518145
7.1664e-10	-0.00517348
7.18252e-10	-0.005162
7.19864e-10	-0.00514697
7.21476e-10	-0.00512833
7.23089e-10	-0.00510606
7.24701e-10	-0.00508011
7.26313e-10	-0.00505045
7.27925e-10	-0.00501704
7.29538e-10	-0.00497985
7.3115e-10	-0.00493884
7.32762e-10	-0.00489399
7.34374e-10	-0.00484528
7.35986e-10	-0.00479267
7.37599e-10	-0.00473615
7.39211e-10	-0.00467569
7.40823e-10	-0.00461128
7.42435e-10	-0.00454291
7.44048e-10	-0.00447055
7.4566e-10	-0.00439421
7.47272e-10	-0.00431387
7.48884e-10	-0.00422953
7.50497e-10	-0.00414118
7.52109e-10	-0.00404883
7.53721e-10	-0.00395248
7.55333e-10	-0.00385213
7.56946e-10	-0.00374779
7.58558e-10	-0.00363948
7.6017e-10	-0.00352721
7.61782e-10	-0.003411
7.63395e-10	-0.00329086
7.65007e-10	-0.00316682
7.66619e-10	-0.0030389
7.68231e-10	-0.00290713
7.69843e-10	-0.00277155
7.71456e-10	-0.00263219
7.73068e-10	-0.00248909
7.7468e-10	-0.00234228
7.76292e-10	-0.00219181
7.77905e-10	-0.00203774
7.79517e-10	-0.0018801
7.81129e-10	-0.00171895
7.82741e-10	-0.00155435
7.84354e-10	-0.00138636
7.85966e-10	-0.00121504
7.87578e-10	-0.00104045
7.8919e-10	-0.000862666
7.90803e-10	-0.000681758
7.92415e-10	-0.000497802
7.94027e-10	-0.000310874
7.95639e-10	-0.000121056
7.97252e-10	7.15672e-05
7.98864e-10	0.000266909
8.00476e-10	0.00046488
8.02088e-10	0.000665385
8.037e-10	0.000868329
8.05313e-10	0.00107361
8.06925e-10	0.00128113
8.08537e-10	0.00149078
8.10149e-10	0.00170246
8.11762e-10	0.00191604
8.13374e-10	0.00213143
8.14986e-10	0.00234849
8.16598e-10	0.00256712
8.18211e-10	0.00278719
8.19823e-10	0.00300857
8.21435e-10	0.00323114
8.23047e-10	0.00345477
8.2466e-10	0.00367933
8.26272e-10	0.00390467
8.27884e-10	0.00413067
8.29496e-10	0.00435717
8.31108e-10	0.00458405
8.32721e-10	0.00481116
8.34333e-10	0.00503834
8.35945e-10	0.00526546
8.37557e-10	0.00549236
8.3917e-10	0.00571888
8.40782e-10	0.00594488
8.42394e-10	0.0061702
8.44006e-10	0.00639467
8.45619e-10	0.00661815
8.47231e-10	0.00684046
8.48843e-10	0.00706145
8.50455e-10	0.00728096
8.52068e-10	0.00749881
8.5368e-10	0.00771484
8.55292e-10	0.00792889
8.56904e-10	0.00814078
8.58517e-10	0.00835035
8.60129e-10	0.00855742
8.61741e-10	0.00876183
8.63353e-10	0.0089634
8.64965e-10	0.00916197
8.66578e-10	0.00935736
8.6819e-10	0.00954939
8.69802e-10	0.0097379
8.71414e-10	0.00992272
8.73027e-10	0.0101037
8.74639e-10	0.0102806
8.76251e-10	0.0104533
8.77863e-10	0.0106216
8.79476e-10	0.0107853
8.81088e-10	0.0109444
8.827e-10	0.0110985
8.84312e-10	0.0112476
8.85925e-10	0.0113914
8.87537e-10	0.0115299
8.89149e-10	0.0116627
8.90761e-10	0.0117899
8.92374e-10	0.0119112
8.93986e-10	0.0120264
8.95598e-10	0.0121355
8.9721e-10	0.0122382
8.98822e-10	0.0123343
9.00435e-10	0.0124238
9.02047e-10	0.0125065
9.03659e-10	0.0125823
9.05271e-10	0.0126509
9.06884e-10	0.0127123
9.08496e-10	0.0127663
9.10108e-10	0.0128128
9.1172e-10	0.0128517
9.13333e-10	0.0128827
9.14945e-10	0.0129059
9.16557e-10	0.012921
9.18169e-10	0.012928
9.19782e-10	0.0129268
9.21394e-10	0.0129172
9.23006e-10	0.0128991
9.24618e-10	0.0128724
9.26231e-10	0.0128371
9.27843e-10	0.0127929
9.29455e-10	0.01274
9.31067e-10	0.0126781
9.32679e-10	0.0126072
9.34292e-10	0.0125272
9.35904e-10	0.012438
9.37516e-10	0.0123396
9.39128e-10	0.012232
9.40741e-10	0.012115
9.42353e-10	0.0119886
9.43965e-10	0.0118528
9.45577e-10	0.0117075
9.4719e-10	0.0115528
9.48802e-10	0.0113885
9.50414e-10	0.0112147
9.52026e-10	0.0110314
9.53639e-10	0.0108385
9.55251e-10	0.010636
9.56863e-10	0.010424
9.58475e-10	0.0102025
9.60088e-10	0.00997142
9.617e-10	0.00973088
9.63312e-10	0.00948088
9.64924e-10	0.00922146
9.66536e-10	0.00895266
9.68149e-10	0.00867455
9.69761e-10	0.00838717
9.71373e-10	0.0080906
9.72985e-10	0.0077849
9.74598e-10	0.00747016
9.7621e-10	0.00714647
9.77822e-10	0.00681391
9.79434e-10	0.00647259
9.81047e-10	0.00612262
9.82659e-10	0.00576412
9.84271e-10	0.0053972
9.85883e-10	0.005022
9.87496e-10	0.00463865
9.89108e-10	0.0042473
9.9072e-10	0.00384809
9.92332e-10	0.0034412
9.93944e-10	0.00302677
9.95557e-10	0.00260499
9.97169e-10	0.00217603
9.98781e-10	0.00174009
1.00039e-09	0.00129734
1.00201e-09	0.000848007
1.00362e-09	0.000392284
1.00523e-09	-6.96124e-05
1.00684e-09	-0.00053746
1.00845e-09	-0.00101103
1.01007e-09	-0.00149009
1.01168e-09	-0.0019744
1.01329e-09	-0.0024637
1.0149e-09	-0.00295775
1.01652e-09	-0.00345629
1.01813e-09	-0.00395904
1.01974e-09	-0.00446574
1.02135e-09	-0.0049761
1.02296e-09	-0.00548984
1.02458e-09	-0.00600667
1.02619e-09	-0.00652629
1.0278e-09	-0.0070484
1.02941e-09	-0.0075727
1.03103e-09	-0.00809886
1.03264e-09	-0.00862657
1.03425e-09	-0.00915551
1.03586e-09	-0.00968535
1.03747e-09	-0.0102158
1.03909e-09	-0.0107464
1.0407e-09	-0.0112769
1.04231e-09	-0.011807
1.04392e-09	-0.0123362
1.04554e-09	-0.0128643
1.04715e-09	-0.0133909
1.04876e-09	-0.0139155
1.05037e-09	-0.014438
1.05199e-09	-0.0149578
1.0536e-09	-0.0154746
1.05521e-09	-0.0159881
1.05682e-09	-0.0164979
1.05843e-09	-0.0170035
1.06005e-09	-0.0175046
1.06166e-09	-0.0180009
1.06327e-09	-0.0184919
1.06488e-09	-0.0189773
1.0665e-09	-0.0194567
1.06811e-09	-0.0199296
1.06972e-09	-0.0203957
1.07133e-09	-0.0208547
1.07294e-09	-0.0213061
1.07456e-09	-0.0217495
1.07617e-09	-0.0221846
1.07778e-09	-0.022611
1.07939e-09	-0.0230282
1.08101e-09	-0.023436
1.08262e-09	-0.0238338
1.08423e-09	-0.0242214
1.08584e-09	-0.0245984
1.08745e-09	-0.0249644
1.08907e-09	-0.0253189
1.09068e-09	-0.0256617
1.09229e-09	-0.0259924
1.0939e-09	-0.0263106
1.09552e-09	-0.026616
1.09713e-09	-0.0269082
1.09874e-09	-0.0271868
1.10035e-09	-0.0274515
1.10196e-09	-0.0277019
1.10358e-09	-0.0279378
1.10519e-09	-0.0281588
1.1068e-09	-0.0283646
1.10841e-09	-0.0285547
1.11003e-09	-0.0287291
1.11164e-09	-0.0288872
1.11325e-09	-0.0290289
1.11486e-09	-0.0291538
1.11647e-09	-0.0292617
1.11809e-09	-0.0293523
1.1197e-09	-0.0294252
1.12131e-09	-0.0294803
1.12292e-09	-0.0295173
1.12454e-09	-0.029536
1.12615e-09	-0.029536
1.12776e-09	-0.0295173
1.12937e-09	-0.0294795
1.13098e-09	-0.0294225
1.1326e-09	-0.0293461
1.13421e-09	-0.0292501
1.13582e-09	-0.0291343
1.13743e-09	-0.0289985
1.13905e-09	-0.0288427
1.14066e-09	-0.0286666
1.14227e-09	-0.0284701
1.14388e-09	-0.0282532
1.14549e-09	-0.0280157
1.14711e-09	-0.0277575
1.14872e-09	-0.0274785
1.15033e-09	-0.0271787
1.15194e-09	-0.026858
1.15356e-09	-0.0265164
1.15517e-09	-0.0261539
1.15678e-09	-0.0257703
1.15839e-09	-0.0253658
1.16e-09	-0.0249404
1.16162e-09	-0.024494
1.16323e-09	-0.0240267
1.16484e-09	-0.0235385
1.16645e-09	-0.0230296
1.16807e-09	-0.0225
1.16968e-09	-0.0219498
1.17129e-09	-0.0213791
1.1729e-09	-0.0207881
1.17452e-09	-0.0201768
1.17613e-09	-0.0195455
1.17774e-09	-0.0188943
1.17935e-09	-0.0182233
1.18096e-09	-0.0175329
1.18258e-09	-0.0168232
1.18419e-09	-0.0160945
1.1858e-09	-0.0153469
1.18741e-09	-0.0145808
1.18903e-09	-0.0137964
1.19064e-09	-0.012994
1.19225e-09	-0.0121739
1.19386e-09	-0.0113365
1.19547e-09	-0.0104821
1.19709e-09	-0.00961104
1.1987e-09	-0.00872366
1.20031e-09	-0.00782036
1.20192e-09	-0.00690154
1.20354e-09	-0.00596762
1.20515e-09	-0.00501901
1.20676e-09	-0.00405616
1.20837e-09	-0.00307952
1.20998e-09	-0.00208956
1.2116e-09	-0.00108676
1.21321e-09	-7.16268e-05
1.21482e-09	0.000955341
1.21643e-09	0.00199361
1.21805e-09	0.00304266
1.21966e-09	0.00410192
1.22127e-09	0.00517084
1.22288e-09	0.00624884
1.22449e-09	0.00733533
1.22611e-09	0.00842971
1.22772e-09	0.00953136
1.22933e-09	0.0106397
1.23094e-09	0.011754
1.23256e-09	0.0128737
1.23417e-09	0.0139981
1.23578e-09	0.0151266
1.23739e-09	0.0162584
1.239e-09	0.0173929
1.24062e-09	0.0185294
1.24223e-09	0.0196672
1.24384e-09	0.0208055
1.24545e-09	0.0219436
1.24707e-09	0.0230809
1.24868e-09	0.0242165
1.25029e-09	0.0253498
1.2519e-09	0.0264799
1.25351e-09	0.0276061
1.25513e-09	0.0287276
1.25674e-09	0.0298438
1.25835e-09	0.0309537
1.25996e-09	0.0320566
1.26158e-09	0.0331517
1.26319e-09	0.0342383
1.2648e-09	0.0353155
1.26641e-09	0.0363825
1.26802e-09	0.0374387
1.26964e-09	0.038483
1.27125e-09	0.0395148
1.27286e-09	0.0405333
1.27447e-09	0.0415376
1.27609e-09	0.042527
1.2777e-09	0.0435006
1.27931e-09	0.0444577
1.28092e-09	0.0453974
1.28254e-09	0.046319
1.28415e-09	0.0472216
1.28576e-09	0.0481046
1.28737e-09	0.048967
1.28898e-09	0.0498082
1.2906e-09	0.0506273
1.29221e-09	0.0514236
1.29382e-09	0.0521964
1.29543e-09	0.0529448
1.29705e-09	0.0536681
1.29866e-09	0.0543656
1.30027e-09	0.0550366
1.30188e-09	0.0556803
1.30349e-09	0.056296
1.30511e-09	0.0568831
1.30672e-09	0.0574408
1.30833e-09	0.0579685
1.30994e-09	0.0584655
1.31156e-09	0.0589311
1.31317e-09	0.0593648
1.31478e-09	0.0597658
1.31639e-09	0.0601336
1.318e-09	0.0604676
1.31962e-09	0.0607672
1.32123e-09	0.0610318
1.32284e-09	0.061261
1.32445e-09	0.061454
1.32607e-09	0.0616106
1.32768e-09	0.0617301
1.32929e-09	0.061812
1.3309e-09	0.061856
1.33251e-09	0.0618616
1.33413e-09	0.0618283
1.33574e-09	0.0617559
1.33735e-09	0.0616438
1.33896e-09	0.0614918
1.34058e-09	0.0612995
1.34219e-09	0.0610666
1.3438e-09	0.0607928
1.34541e-09	0.0604779
1.34702e-09	0.0601216
1.34864e-09	0.0597238
1.35025e-09	0.0592842
1.35186e-09	0.0588026
1.35347e-09	0.058279
1.35509e-09	0.0577131
1.3567e-09	0.057105
1.35831e-09	0.0564546
1.35992e-09	0.0557618
1.36153e-09	0.0550267
1.36315e-09	0.0542492
1.36476e-09	0.0534294
1.36637e-09	0.0525673
1.36798e-09	0.0516632
1.3696e-09	0.050717
1.37121e-09	0.0497291
1.37282e-09	0.0486995
1.37443e-09	0.0476285
1.37604e-09	0.0465163
1.37766e-09	0.0453633
1.37927e-09	0.0441697
1.38088e-09	0.0429358
1.38249e-09	0.041662
1.38411e-09	0.0403488
1.38572e-09	0.0389965
1.38733e-09	0.0376057
1.38894e-09	0.0361767
1.39055e-09	0.0347101
1.39217e-09	0.0332064
1.39378e-09	0.0316663
1.39539e-09	0.0300903
1.397e-09	0.028479
1.39862e-09	0.0268331
1.40023e-09	0.0251534
1.40184e-09	0.0234404
1.40345e-09	0.021695
1.40507e-09	0.019918
1.40668e-09	0.0181101
1.40829e-09	0.0162722
1.4099e-09	0.0144051
1.41151e-09	0.0125098
1.41313e-09	0.0105871
1.41474e-09	0.00863802
1.41635e-09	0.00666347
1.41796e-09	0.00466448
1.41958e-09	0.00264205
1.42119e-09	0.000597251
1.4228e-09	-0.00146886
1.42441e-09	-0.00355519
1.42602e-09	-0.00566061
1.42764e-09	-0.00778398
1.42925e-09	-0.00992414
1.43086e-09	-0.0120799
1.43247e-09	-0.01425
1.43409e-09	-0.0164333
1.4357e-09	-0.0186285
1.43731e-09	-0.0208343
1.43892e-09	-0.0230495
1.44053e-09	-0.0252726
1.44215e-09	-0.0275025
1.44376e-09	-0.0297377
1.44537e-09	-0.0319769
1.44698e-09	-0.0342187
1.4486e-09	-0.0364616
1.45021e-09	-0.0387044
1.45182e-09	-0.0409455
1.45343e-09	-0.0431836
1.45504e-09	-0.0454172
1.45666e-09	-0.0476447
1.45827e-09	-0.0498649
1.45988e-09	-0.0520761
1.46149e-09	-0.0542768
1.46311e-09	-0.0564657
1.46472e-09	-0.0586411
1.46633e-09	-0.0608016
1.46794e-09	-0.0629456
1.46955e-09	-0.0650717
1.47117e-09	-0.0671783
1.47278e-09	-0.0692638
1.47439e-09	-0.0713268
1.476e-09	-0.0733657
1.47762e-09	-0.0753791
1.47923e-09	-0.0773653
1.48084e-09	-0.0793228
1.48245e-09	-0.0812502
1.48406e-09	-0.0831459
1.48568e-09	-0.0850083
1.48729e-09	-0.0868361
1.4889e-09	-0.0886277
1.49051e-09	-0.0903817
1.49213e-09	-0.0920964
1.49374e-09	-0.0937706
1.49535e-09	-0.0954027
1.49696e-09	-0.0969913
1.49857e-09	-0.0985349
1.50019e-09	-0.100032
1.5018e-09	-0.101482
1.50341e-09	-0.102882
1.50502e-09	-0.104232
1.50664e-09	-0.10553
1.50825e-09	-0.106776
1.50986e-09	-0.107966
1.51147e-09	-0.109101
1.51309e-09	-0.110179
1.5147e-09	-0.111199
1.51631e-09	-0.112159
1.51792e-09	-0.113059
1.51953e-09	-0.113897
1.52115e-09	-0.114673
1.52276e-09	-0.115384
1.52437e-09	-0.116031
1.52598e-09	-0.116611
1.5276e-09	-0.117125
1.52921e-09	-0.117571
1.53082e-09	-0.117947
1.53243e-09	-0.118255
1.53404e-09	-0.118491
1.53566e-09	-0.118656
1.53727e-09	-0.118749
1.53888e-09	-0.118769
1.54049e-09	-0.118715
1.54211e-09	-0.118587
1.54372e-09	-0.118385
1.54533e-09	-0.118106
1.54694e-09	-0.117752
1.54855e-09	-0.117322
1.55017e-09	-0.116814
1.55178e-09	-0.116229
1.55339e-09	-0.115566
1.555e-09	-0.114826
1.55662e-09	-0.114007
1.55823e-09	-0.11311
1.55984e-09	-0.112134
1.56145e-09	-0.11108
1.56306e-09	-0.109946
1.56468e-09	-0.108734
1.56629e-09	-0.107444
1.5679e-09	-0.106074
1.56951e-09	-0.104626
1.57113e-09	-0.1031
1.57274e-09	-0.101496
1.57435e-09	-0.0998134
1.57596e-09	-0.0980538
1.57757e-09	-0.0962172
1.57919e-09	-0.094304
1.5808e-09	-0.0923148
1.58241e-09	-0.09025
1.58402e-09	-0.0881103
1.58564e-09	-0.0858964
1.58725e-09	-0.0836089
1.58886e-09	-0.0812487
1.59047e-09	-0.0788166
1.59208e-09	-0.0763135
1.5937e-09	-0.0737402
1.59531e-09	-0.0710979
1.59692e-09	-0.0683874
1.59853e-09	-0.06561
1.60015e-09	-0.0627667
1.60176e-09	-0.0598588
1.60337e-09	-0.0568875
1.60498e-09	-0.0538541
1.60659e-09	-0.05076
1.60821e-09	-0.0476065
1.60982e-09	-0.0443951
1.61143e-09	-0.0411274
1.61304e-09	-0.0378048
1.61466e-09	-0.034429
1.61627e-09	-0.0310017
1.61788e-09	-0.0275244
1.61949e-09	-0.023999
1.6211e-09	-0.0204273
1.62272e-09	-0.016811
1.62433e-09	-0.0131521
1.62594e-09	-0.00945256
1.62755e-09	-0.00571422
1.62917e-09	-0.00193916
1.63078e-09	0.0018706
1.63239e-09	0.00571295
1.634e-09	0.00958577
1.63562e-09	0.0134869
1.63723e-09	0.0174141
1.63884e-09	0.0213652
1.64045e-09	0.0253379
1.64206e-09	0.0293298
1.64368e-09	0.0333387
1.64529e-09	0.0373622
1.6469e-09	0.0413978
1.64851e-09	0.0454432
1.65013e-09	0.0494959
1.65174e-09	0.0535534
1.65335e-09	0.0576131
1.65496e-09	0.0616727
1.65657e-09	0.0657295
1.65819e-09	0.0697809
1.6598e-09	0.0738244
1.66141e-09	0.0778574
1.66302e-09	0.0818772
1.66464e-09	0.0858812
1.66625e-09	0.0898668
1.66786e-09	0.0938312
1.66947e-09	0.0977719
1.67108e-09	0.101686
1.6727e-09	0.105571
1.67431e-09	0.109425
1.67592e-09	0.113243
1.67753e-09	0.117025
1.67915e-09	0.120767
1.68076e-09	0.124466
1.68237e-09	0.12812
1.68398e-09	0.131726
1.68559e-09	0.135282
1.68721e-09	0.138784
1.68882e-09	0.14223
1.69043e-09	0.145618
1.69204e-09	0.148945
1.69366e-09	0.152208
1.69527e-09	0.155405
1.69688e-09	0.158533
1.69849e-09	0.16159
1.7001e-09	0.164573
1.70172e-09	0.167479
1.70333e-09	0.170307
1.70494e-09	0.173053
1.70655e-09	0.175715
1.70817e-09	0.178292
1.70978e-09	0.18078
1.71139e-09	0.183178
1.713e-09	0.185483
1.71461e-09	0.187692
1.71623e-09	0.189805
1.71784e-09	0.191818
1.71945e-09	0.19373
1.72106e-09	0.195538
1.72268e-09	0.19724
1.72429e-09	0.198836
1.7259e-09	0.200322
1.72751e-09	0.201697
1.72912e-09	0.202959
1.73074e-09	0.204106
1.73235e-09	0.205138
1.73396e-09	0.206051
1.73557e-09	0.206845
1.73719e-09	0.207519
1.7388e-09	0.20807
1.74041e-09	0.208498
1.74202e-09	0.208801
1.74363e-09	0.208978
1.74525e-09	0.209027
1.74686e-09	0.208949
1.74847e-09	0.208742
1.75008e-09	0.208404
1.7517e-09	0.207936
1.75331e-09	0.207335
1.75492e-09	0.206603
1.75653e-09	0.205738
1.75815e-09	0.204739
1.75976e-09	0.203606
1.76137e-09	0.20234
1.76298e-09	0.200938
1.76459e-09	0.199402
1.76621e-09	0.197732
1.76782e-09	0.195926
1.76943e-09	0.193986
1.77104e-09	0.191911
1.77266e-09	0.189701
1.77427e-09	0.187358
1.77588e-09	0.184881
1.77749e-09	0.182271
1.7791e-09	0.179528
1.78072e-09	0.176653
1.78233e-09	0.173648
1.78394e-09	0.170512
1.78555e-09	0.167246
1.78717e-09	0.163853
1.78878e-09	0.160332
1.79039e-09	0.156685
1.792e-09	0.152914
1.79361e-09	0.149019
1.79523e-09	0.145003
1.79684e-09	0.140866
1.79845e-09	0.136611
1.80006e-09	0.132239
1.80168e-09	0.127752
1.80329e-09	0.123151
1.8049e-09	0.11844
1.80651e-09	0.11362
1.80812e-09	0.108693
1.80974e-09	0.103661
1.81135e-09	0.0985271
1.81296e-09	0.0932933
1.81457e-09	0.0879623
1.81619e-09	0.0825365
1.8178e-09	0.0770187
1.81941e-09	0.0714115
1.82102e-09	0.0657178
1.82263e-09	0.0599406
1.82425e-09	0.0540826
1.82586e-09	0.0481471
1.82747e-09	0.0421371
1.82908e-09	0.0360558
1.8307e-09	0.0299065
1.83231e-09	0.0236924
1.83392e-09	0.0174169
1.83553e-09	0.0110836
1.83714e-09	0.00469592
1.83876e-09	-0.00174259
1.84037e-09	-0.00822828
1.84198e-09	-0.0147575
1.84359e-09	-0.0213264
1.84521e-09	-0.0279313
1.84682e-09	-0.0345683
1.84843e-09	-0.0412335
1.85004e-09	-0.0479229
1.85165e-09	-0.0546327
1.85327e-09	-0.0613587
1.85488e-09	-0.068097
1.85649e-09	-0.0748433
1.8581e-09	-0.0815936
1.85972e-09	-0.0883437
1.86133e-09	-0.0950893
1.86294e-09	-0.101826
1.86455e-09	-0.10855
1.86617e-09	-0.115257
1.86778e-09	-0.121943
1.86939e-09	-0.128603
1.871e-09	-0.135232
1.87261e-09	-0.141827
1.87423e-09	-0.148384
1.87584e-09	-0.154897
1.87745e-09	-0.161363
1.87906e-09	-0.167777
1.88068e-09	-0.174134
1.88229e-09	-0.180431
1.8839e-09	-0.186663
1.88551e-09	-0.192826
1.88712e-09	-0.198916
1.88874e-09	-0.204927
1.89035e-09	-0.210856
1.89196e-09	-0.216699
1.89357e-09	-0.222451
1.89519e-09	-0.228108
1.8968e-09	-0.233666
1.89841e-09	-0.239121
1.90002e-09	-0.244468
1.90163e-09	-0.249704
1.90325e-09	-0.254825
1.90486e-09	-0.259826
1.90647e-09	-0.264704
1.90808e-09	-0.269454
1.9097e-09	-0.274073
1.91131e-09	-0.278558
1.91292e-09	-0.282904
1.91453e-09	-0.287107
1.91614e-09	-0.291164
1.91776e-09	-0.295073
1.91937e-09	-0.298828
1.92098e-09	-0.302427
1.92259e-09	-0.305866
1.92421e-09	-0.309143
1.92582e-09	-0.312253
1.92743e-09	-0.315195
1.92904e-09	-0.317964
1.93065e-09	-0.320559
1.93227e-09	-0.322976
1.93388e-09	-0.325212
1.93549e-09	-0.327266
1.9371e-09	-0.329134
1.93872e-09	-0.330814
1.94033e-09	-0.332303
1.94194e-09	-0.3336
1.94355e-09	-0.334703
1.94516e-09	-0.335609
1.94678e-09	-0.336316
1.94839e-09	-0.336823
1.95e-09	-0.337128
1.95161e-09	-0.33723
1.95323e-09	-0.337126
1.95484e-09	-0.336817
1.95645e-09	-0.3363
1.95806e-09	-0.335575
1.95967e-09	-0.33464
1.96129e-09	-0.333495
1.9629e-09	-0.332139
1.96451e-09	-0.330571
1.96612e-09	-0.328792
1.96774e-09	-0.326801
1.96935e-09	-0.324597
1.97096e-09	-0.322181
1.97257e-09	-0.319552
1.97418e-09	-0.316712
1.9758e-09	-0.31366
1.97741e-09	-0.310396
1.97902e-09	-0.306922
1.98063e-09	-0.303239
1.98225e-09	-0.299346
1.98386e-09	-0.295246
1.98547e-09	-0.290939
1.98708e-09	-0.286427
1.9887e-09	-0.281711
1.99031e-09	-0.276793
1.99192e-09	-0.271674
1.99353e-09	-0.266357
1.99514e-09	-0.260843
1.99676e-09	-0.255135
1.99837e-09	-0.249235
1.99998e-09	-0.243145
2.00159e-09	-0.236868
2.00321e-09	-0.230406
2.00482e-09	-0.223763
2.00643e-09	-0.216941
2.00804e-09	-0.209944
2.00965e-09	-0.202774
2.01127e-09	-0.195435
2.01288e-09	-0.18793
2.01449e-09	-0.180264
2.0161e-09	-0.172439
2.01772e-09	-0.16446
2.01933e-09	-0.156331
2.02094e-09	-0.148055
2.02255e-09	-0.139637
2.02416e-09	-0.131081
2.02578e-09	-0.122392
2.02739e-09	-0.113574
2.029e-09	-0.104631
2.03061e-09	-0.0955696
2.03223e-09	-0.0863933
2.03384e-09	-0.0771073
2.03545e-09	-0.0677169
2.03706e-09	-0.058227
2.03867e-09	-0.048643
2.04029e-09	-0.0389701
2.0419e-09	-0.0292139
2.04351e-09	-0.0193799
2.04512e-09	-0.0094736
2.04674e-09	0.000499266
2.04835e-09	0.0105329
2.04996e-09	0.0206216
2.05157e-09	0.0307594
2.05318e-09	0.0409402
2.0548e-09	0.0511582
2.05641e-09	0.0614072
2.05802e-09	0.0716811
2.05963e-09	0.0819736
2.06125e-09	0.0922786
2.06286e-09	0.10259
2.06447e-09	0.112901
2.06608e-09	0.123205
2.06769e-09	0.133496
2.06931e-09	0.143768
2.07092e-09	0.154015
2.07253e-09	0.164229
2.07414e-09	0.174404
2.07576e-09	0.184533
2.07737e-09	0.194611
2.07898e-09	0.204631
2.08059e-09	0.214586
2.0822e-09	0.224469
2.08382e-09	0.234274
2.08543e-09	0.243995
2.08704e-09	0.253625
2.08865e-09	0.263158
2.09027e-09	0.272587
2.09188e-09	0.281906
2.09349e-09	0.291108
2.0951e-09	0.300186
2.09672e-09	0.309136
2.09833e-09	0.31795
2.09994e-09	0.326623
2.10155e-09	0.335147
2.10316e-09	0.343518
2.10478e-09	0.351728
2.10639e-09	0.359772
2.108e-09	0.367645
2.10961e-09	0.37534
2.11123e-09	0.382851
2.11284e-09	0.390173
2.11445e-09	0.3973
2.11606e-09	0.404227
2.11767e-09	0.410948
2.11929e-09	0.417458
2.1209e-09	0.423752
2.12251e-09	0.429825
2.12412e-09	0.435672
2.12574e-09	0.441287
2.12735e-09	0.446667
2.12896e-09	0.451806
2.13057e-09	0.4567
2.13218e-09	0.461345
2.1338e-09	0.465737
2.13541e-09	0.469871
2.13702e-09	0.473743
2.13863e-09	0.477349
2.14025e-09	0.480687
2.14186e-09	0.483752
2.14347e-09	0.486541
2.14508e-09	0.48905
2.14669e-09	0.491277
2.14831e-09	0.493219
2.14992e-09	0.494874
2.15153e-09	0.496237
2.15314e-09	0.497308
2.15476e-09	0.498083
2.15637e-09	0.498561
2.15798e-09	0.49874
2.15959e-09	0.498618
2.1612e-09	0.498194
2.16282e-09	0.497466
2.16443e-09	0.496433
2.16604e-09	0.495094
2.16765e-09	0.493449
2.16927e-09	0.491496
2.17088e-09	0.489235
2.17249e-09	0.486667
2.1741e-09	0.48379
2.17571e-09	0.480606
2.17733e-09	0.477114
2.17894e-09	0.473315
2.18055e-09	0.46921
2.18216e-09	0.4648
2.18378e-09	0.460085
2.18539e-09	0.455068
2.187e-09	0.449749
2.18861e-09	0.444131
2.19022e-09	0.438214
2.19184e-09	0.432003
2.19345e-09	0.425498
2.19506e-09	0.418702
2.19667e-09	0.411618
2.19829e-09	0.404249
2.1999e-09	0.396597
2.20151e-09	0.388667
2.20312e-09	0.380461
2.20473e-09	0.371984
2.20635e-09	0.363238
2.20796e-09	0.354229
2.20957e-09	0.344959
2.21118e-09	0.335435
2.2128e-09	0.32566
2.21441e-09	0.315638
2.21602e-09	0.305376
2.21763e-09	0.294878
2.21925e-09	0.284149
2.22086e-09	0.273194
2.22247e-09	0.26202
2.22408e-09	0.250633
2.22569e-09	0.239037
2.22731e-09	0.22724
2.22892e-09	0.215246
2.23053e-09	0.203064
2.23214e-09	0.190699
2.23376e-09	0.178159
2.23537e-09	0.165449
2.23698e-09	0.152577
2.23859e-09	0.13955
2.2402e-09	0.126376
2.24182e-09	0.113061
2.24343e-09	0.0996135
2.24504e-09	0.0860407
2.24665e-09	0.0723505
2.24827e-09	0.0585506
2.24988e-09	0.044649
2.25149e-09	0.0306537
2.2531e-09	0.016573
2.25471e-09	0.00241507
2.25633e-09	-0.0118118
2.25794e-09	-0.0260992
2.25955e-09	-0.0404387
2.26116e-09	-0.0548216
2.26278e-09	-0.0692394
2.26439e-09	-0.0836834
2.266e-09	-0.0981448
2.26761e-09	-0.112615
2.26922e-09	-0.127085
2.27084e-09	-0.141546
2.27245e-09	-0.155988
2.27406e-09	-0.170404
2.27567e-09	-0.184784
2.27729e-09	-0.199119
2.2789e-09	-0.213401
2.28051e-09	-0.227619
2.28212e-09	-0.241766
2.28373e-09	-0.255831
2.28535e-09	-0.269807
2.28696e-09	-0.283684
2.28857e-09	-0.297453
2.29018e-09	-0.311105
2.2918e-09	-0.324632
2.29341e-09	-0.338024
2.29502e-09	-0.351273
2.29663e-09	-0.36437
2.29824e-09	-0.377306
2.29986e-09	-0.390073
2.30147e-09	-0.402661
2.30308e-09	-0.415064
2.30469e-09	-0.427271
2.30631e-09	-0.439275
2.30792e-09	-0.451067
2.30953e-09	-0.46264
2.31114e-09	-0.473985
2.31275e-09	-0.485095
2.31437e-09	-0.49596
2.31598e-09	-0.506575
2.31759e-09	-0.516931
2.3192e-09	-0.527021
2.32082e-09	-0.536837
2.32243e-09	-0.546372
2.32404e-09	-0.555619
2.32565e-09	-0.564572
2.32726e-09	-0.573223
2.32888e-09	-0.581566
2.33049e-09	-0.589595
2.3321e-09	-0.597303
2.33371e-09	-0.604684
2.33533e-09	-0.611732
2.33694e-09	-0.618442
2.33855e-09	-0.624808
2.34016e-09	-0.630825
2.34178e-09	-0.636487
2.34339e-09	-0.64179
2.345e-09	-0.646729
2.34661e-09	-0.6513
2.34822e-09	-0.655497
2.34984e-09	-0.659317
2.35145e-09	-0.662756
2.35306e-09	-0.665811
2.35467e-09	-0.668477
2.35629e-09	-0.670753
2.3579e-09	-0.672634
2.35951e-09	-0.674118
2.36112e-09	-0.675202
2.36273e-09	-0.675885
2.36435e-09	-0.676163
2.36596e-09	-0.676037
2.36757e-09	-0.675503
2.36918e-09	-0.67456
2.3708e-09	-0.673208
2.37241e-09	-0.671445
2.37402e-09	-0.669272
2.37563e-09	-0.666688
2.37724e-09	-0.663692
2.37886e-09	-0.660285
2.38047e-09	-0.656468
2.38208e-09	-0.652241
2.38369e-09	-0.647605
2.38531e-09	-0.642561
2.38692e-09	-0.637111
2.38853e-09	-0.631257
2.39014e-09	-0.625001
2.39175e-09	-0.618345
2.39337e-09	-0.611291
2.39498e-09	-0.603843
2.39659e-09	-0.596003
2.3982e-09	-0.587774
2.39982e-09	-0.579161
2.40143e-09	-0.570167
2.40304e-09	-0.560796
2.40465e-09	-0.551052
2.40626e-09	-0.54094
2.40788e-09	-0.530465
2.40949e-09	-0.519632
2.4111e-09	-0.508446
2.41271e-09	-0.496912
2.41433e-09	-0.485037
2.41594e-09	-0.472826
2.41755e-09	-0.460286
2.41916e-09	-0.447423
2.42077e-09	-0.434244
2.42239e-09	-0.420755
2.424e-09	-0.406964
2.42561e-09	-0.392878
2.42722e-09	-0.378505
2.42884e-09	-0.363852
2.43045e-09	-0.348927
2.43206e-09	-0.333739
2.43367e-09	-0.318296
2.43528e-09	-0.302606
2.4369e-09	-0.286678
2.43851e-09	-0.270521
2.44012e-09	-0.254144
2.44173e-09	-0.237556
2.44335e-09	-0.220767
2.44496e-09	-0.203786
2.44657e-09	-0.186623
2.44818e-09	-0.169287
2.4498e-09	-0.151789
2.45141e-09	-0.134139
2.45302e-09	-0.116347
2.45463e-09	-0.0984239
2.45624e-09	-0.0803794
2.45786e-09	-0.0622244
2.45947e-09	-0.0439698
2.46108e-09	-0.0256262
2.46269e-09	-0.00720456
2.46431e-09	0.0112841
2.46592e-09	0.0298287
2.46753e-09	0.0484182
2.46914e-09	0.0670414
2.47075e-09	0.0856869
2.47237e-09	0.104343
2.47398e-09	0.123
2.47559e-09	0.141644
2.4772e-09	0.160266
2.47882e-09	0.178853
2.48043e-09	0.197394
2.48204e-09	0.215878
2.48365e-09	0.234292
2.48526e-09	0.252626
2.48688e-09	0.270869
2.48849e-09	0.289008
2.4901e-09	0.307032
2.49171e-09	0.324931
2.49333e-09	0.342692
2.49494e-09	0.360304
2.49655e-09	0.377757
2.49816e-09	0.395038
2.49977e-09	0.412138
2.50139e-09	0.429044
2.503e-09	0.445746
2.50461e-09	0.462234
2.50622e-09	0.478496
2.50784e-09	0.494521
2.50945e-09	0.5103
2.51106e-09	0.525822
2.51267e-09	0.541077
2.51428e-09	0.556054
2.5159e-09	0.570744
2.51751e-09	0.585136
2.51912e-09	0.599221
2.52073e-09	0.61299
2.52235e-09	0.626433
2.52396e-09	0.639541
2.52557e-09	0.652305
2.52718e-09	0.664717
2.52879e-09	0.676767
2.53041e-09	0.688447
2.53202e-09	0.699749
2.53363e-09	0.710665
2.53524e-09	0.721187
2.53686e-09	0.731307
2.53847e-09	0.741019
2.54008e-09	0.750316
2.54169e-09	0.759189
2.5433e-09	0.767633
2.54492e-09	0.775642
2.54653e-09	0.783209
2.54814e-09	0.790328
2.54975e-09	0.796994
2.55137e-09	0.803201
2.55298e-09	0.808944
2.55459e-09	0.814219
2.5562e-09	0.819021
2.55781e-09	0.823346
2.55943e-09	0.82719
2.56104e-09	0.830548
2.56265e-09	0.833419
2.56426e-09	0.835798
2.56588e-09	0.837683
2.56749e-09	0.839071
2.5691e-09	0.839961
2.57071e-09	0.84035
2.57233e-09	0.840236
2.57394e-09	0.83962
2.57555e-09	0.838498
2.57716e-09	0.836872
2.57877e-09	0.83474
2.58039e-09	0.832103
2.582e-09	0.82896
2.58361e-09	0.825313
2.58522e-09	0.821162
2.58684e-09	0.816508
2.58845e-09	0.811354
2.59006e-09	0.8057
2.59167e-09	0.79955
2.59328e-09	0.792905
2.5949e-09	0.785768
2.59651e-09	0.778143
2.59812e-09	0.770033
2.59973e-09	0.761441
2.60135e-09	0.752373
2.60296e-09	0.742831
2.60457e-09	0.73282
2.60618e-09	0.722346
2.60779e-09	0.711414
2.60941e-09	0.70003
2.61102e-09	0.688198
2.61263e-09	0.675926
2.61424e-09	0.66322
2.61586e-09	0.650086
2.61747e-09	0.636531
2.61908e-09	0.622563
2.62069e-09	0.608189
2.6223e-09	0.593417
2.62392e-09	0.578255
2.62553e-09	0.562712
2.62714e-09	0.546795
2.62875e-09	0.530515
2.63037e-09	0.513879
2.63198e-09	0.496897
2.63359e-09	0.479578
2.6352e-09	0.461934
2.63681e-09	0.443972
2.63843e-09	0.425705
2.64004e-09	0.407141
2.64165e-09	0.388293
2.64326e-09	0.36917
2.64488e-09	0.349783
2.64649e-09	0.330145
2.6481e-09	0.310265
2.64971e-09	0.290157
2.65132e-09	0.269831
2.65294e-09	0.249299
2.65455e-09	0.228574
2.65616e-09	0.207668
2.65777e-09	0.186593
2.65939e-09	0.165361
2.661e-09	0.143985
2.66261e-09	0.122479
2.66422e-09	0.100854
2.66583e-09	0.079123
2.66745e-09	0.0573
2.66906e-09	0.0353977
2.67067e-09	0.0134291
2.67228e-09	-0.0085924
2.6739e-09	-0.0306536
2.67551e-09	-0.0527411
2.67712e-09	-0.0748415
2.67873e-09	-0.0969415
2.68035e-09	-0.119028
2.68196e-09	-0.141086
2.68357e-09	-0.163104
2.68518e-09	-0.185068
2.68679e-09	-0.206963
2.68841e-09	-0.228778
2.69002e-09	-0.250497
2.69163e-09	-0.272109
2.69324e-09	-0.293599
2.69486e-09	-0.314955
2.69647e-09	-0.336162
2.69808e-09	-0.357209
2.69969e-09	-0.378081
2.7013e-09	-0.398766
2.70292e-09	-0.419251
2.70453e-09	-0.439523
2.70614e-09	-0.459569
2.70775e-09	-0.479377
2.70937e-09	-0.498934
2.71098e-09	-0.518228
2.71259e-09	-0.537246
2.7142e-09	-0.555977
2.71581e-09	-0.574409
2.71743e-09	-0.59253
2.71904e-09	-0.610329
2.72065e-09	-0.627793
2.72226e-09	-0.644912
2.72388e-09	-0.661676
2.72549e-09	-0.678072
2.7271e-09	-0.694091
2.72871e-09	-0.709722
2.73032e-09	-0.724955
2.73194e-09	-0.73978
2.73355e-09	-0.754187
2.73516e-09	-0.768168
2.73677e-09	-0.781712
2.73839e-09	-0.794811
2.74e-09	-0.807456
2.74161e-09	-0.819639
2.74322e-09	-0.831352
2.74483e-09	-0.842586
2.74645e-09	-0.853335
2.74806e-09	-0.86359
2.74967e-09	-0.873346
2.75128e-09	-0.882594
2.7529e-09	-0.89133
2.75451e-09	-0.899546
2.75612e-09	-0.907238
2.75773e-09	-0.914398
2.75934e-09	-0.921024
2.76096e-09	-0.927109
2.76257e-09	-0.932649
2.76418e-09	-0.93764
2.76579e-09	-0.942078
2.76741e-09	-0.94596
2.76902e-09	-0.949282
2.77063e-09	-0.952042
2.77224e-09	-0.954238
2.77385e-09	-0.955866
2.77547e-09	-0.956926
2.77708e-09	-0.957416
2.77869e-09	-0.957335
2.7803e-09	-0.956683
2.78192e-09	-0.955458
2.78353e-09	-0.953661
2.78514e-09	-0.951292
2.78675e-09	-0.948352
2.78836e-09	-0.944842
2.78998e-09	-0.940763
2.79159e-09	-0.936118
2.7932e-09	-0.930907
2.79481e-09	-0.925135
2.79643e-09	-0.918803
2.79804e-09	-0.911915
2.79965e-09	-0.904473
2.80126e-09	-0.896483
2.80288e-09	-0.887949
2.80449e-09	-0.878874
2.8061e-09	-0.869263
2.80771e-09	-0.859123
2.80932e-09	-0.848458
2.81094e-09	-0.837274
2.81255e-09	-0.825578
2.81416e-09	-0.813376
2.81577e-09	-0.800676
2.81739e-09	-0.787483
2.819e-09	-0.773805
2.82061e-09	-0.759651
2.82222e-09	-0.745029
2.82383e-09	-0.729946
2.82545e-09	-0.714412
2.82706e-09	-0.698436
2.82867e-09	-0.682026
2.83028e-09	-0.665193
2.8319e-09	-0.647945
2.83351e-09	-0.630294
2.83512e-09	-0.612249
2.83673e-09	-0.593822
2.83834e-09	-0.575022
2.83996e-09	-0.555861
2.84157e-09	-0.53635
2.84318e-09	-0.516501
2.84479e-09	-0.496326
2.84641e-09	-0.475836
2.84802e-09	-0.455044
2.84963e-09	-0.433962
2.85124e-09	-0.412602
2.85285e-09	-0.390978
2.85447e-09	-0.369102
2.85608e-09	-0.346987
2.85769e-09	-0.324646
2.8593e-09	-0.302094
2.86092e-09	-0.279342
2.86253e-09	-0.256406
2.86414e-09	-0.233299
2.86575e-09	-0.210034
2.86736e-09	-0.186626
2.86898e-09	-0.163089
2.87059e-09	-0.139437
2.8722e-09	-0.115684
2.87381e-09	-0.0918446
2.87543e-09	-0.0679335
2.87704e-09	-0.0439649
2.87865e-09	-0.0199532
2.88026e-09	0.00408678
2.88187e-09	0.0281406
2.88349e-09	0.0521938
2.8851e-09	0.0762315
2.88671e-09	0.100239
2.88832e-09	0.124203
2.88994e-09	0.148107
2.89155e-09	0.171937
2.89316e-09	0.19568
2.89477e-09	0.219319
2.89638e-09	0.242842
2.898e-09	0.266233
2.89961e-09	0.289478
2.90122e-09	0.312564
2.90283e-09	0.335476
2.90445e-09	0.358199
2.90606e-09	0.380721
2.90767e-09	0.403027
2.90928e-09	0.425104
2.9109e-09	0.446938
2.91251e-09	0.468516
2.91412e-09	0.489825
2.91573e-09	0.510851
2.91734e-09	0.531582
2.91896e-09	0.552004
2.92057e-09	0.572106
2.92218e-09	0.591876
2.92379e-09	0.6113
2.92541e-09	0.630367
2.92702e-09	0.649066
2.92863e-09	0.667384
2.93024e-09	0.685311
2.93185e-09	0.702836
2.93347e-09	0.719947
2.93508e-09	0.736634
2.93669e-09	0.752888
2.9383e-09	0.768698
2.93992e-09	0.784053
2.94153e-09	0.798946
2.94314e-09	0.813366
2.94475e-09	0.827305
2.94636e-09	0.840755
2.94798e-09	0.853706
2.94959e-09	0.866151
2.9512e-09	0.878082
2.95281e-09	0.889492
2.95443e-09	0.900375
2.95604e-09	0.910722
2.95765e-09	0.920528
2.95926e-09	0.929787
2.96087e-09	0.938492
2.96249e-09	0.94664
2.9641e-09	0.954224
2.96571e-09	0.96124
2.96732e-09	0.967684
2.96894e-09	0.973551
2.97055e-09	0.978838
2.97216e-09	0.983542
2.97377e-09	0.98766
2.97538e-09	0.99119
2.977e-09	0.994128
2.97861e-09	0.996474
2.98022e-09	0.998225
2.98183e-09	0.999382
2.98345e-09	0.999942
2.98506e-09	0.999907
2.98667e-09	0.999275
2.98828e-09	0.998047
2.98989e-09	0.996224
2.99151e-09	0.993807
2.99312e-09	0.990798
2.99473e-09	0.987198
2.99634e-09	0.983009
2.99796e-09	0.978235
2.99957e-09	0.972878
3.00118e-09	0.966941
3.00279e-09	0.960429
3.0044e-09	0.953345
3.00602e-09	0.945693
3.00763e-09	0.937478
3.00924e-09	0.928706
3.01085e-09	0.919381
3.01247e-09	0.90951
3.01408e-09	0.899098
3.01569e-09	0.888152
3.0173e-09	0.876679
3.01891e-09	0.864686
3.02053e-09	0.85218
3.02214e-09	0.839168
3.02375e-09	0.82566
3.02536e-09	0.811663
3.02698e-09	0.797185
3.02859e-09	0.782237
3.0302e-09	0.766826
3.03181e-09	0.750962
3.03343e-09	0.734656
3.03504e-09	0.717918
3.03665e-09	0.700756
3.03826e-09	0.683183
3.03987e-09	0.665208
3.04149e-09	0.646844
3.0431e-09	0.6281
3.04471e-09	0.60899
3.04632e-09	0.589523
3.04794e-09	0.569714
3.04955e-09	0.549572
3.05116e-09	0.529112
3.05277e-09	0.508345
3.05438e-09	0.487285
3.056e-09	0.465943
3.05761e-09	0.444334
3.05922e-09	0.42247
3.06083e-09	0.400365
3.06245e-09	0.378032
3.06406e-09	0.355485
3.06567e-09	0.332738
3.06728e-09	0.309805
3.06889e-09	0.2867
3.07051e-09	0.263436
3.07212e-09	0.240028
3.07373e-09	0.216491
3.07534e-09	0.192838
3.07696e-09	0.169085
3.07857e-09	0.145244
3.08018e-09	0.121332
3.08179e-09	0.0973631
3.0834e-09	0.0733509
3.08502e-09	0.0493106
3.08663e-09	0.0252566
3.08824e-09	0.00120359
3.08985e-09	-0.0228338
3.09147e-09	-0.046841
3.09308e-09	-0.0708035
3.09469e-09	-0.0947068
3.0963e-09	-0.118536
3.09791e-09	-0.142278
3.09953e-09	-0.165917
3.10114e-09	-0.189439
3.10275e-09	-0.212831
3.10436e-09	-0.236078
3.10598e-09	-0.259165
3.10759e-09	-0.28208
3.1092e-09	-0.304808
3.11081e-09	-0.327336
3.11242e-09	-0.34965
3.11404e-09	-0.371737
3.11565e-09	-0.393584
3.11726e-09	-0.415177
3.11887e-09	-0.436504
3.12049e-09	-0.457552
3.1221e-09	-0.478309
3.12371e-09	-0.498762
3.12532e-09	-0.518899
3.12693e-09	-0.538707
3.12855e-09	-0.558177
3.13016e-09	-0.577295
3.13177e-09	-0.596051
3.13338e-09	-0.614433
3.135e-09	-0.632431
3.13661e-09	-0.650034
3.13822e-09	-0.667233
3.13983e-09	-0.684016
3.14144e-09	-0.700374
3.14306e-09	-0.716298
3.14467e-09	-0.731779
3.14628e-09	-0.746807
3.14789e-09	-0.761373
3.14951e-09	-0.77547
3.15112e-09	-0.78909
3.15273e-09	-0.802224
3.15434e-09	-0.814866
3.15596e-09	-0.827007
3.15757e-09	-0.838642
3.15918e-09	-0.849764
3.16079e-09	-0.860366
3.1624e-09	-0.870444
3.16402e-09	-0.87999
3.16563e-09	-0.889
3.16724e-09	-0.89747
3.16885e-09	-0.905395
3.17047e-09	-0.91277
3.17208e-09	-0.919591
3.17369e-09	-0.925857
3.1753e-09	-0.931562
3.17691e-09	-0.936705
3.17853e-09	-0.941282
3.18014e-09	-0.945293
3.18175e-09	-0.948734
3.18336e-09	-0.951606
3.18498e-09	-0.953906
3.18659e-09	-0.955635
3.1882e-09	-0.956791
3.18981e-09	-0.957375
3.19142e-09	-0.957388
3.19304e-09	-0.956829
3.19465e-09	-0.955701
3.19626e-09	-0.954004
3.19787e-09	-0.951741
3.19949e-09	-0.948913
3.2011e-09	-0.945524
3.20271e-09	-0.941575
3.20432e-09	-0.93707
3.20593e-09	-0.932013
3.20755e-09	-0.926408
3.20916e-09	-0.920258
3.21077e-09	-0.913568
3.21238e-09	-0.906343
3.214e-09	-0.898589
3.21561e-09	-0.89031
3.21722e-09	-0.881513
3.21883e-09	-0.872203
3.22044e-09	-0.862387
3.22206e-09	-0.852072
3.22367e-09	-0.841265
3.22528e-09	-0.829973
3.22689e-09	-0.818203
3.22851e-09	-0.805965
3.23012e-09	-0.793264
3.23173e-09	-0.780112
3.23334e-09	-0.766515
3.23495e-09	-0.752482
3.23657e-09	-0.738024
3.23818e-09	-0.72315
3.23979e-09	-0.707869
3.2414e-09	-0.692191
3.24302e-09	-0.676126
3.24463e-09	-0.659685
3.24624e-09	-0.642879
3.24785e-09	-0.625717
3.24946e-09	-0.608212
3.25108e-09	-0.590374
3.25269e-09	-0.572216
3.2543e-09	-0.553747
3.25591e-09	-0.534981
3.25753e-09	-0.515929
3.25914e-09	-0.496603
3.26075e-09	-0.477015
3.26236e-09	-0.457178
3.26398e-09	-0.437104
3.26559e-09	-0.416806
3.2672e-09	-0.396297
3.26881e-09	-0.375588
3.27042e-09	-0.354695
3.27204e-09	-0.333628
3.27365e-09	-0.312402
3.27526e-09	-0.29103
3.27687e-09	-0.269524
3.27849e-09	-0.247899
3.2801e-09	-0.226167
3.28171e-09	-0.204342
3.28332e-09	-0.182438
3.28493e-09	-0.160467
3.28655e-09	-0.138443
3.28816e-09	-0.116381
3.28977e-09	-0.0942924
3.29138e-09	-0.0721917
3.293e-09	-0.0500921
3.29461e-09	-0.028007
3.29622e-09	-0.00594988
3.29783e-09	0.016066
3.29944e-09	0.0380273
3.30106e-09	0.0599208
3.30267e-09	0.0817334
3.30428e-09	0.103452
3.30589e-09	0.125064
3.30751e-09	0.146555
3.30912e-09	0.167914
3.31073e-09	0.189128
3.31234e-09	0.210183
3.31395e-09	0.231069
3.31557e-09	0.251771
3.31718e-09	0.272279
3.31879e-09	0.292579
3.3204e-09	0.312661
3.32202e-09	0.332512
3.32363e-09	0.352121
3.32524e-09	0.371476
3.32685e-09	0.390567
3.32846e-09	0.409382
3.33008e-09	0.427911
3.33169e-09	0.446142
3.3333e-09	0.464066
3.33491e-09	0.481672
3.33653e-09	0.498951
3.33814e-09	0.515891
3.33975e-09	0.532485
3.34136e-09	0.548723
3.34297e-09	0.564595
3.34459e-09	0.580093
3.3462e-09	0.595209
3.34781e-09	0.609934
3.34942e-09	0.624259
3.35104e-09	0.638178
3.35265e-09	0.651683
3.35426e-09	0.664766
3.35587e-09	0.67742
3.35748e-09	0.68964
3.3591e-09	0.701418
3.36071e-09	0.712749
3.36232e-09	0.723626
3.36393e-09	0.734045
3.36555e-09	0.743999
3.36716e-09	0.753485
3.36877e-09	0.762497
3.37038e-09	0.771031
3.37199e-09	0.779083
3.37361e-09	0.78665
3.37522e-09	0.793728
3.37683e-09	0.800313
3.37844e-09	0.806404
3.38006e-09	0.811998
3.38167e-09	0.817092
3.38328e-09	0.821686
3.38489e-09	0.825776
3.38651e-09	0.829363
3.38812e-09	0.832445
3.38973e-09	0.835022
3.39134e-09	0.837094
3.39295e-09	0.838659
3.39457e-09	0.83972
3.39618e-09	0.840277
3.39779e-09	0.84033
3.3994e-09	0.839881
3.40102e-09	0.838931
3.40263e-09	0.837483
3.40424e-09	0.835539
3.40585e-09	0.8331
3.40746e-09	0.830171
3.40908e-09	0.826754
3.41069e-09	0.822853
3.4123e-09	0.818471
3.41391e-09	0.813612
3.41553e-09	0.80828
3.41714e-09	0.802481
3.41875e-09	0.796219
3.42036e-09	0.789498
3.42197e-09	0.782325
3.42359e-09	0.774705
3.4252e-09	0.766644
3.42681e-09	0.758148
3.42842e-09	0.749223
3.43004e-09	0.739877
3.43165e-09	0.730115
3.43326e-09	0.719946
3.43487e-09	0.709376
3.43648e-09	0.698414
3.4381e-09	0.687066
3.43971e-09	0.675341
3.44132e-09	0.663248
3.44293e-09	0.650793
3.44455e-09	0.637988
3.44616e-09	0.624839
3.44777e-09	0.611356
3.44938e-09	0.597549
3.45099e-09	0.583426
3.45261e-09	0.568998
3.45422e-09	0.554273
3.45583e-09	0.539262
3.45744e-09	0.523975
3.45906e-09	0.508422
3.46067e-09	0.492613
3.46228e-09	0.476558
3.46389e-09	0.460269
3.4655e-09	0.443755
3.46712e-09	0.427028
3.46873e-09	0.410098
3.47034e-09	0.392976
3.47195e-09	0.375673
3.47357e-09	0.358201
3.47518e-09	0.34057
3.47679e-09	0.322792
3.4784e-09	0.304878
3.48001e-09	0.286839
3.48163e-09	0.268687
3.48324e-09	0.250433
3.48485e-09	0.232088
3.48646e-09	0.213665
3.48808e-09	0.195174
3.48969e-09	0.176627
3.4913e-09	0.158035
3.49291e-09	0.13941
3.49453e-09	0.120763
3.49614e-09	0.102106
3.49775e-09	0.0834506
3.49936e-09	0.0648072
3.50097e-09	0.0461875
3.50259e-09	0.0276028
3.5042e-09	0.00906432
3.50581e-09	-0.00941688
3.50742e-09	-0.0278297
3.50904e-09	-0.0461632
3.51065e-09	-0.0644065
3.51226e-09	-0.0825488
3.51387e-09	-0.100579
3.51548e-09	-0.118488
3.5171e-09	-0.136263
3.51871e-09	-0.153895
3.52032e-09	-0.171374
3.52193e-09	-0.18869
3.52355e-09	-0.205831
3.52516e-09	-0.22279
3.52677e-09	-0.239556
3.52838e-09	-0.256119
3.52999e-09	-0.27247
3.53161e-09	-0.2886
3.53322e-09	-0.3045
3.53483e-09	-0.320161
3.53644e-09	-0.335574
3.53806e-09	-0.350731
3.53967e-09	-0.365623
3.54128e-09	-0.380243
3.54289e-09	-0.394582
3.5445e-09	-0.408633
3.54612e-09	-0.422388
3.54773e-09	-0.43584
3.54934e-09	-0.448982
3.55095e-09	-0.461807
3.55257e-09	-0.474308
3.55418e-09	-0.486479
3.55579e-09	-0.498313
3.5574e-09	-0.509805
3.55901e-09	-0.520949
3.56063e-09	-0.53174
3.56224e-09	-0.542172
3.56385e-09	-0.55224
3.56546e-09	-0.561939
3.56708e-09	-0.571265
3.56869e-09	-0.580214
3.5703e-09	-0.588781
3.57191e-09	-0.596963
3.57352e-09	-0.604757
3.57514e-09	-0.612158
3.57675e-09	-0.619164
3.57836e-09	-0.625772
3.57997e-09	-0.631981
3.58159e-09	-0.637786
3.5832e-09	-0.643187
3.58481e-09	-0.648182
3.58642e-09	-0.652769
3.58803e-09	-0.656947
3.58965e-09	-0.660715
3.59126e-09	-0.664073
3.59287e-09	-0.667019
3.59448e-09	-0.669554
3.5961e-09	-0.671678
3.59771e-09	-0.673392
3.59932e-09	-0.674695
3.60093e-09	-0.675588
3.60254e-09	-0.676073
3.60416e-09	-0.676151
3.60577e-09	-0.675824
3.60738e-09	-0.675093
3.60899e-09	-0.673961
3.61061e-09	-0.672429
3.61222e-09	-0.670501
3.61383e-09	-0.668178
3.61544e-09	-0.665465
3.61706e-09	-0.662364
3.61867e-09	-0.658879
3.62028e-09	-0.655013
3.62189e-09	-0.650771
3.6235e-09	-0.646157
3.62512e-09	-0.641174
3.62673e-09	-0.635827
3.62834e-09	-0.630122
3.62995e-09	-0.624063
3.63157e-09	-0.617656
3.63318e-09	-0.610905
3.63479e-09	-0.603816
3.6364e-09	-0.596396
3.63801e-09	-0.588649
3.63963e-09	-0.580582
3.64124e-09	-0.572202
3.64285e-09	-0.563514
3.64446e-09	-0.554526
3.64608e-09	-0.545244
3.64769e-09	-0.535674
3.6493e-09	-0.525825
3.65091e-09	-0.515703
3.65252e-09	-0.505316
3.65414e-09	-0.494671
3.65575e-09	-0.483775
3.65736e-09	-0.472637
3.65897e-09	-0.461264
3.66059e-09	-0.449665
3.6622e-09	-0.437847
3.66381e-09	-0.425818
3.66542e-09	-0.413587
3.66703e-09	-0.401162
3.66865e-09	-0.388551
3.67026e-09	-0.375764
3.67187e-09	-0.362808
3.67348e-09	-0.349693
3.6751e-09	-0.336426
3.67671e-09	-0.323017
3.67832e-09	-0.309475
3.67993e-09	-0.295808
3.68154e-09	-0.282026
3.68316e-09	-0.268137
3.68477e-09	-0.254149
3.68638e-09	-0.240074
3.68799e-09	-0.225918
3.68961e-09	-0.211692
3.69122e-09	-0.197403
3.69283e-09	-0.183062
3.69444e-09	-0.168678
3.69605e-09	-0.154258
3.69767e-09	-0.139813
3.69928e-09	-0.12535
3.70089e-09	-0.11088
3.7025e-09	-0.0964104
3.70412e-09	-0.0819506
3.70573e-09	-0.0675093
3.70734e-09	-0.0530952
3.70895e-09	-0.0387171
3.71056e-09	-0.0243834
3.71218e-09	-0.0101028
3.71379e-09	0.00411628
3.7154e-09	0.0182654
3.71701e-09	0.0323363
3.71863e-09	0.0463207
3.72024e-09	0.0602106
3.72185e-09	0.0739977
3.72346e-09	0.0876743
3.72508e-09	0.101233
3.72669e-09	0.114665
3.7283e-09	0.127963
3.72991e-09	0.14112
3.73152e-09	0.154129
3.73314e-09	0.166981
3.73475e-09	0.179671
3.73636e-09	0.192191
3.73797e-09	0.204535
3.73959e-09	0.216694
3.7412e-09	0.228664
3.74281e-09	0.240438
3.74442e-09	0.252009
3.74603e-09	0.263372
3.74765e-09	0.274519
3.74926e-09	0.285447
3.75087e-09	0.296149
3.75248e-09	0.306619
3.7541e-09	0.316853
3.75571e-09	0.326845
3.75732e-09	0.33659
3.75893e-09	0.346084
3.76054e-09	0.355323
3.76216e-09	0.364301
3.76377e-09	0.373014
3.76538e-09	0.381459
3.76699e-09	0.389632
3.76861e-09	0.397529
3.77022e-09	0.405147
3.77183e-09	0.412482
3.77344e-09	0.419532
3.77505e-09	0.426293
3.77667e-09	0.432763
3.77828e-09	0.438939
3.77989e-09	0.44482
3.7815e-09	0.450402
3.78312e-09	0.455685
3.78473e-09	0.460666
3.78634e-09	0.465345
3.78795e-09	0.469718
3.78956e-09	0.473787
3.79118e-09	0.477549
3.79279e-09	0.481004
3.7944e-09	0.484151
3.79601e-09	0.486991
3.79763e-09	0.489523
3.79924e-09	0.491746
3.80085e-09	0.493662
3.80246e-09	0.495271
3.80407e-09	0.496573
3.80569e-09	0.497569
3.8073e-09	0.498261
3.80891e-09	0.498649
3.81052e-09	0.498734
3.81214e-09	0.49852
3.81375e-09	0.498006
3.81536e-09	0.497195
3.81697e-09	0.496089
3.81858e-09	0.49469
3.8202e-09	0.493002
3.82181e-09	0.491025
3.82342e-09	0.488764
3.82503e-09	0.486221
3.82665e-09	0.483399
3.82826e-09	0.480301
3.82987e-09	0.476931
3.83148e-09	0.473292
3.83309e-09	0.469389
3.83471e-09	0.465224
3.83632e-09	0.460802
3.83793e-09	0.456127
3.83954e-09	0.451203
3.84116e-09	0.446034
3.84277e-09	0.440626
3.84438e-09	0.434983
3.84599e-09	0.429109
3.84761e-09	0.423009
3.84922e-09	0.416689
3.85083e-09	0.410153
3.85244e-09	0.403407
3.85405e-09	0.396456
3.85567e-09	0.389305
3.85728e-09	0.38196
3.85889e-09	0.374427
3.8605e-09	0.36671
3.86212e-09	0.358817
3.86373e-09	0.350752
3.86534e-09	0.342523
3.86695e-09	0.334133
3.86856e-09	0.325591
3.87018e-09	0.316901
3.87179e-09	0.30807
3.8734e-09	0.299105
3.87501e-09	0.290011
3.87663e-09	0.280794
3.87824e-09	0.271462
3.87985e-09	0.262021
3.88146e-09	0.252476
3.88307e-09	0.242835
3.88469e-09	0.233103
3.8863e-09	0.223288
3.88791e-09	0.213396
3.88952e-09	0.203433
3.89114e-09	0.193406
3.89275e-09	0.183322
3.89436e-09	0.173186
3.89597e-09	0.163006
3.89758e-09	0.152788
3.8992e-09	0.142538
3.90081e-09	0.132263
3.90242e-09	0.12197
3.90403e-09	0.111665
3.90565e-09	0.101353
3.90726e-09	0.0910426
3.90887e-09	0.0807388
3.91048e-09	0.0704482
3.91209e-09	0.060177
3.91371e-09	0.0499314
3.91532e-09	0.0397176
3.91693e-09	0.0295416
3.91854e-09	0.0194094
3.92016e-09	0.00932699
3.92177e-09	-0.000699707
3.92338e-09	-0.0106649
3.92499e-09	-0.0205628
3.9266e-09	-0.0303878
3.92822e-09	-0.0401343
3.92983e-09	-0.0497968
3.93144e-09	-0.0593698
3.93305e-09	-0.068848
3.93467e-09	-0.0782263
3.93628e-09	-0.0874993
3.93789e-09	-0.0966621
3.9395e-09	-0.10571
3.94111e-09	-0.114637
3.94273e-09	-0.12344
3.94434e-09	-0.132114
3.94595e-09	-0.140653
3.94756e-09	-0.149055
3.94918e-09	-0.157313
3.95079e-09	-0.165425
3.9524e-09	-0.173386
3.95401e-09	-0.181191
3.95562e-09	-0.188839
3.95724e-09	-0.196323
3.95885e-09	-0.203642
3.96046e-09	-0.210792
3.96207e-09	-0.217768
3.96369e-09	-0.224569
3.9653e-09	-0.231191
3.96691e-09	-0.23763
3.96852e-09	-0.243885
3.97014e-09	-0.249952
3.97175e-09	-0.25583
3.97336e-09	-0.261515
3.97497e-09	-0.267005
3.97658e-09	-0.272299
3.9782e-09	-0.277393
3.97981e-09	-0.282287
3.98142e-09	-0.286979
3.98303e-09	-0.291466
3.98465e-09	-0.295749
3.98626e-09	-0.299824
3.98787e-09	-0.303691
3.98948e-09	-0.30735
3.99109e-09	-0.310799
3.99271e-09	-0.314037
3.99432e-09	-0.317064
3.99593e-09	-0.319879
3.99754e-09	-0.322482
3.99916e-09	-0.324872
4.00077e-09	-0.327051
4.00238e-09	-0.329017
4.00399e-09	-0.33077
4.0056e-09	-0.332312
4.00722e-09	-0.333643
4.00883e-09	-0.334763
4.01044e-09	-0.335672
4.01205e-09	-0.336373
4.01367e-09	-0.336865
4.01528e-09	-0.33715
4.01689e-09	-0.337228
4.0185e-09	-0.337102
4.02011e-09	-0.336773
4.02173e-09	-0.336242
4.02334e-09	-0.33551
4.02495e-09	-0.334581
4.02656e-09	-0.333455
4.02818e-09	-0.332135
4.02979e-09	-0.330622
4.0314e-09	-0.32892
4.03301e-09	-0.327029
4.03462e-09	-0.324954
4.03624e-09	-0.322696
4.03785e-09	-0.320257
4.03946e-09	-0.317642
4.04107e-09	-0.314851
4.04269e-09	-0.311889
4.0443e-09	-0.308759
4.04591e-09	-0.305462
4.04752e-09	-0.302004
4.04913e-09	-0.298386
4.05075e-09	-0.294612
4.05236e-09	-0.290686
4.05397e-09	-0.286611
4.05558e-09	-0.28239
4.0572e-09	-0.278027
4.05881e-09	-0.273527
4.06042e-09	-0.268891
4.06203e-09	-0.264126
4.06364e-09	-0.259233
4.06526e-09	-0.254217
4.06687e-09	-0.249083
4.06848e-09	-0.243833
4.07009e-09	-0.238473
4.07171e-09	-0.233005
4.07332e-09	-0.227435
4.07493e-09	-0.221766
4.07654e-09	-0.216003
4.07816e-09	-0.21015
4.07977e-09	-0.204211
4.08138e-09	-0.19819
4.08299e-09	-0.192091
4.0846e-09	-0.18592
4.08622e-09	-0.17968
4.08783e-09	-0.173375
4.08944e-09	-0.167011
4.09105e-09	-0.16059
4.09267e-09	-0.154119
4.09428e-09	-0.1476
4.09589e-09	-0.141039
4.0975e-09	-0.134439
4.09911e-09	-0.127806
4.10073e-09	-0.121143
4.10234e-09	-0.114454
4.10395e-09	-0.107745
4.10556e-09	-0.101019
4.10718e-09	-0.094281
4.10879e-09	-0.0875345
4.1104e-09	-0.0807842
4.11201e-09	-0.0740342
4.11362e-09	-0.0672886
4.11524e-09	-0.0605516
4.11685e-09	-0.0538273
4.11846e-09	-0.0471198
4.12007e-09	-0.040433
4.12169e-09	-0.033771
4.1233e-09	-0.0271376
4.12491e-09	-0.0205369
4.12652e-09	-0.0139725
4.12813e-09	-0.00744834
4.12975e-09	-0.000968116
4.13136e-09	0.00546449
4.13297e-09	0.0118459
4.13458e-09	0.0181724
4.1362e-09	0.0244407
4.13781e-09	0.0306472
4.13942e-09	0.0367886
4.14103e-09	0.0428615
4.14264e-09	0.0488627
4.14426e-09	0.0547891
4.14587e-09	0.0606375
4.14748e-09	0.0664049
4.14909e-09	0.0720884
4.15071e-09	0.077685
4.15232e-09	0.0831919
4.15393e-09	0.0886065
4.15554e-09	0.093926
4.15715e-09	0.0991479
4.15877e-09	0.10427
4.16038e-09	0.109289
4.16199e-09	0.114203
4.1636e-09	0.119011
4.16522e-09	0.123709
4.16683e-09	0.128295
4.16844e-09	0.132769
4.17005e-09	0.137127
4.17166e-09	0.141368
4.17328e-09	0.145491
4.17489e-09	0.149492
4.1765e-09	0.153372
4.17811e-09	0.157129
4.17973e-09	0.160761
4.18134e-09	0.164266
4.18295e-09	0.167644
4.18456e-09	0.170894
4.18617e-09	0.174015
4.18779e-09	0.177005
4.1894e-09	0.179864
4.19101e-09	0.182591
4.19262e-09	0.185185
4.19424e-09	0.187646
4.19585e-09	0.189973
4.19746e-09	0.192166
4.19907e-09	0.194225
4.20069e-09	0.196149
4.2023e-09	0.197939
4.20391e-09	0.199594
4.20552e-09	0.201113
4.20713e-09	0.202499
4.20875e-09	0.203749
4.21036e-09	0.204866
4.21197e-09	0.205849
4.21358e-09	0.206698
4.2152e-09	0.207414
4.21681e-09	0.207999
4.21842e-09	0.208451
4.22003e-09	0.208773
4.22164e-09	0.208965
4.22326e-09	0.209028
4.22487e-09	0.208963
4.22648e-09	0.208771
4.22809e-09	0.208453
4.22971e-09	0.20801
4.23132e-09	0.207445
4.23293e-09	0.206757
4.23454e-09	0.205948
4.23615e-09	0.20502
4.23777e-09	0.203975
4.23938e-09	0.202814
4.24099e-09	0.201538
4.2426e-09	0.20015
4.24422e-09	0.19865
4.24583e-09	0.197042
4.24744e-09	0.195327
4.24905e-09	0.193506
4.25066e-09	0.191582
4.25228e-09	0.189557
4.25389e-09	0.187433
4.2555e-09	0.185211
4.25711e-09	0.182895
4.25873e-09	0.180487
4.26034e-09	0.177988
4.26195e-09	0.175401
4.26356e-09	0.172728
4.26517e-09	0.169972
4.26679e-09	0.167135
4.2684e-09	0.164219
4.27001e-09	0.161227
4.27162e-09	0.158162
4.27324e-09	0.155026
4.27485e-09	0.151821
4.27646e-09	0.14855
4.27807e-09	0.145215
4.27968e-09	0.14182
4.2813e-09	0.138367
4.28291e-09	0.134858
4.28452e-09	0.131297
4.28613e-09	0.127685
4.28775e-09	0.124025
4.28936e-09	0.12032
4.29097e-09	0.116574
4.29258e-09	0.112788
4.29419e-09	0.108964
4.29581e-09	0.105107
4.29742e-09	0.101218
4.29903e-09	0.0973008
4.30064e-09	0.0933571
4.30226e-09	0.08939
4.30387e-09	0.0854021
4.30548e-09	0.081396
4.30709e-09	0.0773745
4.30871e-09	0.0733401
4.31032e-09	0.0692956
4.31193e-09	0.0652433
4.31354e-09	0.0611861
4.31515e-09	0.0571264
4.31677e-09	0.0530667
4.31838e-09	0.0490097
4.31999e-09	0.0449578
4.3216e-09	0.0409134
4.32322e-09	0.0368791
4.32483e-09	0.0328573
4.32644e-09	0.0288503
4.32805e-09	0.0248605
4.32966e-09	0.0208903
4.33128e-09	0.016942
4.33289e-09	0.0130178
4.3345e-09	0.00911992
4.33611e-09	0.00525064
4.33773e-09	0.00141208
4.33934e-09	-0.00239362
4.34095e-09	-0.00616439
4.34256e-09	-0.00989818
4.34417e-09	-0.013593
4.34579e-09	-0.0172469
4.3474e-09	-0.0208579
4.34901e-09	-0.0244242
4.35062e-09	-0.0279439
4.35224e-09	-0.0314152
4.35385e-09	-0.0348365
4.35546e-09	-0.038206
4.35707e-09	-0.0415221
4.35868e-09	-0.0447831
4.3603e-09	-0.0479876
4.36191e-09	-0.0511341
4.36352e-09	-0.054221
4.36513e-09	-0.057247
4.36675e-09	-0.0602108
4.36836e-09	-0.063111
4.36997e-09	-0.0659465
4.37158e-09	-0.0687159
4.37319e-09	-0.0714183
4.37481e-09	-0.0740524
4.37642e-09	-0.0766173
4.37803e-09	-0.079112
4.37964e-09	-0.0815355
4.38126e-09	-0.083887
4.38287e-09	-0.0861657
4.38448e-09	-0.0883708
4.38609e-09	-0.0905015
4.3877e-09	-0.0925573
4.38932e-09	-0.0945374
4.39093e-09	-0.0964415
4.39254e-09	-0.0982689
4.39415e-09	-0.100019
4.39577e-09	-0.101692
4.39738e-09	-0.103287
4.39899e-09	-0.104804
4.4006e-09	-0.106242
4.40221e-09	-0.107602
4.40383e-09	-0.108884
4.40544e-09	-0.110086
4.40705e-09	-0.11121
4.40866e-09	-0.112255
4.41028e-09	-0.113222
4.41189e-09	-0.114109
4.4135e-09	-0.114919
4.41511e-09	-0.11565
4.41672e-09	-0.116303
4.41834e-09	-0.116879
4.41995e-09	-0.117377
4.42156e-09	-0.117799
4.42317e-09	-0.118144
4.42479e-09	-0.118413
4.4264e-09	-0.118607
4.42801e-09	-0.118726
4.42962e-09	-0.11877
4.43124e-09	-0.118742
4.43285e-09	-0.11864
4.43446e-09	-0.118466
4.43607e-09	-0.118221
4.43768e-09	-0.117906
4.4393e-09	-0.117521
4.44091e-09	-0.117067
4.44252e-09	-0.116545
4.44413e-09	-0.115957
4.44575e-09	-0.115302
4.44736e-09	-0.114583
4.44897e-09	-0.1138
4.45058e-09	-0.112955
4.45219e-09	-0.112047
4.45381e-09	-0.11108
4.45542e-09	-0.110053
4.45703e-09	-0.108968
4.45864e-09	-0.107826
4.46026e-09	-0.106629
4.46187e-09	-0.105378
4.46348e-09	-0.104073
4.46509e-09	-0.102717
4.4667e-09	-0.101311
4.46832e-09	-0.0998552
4.46993e-09	-0.0983523
4.47154e-09	-0.0968032
4.47315e-09	-0.0952093
4.47477e-09	-0.0935721
4.47638e-09	-0.091893
4.47799e-09	-0.0901734
4.4796e-09	-0.0884149
4.48121e-09	-0.0866189
4.48283e-09	-0.0847868
4.48444e-09	-0.0829203
4.48605e-09	-0.0810207
4.48766e-09	-0.0790897
4.48928e-09	-0.0771286
4.49089e-09	-0.0751391
4.4925e-09	-0.0731226
4.49411e-09	-0.0710807
4.49572e-09	-0.0690149
4.49734e-09	-0.0669268
4.49895e-09	-0.0648178
4.50056e-09	-0.0626895
4.50217e-09	-0.0605434
4.50379e-09	-0.0583811
4.5054e-09	-0.0562039
4.50701e-09	-0.0540136
4.50862e-09	-0.0518115
4.51023e-09	-0.0495991
4.51185e-09	-0.047378
4.51346e-09	-0.0451497
4.51507e-09	-0.0429155
4.51668e-09	-0.040677
4.5183e-09	-0.0384356
4.51991e-09	-0.0361927
4.52152e-09	-0.0339498
4.52313e-09	-0.0317083
4.52474e-09	-0.0294695
4.52636e-09	-0.0272348
4.52797e-09	-0.0250057
4.52958e-09	-0.0227834
4.53119e-09	-0.0205693
4.53281e-09	-0.0183647
4.53442e-09	-0.0161709
4.53603e-09	-0.0139891
4.53764e-09	-0.0118207
4.53926e-09	-0.00966671
4.54087e-09	-0.0075285
4.54248e-09	-0.00540722
4.54409e-09	-0.00330403
4.5457e-09	-0.00122007
4.54732e-09	0.000843548
4.54893e-09	0.00288572
4.55054e-09	0.00490539
4.55215e-09	0.00690151
4.55377e-09	0.00887306
4.55538e-09	0.010819
4.55699e-09	0.0127385
4.5586e-09	0.0146305
4.56021e-09	0.0164941
4.56183e-09	0.0183285
4.56344e-09	0.0201327
4.56505e-09	0.021906
4.56666e-09	0.0236475
4.56828e-09	0.0253565
4.56989e-09	0.0270322
4.5715e-09	0.028674
4.57311e-09	0.0302811
4.57472e-09	0.0318528
4.57634e-09	0.0333886
4.57795e-09	0.0348879
4.57956e-09	0.03635
4.58117e-09	0.0377744
4.58279e-09	0.0391607
4.5844e-09	0.0405083
4.58601e-09	0.0418168
4.58762e-09	0.0430858
4.58923e-09	0.0443149
4.59085e-09	0.0455037
4.59246e-09	0.0466518
4.59407e-09	0.0477591
4.59568e-09	0.0488251
4.5973e-09	0.0498497
4.59891e-09	0.0508327
4.60052e-09	0.0517738
4.60213e-09	0.0526729
4.60374e-09	0.0535299
4.60536e-09	0.0543446
4.60697e-09	0.055117
4.60858e-09	0.0558471
4.61019e-09	0.0565348
4.61181e-09	0.0571802
4.61342e-09	0.0577832
4.61503e-09	0.058344
4.61664e-09	0.0588626
4.61825e-09	0.0593391
4.61987e-09	0.0597737
4.62148e-09	0.0601665
4.62309e-09	0.0605178
4.6247e-09	0.0608278
4.62632e-09	0.0610966
4.62793e-09	0.0613247
4.62954e-09	0.0615121
4.63115e-09	0.0616593
4.63276e-09	0.0617666
4.63438e-09	0.0618344
4.63599e-09	0.061863
4.6376e-09	0.0618528
4.63921e-09	0.0618042
4.64083e-09	0.0617177
4.64244e-09	0.0615938
4.64405e-09	0.0614328
4.64566e-09	0.0612354
4.64727e-09	0.061002
4.64889e-09	0.0607331
4.6505e-09	0.0604294
4.65211e-09	0.0600913
4.65372e-09	0.0597195
4.65534e-09	0.0593145
4.65695e-09	0.058877
4.65856e-09	0.0584076
4.66017e-09	0.0579069
4.66179e-09	0.0573755
4.6634e-09	0.0568143
4.66501e-09	0.0562237
4.66662e-09	0.0556046
4.66823e-09	0.0549576
4.66985e-09	0.0542834
4.67146e-09	0.0535827
4.67307e-09	0.0528563
4.67468e-09	0.052105
4.6763e-09	0.0513294
4.67791e-09	0.0505303
4.67952e-09	0.0497085
4.68113e-09	0.0488647
4.68274e-09	0.0479998
4.68436e-09	0.0471144
4.68597e-09	0.0462095
4.68758e-09	0.0452857
4.68919e-09	0.0443438
4.69081e-09	0.0433847
4.69242e-09	0.0424092
4.69403e-09	0.041418
4.69564e-09	0.0404119
4.69725e-09	0.0393918
4.69887e-09	0.0383585
4.70048e-09	0.0373126
4.70209e-09	0.0362552
4.7037e-09	0.0351869
4.70532e-09	0.0341085
4.70693e-09	0.0330208
4.70854e-09	0.0319247
4.71015e-09	0.0308209
4.71176e-09	0.0297103
4.71338e-09	0.0285934
4.71499e-09	0.0274713
4.7166e-09	0.0263446
4.71821e-09	0.0252141
4.71983e-09	0.0240805
4.72144e-09	0.0229446
4.72305e-09	0.0218072
4.72466e-09	0.020669
4.72627e-09	0.0195307
4.72789e-09	0.0183931
4.7295e-09	0.0172568
4.73111e-09	0.0161226
4.73272e-09	0.0149911
4.73434e-09	0.0138631
4.73595e-09	0.0127392
4.73756e-09	0.0116201
4.73917e-09	0.0105065
4.74078e-09	0.00939892
4.7424e-09	0.0082981
4.74401e-09	0.00720464
4.74562e-09	0.00611914
4.74723e-09	0.0050422
4.74885e-09	0.00397441
4.75046e-09	0.00291634
4.75207e-09	0.00186856
4.75368e-09	0.00083161
4.75529e-09	-0.000193966
4.75691e-09	-0.00120765
4.75852e-09	-0.00220893
4.76013e-09	-0.00319732
4.76174e-09	-0.00417233
4.76336e-09	-0.0051335
4.76497e-09	-0.00608037
4.76658e-09	-0.00701251
4.76819e-09	-0.00792949
4.7698e-09	-0.00883089
4.77142e-09	-0.00971634
4.77303e-09	-0.0105854
4.77464e-09	-0.0114378
4.77625e-09	-0.0122732
4.77787e-09	-0.0130911
4.77948e-09	-0.0138914
4.78109e-09	-0.0146736
4.7827e-09	-0.0154375
4.78432e-09	-0.0161828
4.78593e-09	-0.0169093
4.78754e-09	-0.0176167
4.78915e-09	-0.0183048
4.79076e-09	-0.0189734
4.79238e-09	-0.0196222
4.79399e-09	-0.0202511
4.7956e-09	-0.02086
4.79721e-09	-0.0214486
4.79883e-09	-0.0220168
4.80044e-09	-0.0225646
4.80205e-09	-0.0230917
4.80366e-09	-0.0235981
4.80527e-09	-0.0240838
4.80689e-09	-0.0245486
4.8085e-09	-0.0249925
4.81011e-09	-0.0254154
4.81172e-09	-0.0258174
4.81334e-09	-0.0261984
4.81495e-09	-0.0265585
4.81656e-09	-0.0268976
4.81817e-09	-0.0272158
4.81978e-09	-0.0275131
4.8214e-09	-0.0277895
4.82301e-09	-0.0280453
4.82462e-09	-0.0282803
4.82623e-09	-0.0284948
4.82785e-09	-0.0286888
4.82946e-09	-0.0288624
4.83107e-09	-0.0290159
4.83268e-09	-0.0291492
4.83429e-09	-0.0292626
4.83591e-09	-0.0293563
4.83752e-09	-0.0294304
4.83913e-09	-0.0294851
4.84074e-09	-0.0295205
4.84236e-09	-0.029537
4.84397e-09	-0.0295347
4.84558e-09	-0.0295138
4.84719e-09	-0.0294747
4.8488e-09	-0.0294174
4.85042e-09	-0.0293423
4.85203e-09	-0.0292497
4.85364e-09	-0.0291398
4.85525e-09	-0.0290128
4.85687e-09	-0.0288691
4.85848e-09	-0.028709
4.86009e-09	-0.0285328
4.8617e-09	-0.0283407
4.86331e-09	-0.0281331
4.86493e-09	-0.0279103
4.86654e-09	-0.0276727
4.86815e-09	-0.0274205
4.86976e-09	-0.0271541
4.87138e-09	-0.0268738
4.87299e-09	-0.0265801
4.8746e-09	-0.0262732
4.87621e-09	-0.0259534
4.87782e-09	-0.0256213
4.87944e-09	-0.025277
4.88105e-09	-0.0249211
4.88266e-09	-0.0245538
4.88427e-09	-0.0241755
4.88589e-09	-0.0237867
4.8875e-09	-0.0233876
4.88911e-09	-0.0229787
4.89072e-09	-0.0225603
4.89234e-09	-0.0221329
4.89395e-09	-0.0216968
4.89556e-09	-0.0212524
4.89717e-09	-0.0208001
4.89878e-09	-0.0203402
4.9004e-09	-0.0198732
4.90201e-09	-0.0193995
4.90362e-09	-0.0189194
4.90523e-09	-0.0184333
4.90685e-09	-0.0179417
4.90846e-09	-0.0174448
4.91007e-09	-0.0169431
4.91168e-09	-0.016437
4.91329e-09	-0.0159267
4.91491e-09	-0.0154128
4.91652e-09	-0.0148956
4.91813e-09	-0.0143755
4.91974e-09	-0.0138528
4.92136e-09	-0.0133278
4.92297e-09	-0.0128011
4.92458e-09	-0.0122728
4.92619e-09	-0.0117435
4.9278e-09	-0.0112133
4.92942e-09	-0.0106828
4.93103e-09	-0.0101521
4.93264e-09	-0.00962179
4.93425e-09	-0.00909204
4.93587e-09	-0.00856323
4.93748e-09	-0.00803569
4.93909e-09	-0.00750974
4.9407e-09	-0.00698569
4.94231e-09	-0.00646386
4.94393e-09	-0.00594455
4.94554e-09	-0.00542808
4.94715e-09	-0.00491473
4.94876e-09	-0.00440479
4.95038e-09	-0.00389855
4.95199e-09	-0.00339629
4.9536e-09	-0.00289828
4.95521e-09	-0.00240478
4.95682e-09	-0.00191606
4.95844e-09	-0.00143237
4.96005e-09	-0.00095396
4.96166e-09	-0.000481063
4.96327e-09	-1.39171e-05
4.96489e-09	0.000447251
4.9665e-09	0.000902219
4.96811e-09	0.00135078
4.96972e-09	0.00179271
4.97133e-09	0.00222783
4.97295e-09	0.00265594
4.97456e-09	0.00307685
4.97617e-09	0.00349038
4.97778e-09	0.00389636
4.9794e-09	0.00429463
4.98101e-09	0.00468503
4.98262e-09	0.00506742
4.98423e-09	0.00544163
4.98584e-09	0.00580755
4.98746e-09	0.00616504
4.98907e-09	0.00651397
4.99068e-09	0.00685424
4.99229e-09	0.00718574
4.99391e-09	0.00750837
4.99552e-09	0.00782203
4.99713e-09	0.00812663
4.99874e-09	0.00842211
5.00035e-09	0.00870838
5.00197e-09	0.00898538
5.00358e-09	0.00925305
5.00519e-09	0.00951135
5.0068e-09	0.00976022
5.00842e-09	0.00999963
5.01003e-09	0.0102295
5.01164e-09	0.0104499
5.01325e-09	0.0106608
5.01487e-09	0.0108621
5.01648e-09	0.0110539
5.01809e-09	0.0112361
5.0197e-09	0.0114087
5.02131e-09	0.0115718
5.02293e-09	0.0117255
5.02454e-09	0.0118696
5.02615e-09	0.0120043
5.02776e-09	0.0121295
5.02938e-09	0.0122454
5.03099e-09	0.0123519
5.0326e-09	0.0124492
5.03421e-09	0.0125373
5.03582e-09	0.0126162
5.03744e-09	0.012686
5.03905e-09	0.0127468
5.04066e-09	0.0127987
5.04227e-09	0.0128417
5.04389e-09	0.012876
5.0455e-09	0.0129017
5.04711e-09	0.0129188
5.04872e-09	0.0129274
5.05033e-09	0.0129276
5.05195e-09	0.0129196
5.05356e-09	0.0129035
5.05517e-09	0.0128794
5.05678e-09	0.0128474
5.0584e-09	0.0128076
5.06001e-09	0.0127602
5.06162e-09	0.0127053
5.06323e-09	0.0126431
5.06484e-09	0.0125736
5.06646e-09	0.012497
5.06807e-09	0.0124135
5.06968e-09	0.0123231
5.07129e-09	0.0122262
5.07291e-09	0.0121227
5.07452e-09	0.0120129
5.07613e-09	0.011897
5.07774e-09	0.011775
5.07935e-09	0.0116471
5.08097e-09	0.0115135
5.08258e-09	0.0113744
5.08419e-09	0.01123
5.0858e-09	0.0110803
5.08742e-09	0.0109255
5.08903e-09	0.0107659
5.09064e-09	0.0106016
5.09225e-09	0.0104328
5.09386e-09	0.0102596
5.09548e-09	0.0100822
5.09709e-09	0.00990076
5.0987e-09	0.0097155
5.10031e-09	0.00952655
5.10193e-09	0.00933411
5.10354e-09	0.00913833
5.10515e-09	0.00893939
5.10676e-09	0.00873747
5.10837e-09	0.00853273
5.10999e-09	0.00832535
5.1116e-09	0.00811549
5.11321e-09	0.00790333
5.11482e-09	0.00768904
5.11644e-09	0.00747278
5.11805e-09	0.00725472
5.11966e-09	0.00703503
5.12127e-09	0.00681388
5.12289e-09	0.00659141
5.1245e-09	0.00636781
5.12611e-09	0.00614322
5.12772e-09	0.00591782
5.12933e-09	0.00569175
5.13095e-09	0.00546517
5.13256e-09	0.00523824
5.13417e-09	0.00501111
5.13578e-09	0.00478392
5.1374e-09	0.00455684
5.13901e-09	0.00433
5.14062e-09	0.00410354
5.14223e-09	0.00387762
5.14384e-09	0.00365236
5.14546e-09	0.00342791
5.14707e-09	0.0032044
5.14868e-09	0.00298197
5.15029e-09	0.00276073
5.15191e-09	0.00254083
5.15352e-09	0.00232238
5.15513e-09	0.00210551
5.15674e-09	0.00189034
5.15835e-09	0.00167698
5.15997e-09	0.00146554
5.16158e-09	0.00125614
5.16319e-09	0.00104888
5.1648e-09	0.000843872
5.16642e-09	0.000641216
5.16803e-09	0.00044101
5.16964e-09	0.000243349
5.17125e-09	4.83284e-05
5.17286e-09	-0.000143963
5.17448e-09	-0.000333439
5.17609e-09	-0.000520015
5.1777e-09	-0.00070361
5.17931e-09	-0.000884146
5.18093e-09	-0.00106155
5.18254e-09	-0.00123575
5.18415e-09	-0.00140668
5.18576e-09	-0.00157426
5.18737e-09	-0.00173845
5.18899e-09	-0.00189918
5.1906e-09	-0.0020564
5.19221e-09	-0.00221004
5.19382e-09	-0.00236007
5.19544e-09	-0.00250644
5.19705e-09	-0.0026491
5.19866e-09	-0.00278801
5.20027e-09	-0.00292313
5.20188e-09	-0.00305444
5.2035e-09	-0.00318189
5.20511e-09	-0.00330547
5.20672e-09	-0.00342514
5.20833e-09	-0.00354088
5.20995e-09	-0.00365268
5.21156e-09	-0.00376051
5.21317e-09	-0.00386437
5.21478e-09	-0.00396424
5.21639e-09	-0.00406011
5.21801e-09	-0.00415198
5.21962e-09	-0.00423985
5.22123e-09	-0.00432371
5.22284e-09	-0.00440357
5.22446e-09	-0.00447944
5.22607e-09	-0.00455132
5.22768e-09	-0.00461922
5.22929e-09	-0.00468315
5.2309e-09	-0.00474313
5.23252e-09	-0.00479918
5.23413e-09	-0.00485132
5.23574e-09	-0.00489957
5.23735e-09	-0.00494396
5.23897e-09	-0.00498451
5.24058e-09	-0.00502125
5.24219e-09	-0.00505421
5.2438e-09	-0.00508342
5.24542e-09	-0.00510893
5.24703e-09	-0.00513076
5.24864e-09	-0.00514896
5.25025e-09	-0.00516356
5.25186e-09	-0.00517462
5.25348e-09	-0.00518217
5.25509e-09	-0.00518626
5.2567e-09	-0.00518694
5.25831e-09	-0.00518426
5.25993e-09	-0.00517826
5.26154e-09	-0.00516901
5.26315e-09	-0.00515655
5.26476e-09	-0.00514094
5.26637e-09	-0.00512224
5.26799e-09	-0.00510049
5.2696e-09	-0.00507577
5.27121e-09	-0.00504814
5.27282e-09	-0.00501764
5.27444e-09	-0.00498435
5.27605e-09	-0.00494833
5.27766e-09	-0.00490964
5.27927e-09	-0.00486834
5.28088e-09	-0.00482451
5.2825e-09	-0.0047782
5.28411e-09	-0.00472949
5.28572e-09	-0.00467844
5.28733e-09	-0.00462512
5.28895e-09	-0.0045696
5.29056e-09	-0.00451194
5.29217e-09	-0.00445223
5.29378e-09	-0.00439052
5.29539e-09	-0.00432688
5.29701e-09	-0.0042614
5.29862e-09	-0.00419413
5.30023e-09	-0.00412515
5.30184e-09	-0.00405453
5.30346e-09	-0.00398233
5.30507e-09	-0.00390864
5.30668e-09	-0.00383352
5.30829e-09	-0.00375704
5.3099e-09	-0.00367928
5.31152e-09	-0.00360029
5.31313e-09	-0.00352016
5.31474e-09	-0.00343896
5.31635e-09	-0.00335674
5.31797e-09	-0.00327359
5.31958e-09	-0.00318956
5.32119e-09	-0.00310474
5.3228e-09	-0.00301918
5.32441e-09	-0.00293295
5.32603e-09	-0.00284613
5.32764e-09	-0.00275877
5.32925e-09	-0.00267094
5.33086e-09	-0.00258271
5.33248e-09	-0.00249414
5.33409e-09	-0.0024053
5.3357e-09	-0.00231624
5.33731e-09	-0.00222703
5.33892e-09	-0.00213773
5.34054e-09	-0.0020484
5.34215e-09	-0.0019591
5.34376e-09	-0.00186989
5.34537e-09	-0.00178083
5.34699e-09	-0.00169196
5.3486e-09	-0.00160336
5.35021e-09	-0.00151506
5.35182e-09	-0.00142713
5.35344e-09	-0.00133962
5.35505e-09	-0.00125258
5.35666e-09	-0.00116605
5.35827e-09	-0.0010801
5.35988e-09	-0.000994758
5.3615e-09	-0.000910083
5.36311e-09	-0.000826117
5.36472e-09	-0.000742905
5.36633e-09	-0.00066049
5.36795e-09	-0.000578914
5.36956e-09	-0.000498219
5.37117e-09	-0.000418444
5.37278e-09	-0.000339628
5.37439e-09	-0.000261808
5.37601e-09	-0.00018502
5.37762e-09	-0.0001093
5.37923e-09	-3.46798e-05
5.38084e-09	3.88068e-05
5.38246e-09	0.000111129
5.38407e-09	0.000182257
5.38568e-09	0.000252163
5.38729e-09	0.000320818
5.3889e-09	0.000388197
5.39052e-09	0.000454274
5.39213e-09	0.000519027
5.39374e-09	0.000582433
5.39535e-09	0.000644471
5.39697e-09	0.000705121
5.39858e-09	0.000764363
5.40019e-09	0.000822182
5.4018e-09	0.00087856
5.40341e-09	0.000933484
5.40503e-09	0.000986938
5.40664e-09	0.00103891
5.40825e-09	0.00108939
5.40986e-09	0.00113837
5.41148e-09	0.00118583
5.41309e-09	0.00123177
5.4147e-09	0.00127619
5.41631e-09	0.00131908
5.41792e-09	0.00136042
5.41954e-09	0.00140023
5.42115e-09	0.00143849
5.42276e-09	0.00147521
5.42437e-09	0.00151039
5.42599e-09	0.00154402
5.4276e-09	0.00157612
5.42921e-09	0.00160667
5.43082e-09	0.00163569
5.43243e-09	0.00166318
5.43405e-09	0.00168914
5.43566e-09	0.00171359
5.43727e-09	0.00173652
5.43888e-09	0.00175796
5.4405e-09	0.00177791
5.44211e-09	0.00179637
5.44372e-09	0.00181336
5.44533e-09	0.0018289
5.44694e-09	0.00184298
5.44856e-09	0.00185564
5.45017e-09	0.00186688
5.45178e-09	0.00187671
5.45339e-09	0.00188516
5.45501e-09	0.00189224
5.45662e-09	0.00189796
5.45823e-09	0.00190235
5.45984e-09	0.00190541
5.46145e-09	0.00190718
5.46307e-09	0.00190767
5.46468e-09	0.0019069
5.46629e-09	0.00190489
5.4679e-09	0.00190166
5.46952e-09	0.00189724
5.47113e-09	0.00189164
5.47274e-09	0.00188489
5.47435e-09	0.00187701
5.47597e-09	0.00186802
5.47758e-09	0.00185796
5.47919e-09	0.00184683
5.4808e-09	0.00183467
5.48241e-09	0.0018215
5.48403e-09	0.00180734
5.48564e-09	0.00179223
5.48725e-09	0.00177618
5.48886e-09	0.00175923
5.49048e-09	0.00174139
5.49209e-09	0.0017227
5.4937e-09	0.00170317
5.49531e-09	0.00168284
5.49692e-09	0.00166174
5.49854e-09	0.00163989
5.50015e-09	0.00161731
5.50176e-09	0.00159403
5.50337e-09	0.00157008
5.50499e-09	0.00154549
5.5066e-09	0.00152029
5.50821e-09	0.00149449
5.50982e-09	0.00146813
5.51143e-09	0.00144124
5.51305e-09	0.00141383
5.51466e-09	0.00138594
5.51627e-09	0.00135759
5.51788e-09	0.00132882
5.5195e-09	0.00129963
5.52111e-09	0.00127007
5.52272e-09	0.00124016
5.52433e-09	0.00120992
5.52594e-09	0.00117938
5.52756e-09	0.00114857
5.52917e-09	0.0011175
5.53078e-09	0.00108621
5.53239e-09	0.00105471
5.53401e-09	0.00102304
5.53562e-09	0.000991216
5.53723e-09	0.000959262
5.53884e-09	0.000927203
5.54045e-09	0.00089506
5.54207e-09	0.000862858
5.54368e-09	0.000830619
5.54529e-09	0.000798364
5.5469e-09	0.000766116
5.54852e-09	0.000733897
5.55013e-09	0.000701726
5.55174e-09	0.000669625
5.55335e-09	0.000637615
5.55496e-09	0.000605715
5.55658e-09	0.000573944
5.55819e-09	0.000542323
5.5598e-09	0.000510869
5.56141e-09	0.000479601
5.56303e-09	0.000448536
5.56464e-09	0.000417693
5.56625e-09	0.000387088
5.56786e-09	0.000356737
5.56947e-09	0.000326657
5.57109e-09	0.000296864
5.5727e-09	0.000267373
5.57431e-09	0.000238197
5.57592e-09	0.000209353
5.57754e-09	0.000180853
5.57915e-09	0.000152711
5.58076e-09	0.00012494
5.58237e-09	9.75521e-05
5.58398e-09	7.05595e-05
5.5856e-09	4.39738e-05
5.58721e-09	1.78058e-05
5.58882e-09	-7.9337e-06
5.59043e-09	-3.32347e-05
5.59205e-09	-5.80875e-05
5.59366e-09	-8.2483e-05
5.59527e-09	-0.000106412
5.59688e-09	-0.000129867
5.5985e-09	-0.00015284
5.60011e-09	-0.000175324
5.60172e-09	-0.000197311
5.60333e-09	-0.000218795
5.60494e-09	-0.00023977
5.60656e-09	-0.000260231
5.60817e-09	-0.000280173
5.60978e-09	-0.00029959
5.61139e-09	-0.00031848
5.61301e-09	-0.000336837
5.61462e-09	-0.000354658
5.61623e-09	-0.000371941
5.61784e-09	-0.000388683
5.61945e-09	-0.000404882
5.62107e-09	-0.000420537
5.62268e-09	-0.000435645
5.62429e-09	-0.000450206
5.6259e-09	-0.000464219
5.62752e-09	-0.000477685
5.62913e-09	-0.000490603
5.63074e-09	-0.000502974
5.63235e-09	-0.000514799
5.63396e-09	-0.000526079
5.63558e-09	-0.000536817
5.63719e-09	-0.000547013
5.6388e-09	-0.00055667
5.64041e-09	-0.000565792
5.64203e-09	-0.000574381
5.64364e-09	-0.000582439
5.64525e-09	-0.000589972
5.64686e-09	-0.000596982
5.64847e-09	-0.000603475
5.65009e-09	-0.000609453
5.6517e-09	-0.000614923
5.65331e-09	-0.000619889
5.65492e-09	-0.000624356
5.65654e-09	-0.000628331
5.65815e-09	-0.000631818
5.65976e-09	-0.000634823
5.66137e-09	-0.000637354
5.66298e-09	-0.000639416
5.6646e-09	-0.000641016
5.66621e-09	-0.000642161
5.66782e-09	-0.000642858
5.66943e-09	-0.000643114
5.67105e-09	-0.000642937
5.67266e-09	-0.000642334
5.67427e-09	-0.000641313
5.67588e-09	-0.000639881
5.67749e-09	-0.000638048
5.67911e-09	-0.00063582
5.68072e-09	-0.000633207
5.68233e-09	-0.000630217
5.68394e-09	-0.000626858
5.68556e-09	-0.000623139
5.68717e-09	-0.000619069
5.68878e-09	-0.000614656
5.69039e-09	-0.000609909
5.692e-09	-0.000604839
5.69362e-09	-0.000599452
5.69523e-09	-0.00059376
5.69684e-09	-0.00058777
5.69845e-09	-0.000581492
5.70007e-09	-0.000574936
5.70168e-09	-0.00056811
5.70329e-09	-0.000561024
5.7049e-09	-0.000553687
5.70652e-09	-0.000546109
5.70813e-09	-0.000538298
5.70974e-09	-0.000530265
5.71135e-09	-0.000522019
5.71296e-09	-0.000513568
5.71458e-09	-0.000504923
5.71619e-09	-0.000496092
5.7178e-09	-0.000487085
5.71941e-09	-0.00047791
5.72103e-09	-0.000468578
5.72264e-09	-0.000459097
5.72425e-09	-0.000449476
5.72586e-09	-0.000439724
5.72747e-09	-0.00042985
5.72909e-09	-0.000419863
5.7307e-09	-0.000409772
5.73231e-09	-0.000399585
5.73392e-09	-0.00038931
5.73554e-09	-0.000378958
5.73715e-09	-0.000368535
5.73876e-09	-0.00035805
5.74037e-09	-0.000347512
5.74198e-09	-0.000336928
5.7436e-09	-0.000326307
5.74521e-09	-0.000315656
5.74682e-09	-0.000304983
5.74843e-09	-0.000294296
5.75005e-09	-0.000283602
5.75166e-09	-0.000272909
5.75327e-09	-0.000262223
5.75488e-09	-0.000251553
5.75649e-09	-0.000240904
5.75811e-09	-0.000230285
5.75972e-09	-0.0002197
5.76133e-09	-0.000209159
5.76294e-09	-0.000198665
5.76456e-09	-0.000188226
5.76617e-09	-0.000177849
5.76778e-09	-0.000167538
5.76939e-09	-0.0001573
5.771e-09	-0.00014714
5.77262e-09	-0.000137064
5.77423e-09	-0.000127078
5.77584e-09	-0.000117185
5.77745e-09	-0.000107393
5.77907e-09	-9.77046e-05
5.78068e-09	-8.81255e-05
5.78229e-09	-7.86601e-05
5.7839e-09	-6.93128e-05
5.78551e-09	-6.00878e-05
5.78713e-09	-5.09893e-05
5.78874e-09	-4.20211e-05
5.79035e-09	-3.31871e-05
5.79196e-09	-2.44908e-05
5.79358e-09	-1.59357e-05
5.79519e-09	-7.5251e-06
5.7968e-09	7.37887e-07
5.79841e-09	8.85028e-06
5.80002e-09	1.68093e-05
5.80164e-09	2.46122e-05
5.80325e-09	3.22565e-05
5.80486e-09	3.97399e-05
5.80647e-09	4.70602e-05
5.80809e-09	5.42153e-05
5.8097e-09	6.12034e-05
5.81131e-09	6.80226e-05
5.81292e-09	7.46714e-05
5.81453e-09	8.11484e-05
5.81615e-09	8.74521e-05
5.81776e-09	9.35816e-05
5.81937e-09	9.95357e-05
5.82098e-09	0.000105313
5.8226e-09	0.000110914
5.82421e-09	0.000116338
5.82582e-09	0.000121583
5.82743e-09	0.00012665
5.82905e-09	0.000131538
5.83066e-09	0.000136247
5.83227e-09	0.000140778
5.83388e-09	0.00014513
5.83549e-09	0.000149304
5.83711e-09	0.0001533
5.83872e-09	0.000157119
5.84033e-09	0.000160761
5.84194e-09	0.000164228
5.84356e-09	0.000167519
5.84517e-09	0.000170636
5.84678e-09	0.00017358
5.84839e-09	0.000176352
5.85e-09	0.000178953
5.85162e-09	0.000181385
5.85323e-09	0.000183649
5.85484e-09	0.000185747
5.85645e-09	0.00018768
5.85807e-09	0.00018945
5.85968e-09	0.000191059
5.86129e-09	0.000192508
5.8629e-09	0.000193801
5.86451e-09	0.000194937
5.86613e-09	0.000195921
5.86774e-09	0.000196753
5.86935e-09	0.000197436
5.87096e-09	0.000197973
5.87258e-09	0.000198365
5.87419e-09	0.000198615
5.8758e-09	0.000198726
5.87741e-09	0.0001987
5.87902e-09	0.00019854
5.88064e-09	0.000198248
5.88225e-09	0.000197827
5.88386e-09	0.000197279
5.88547e-09	0.000196607
5.88709e-09	0.000195815
5.8887e-09	0.000194904
5.89031e-09	0.000193879
5.89192e-09	0.00019274
5.89353e-09	0.000191492
5.89515e-09	0.000190137
5.89676e-09	0.000188679
5.89837e-09	0.000187119
5.89998e-09	0.000185462
5.9016e-09	0.00018371
5.90321e-09	0.000181866
5.90482e-09	0.000179932
5.90643e-09	0.000177913
5.90804e-09	0.000175811
5.90966e-09	0.000173629
5.91127e-09	0.00017137
5.91288e-09	0.000169037
5.91449e-09	0.000166633
5.91611e-09	0.000164161
5.91772e-09	0.000161624
5.91933e-09	0.000159025
5.92094e-09	0.000156367
5.92255e-09	0.000153652
5.92417e-09	0.000150885
5.92578e-09	0.000148067
5.92739e-09	0.000145202
5.929e-09	0.000142292
5.93062e-09	0.000139341
5.93223e-09	0.00013635
5.93384e-09	0.000133324
5.93545e-09	0.000130264
5.93707e-09	0.000127174
5.93868e-09	0.000124056
5.94029e-09	0.000120912
5.9419e-09	0.000117746
5.94351e-09	0.000114561
5.94513e-09	0.000111357
5.94674e-09	0.000108139
5.94835e-09	0.000104909
5.94996e-09	0.000101669
5.95158e-09	9.84213e-05
5.95319e-09	9.51687e-05
5.9548e-09	9.19135e-05
5.95641e-09	8.86578e-05
5.95802e-09	8.5404e-05
5.95964e-09	8.21543e-05
5.96125e-09	7.89108e-05
5.96286e-09	7.56757e-05
5.96447e-09	7.2451e-05
5.96609e-09	6.92389e-05
5.9677e-09	6.60412e-05
