% time-domain current integration by openEMS v0.0.35 @Thu May 22 20:05:56 2025
% start-coordinates: (-0.0189,-0.01675,0) m -> [6,5,0]
% stop-coordinates: (-0.0189,-0.01475,0) m -> [6,6,0]
% t/s	current
8.06118808432e-13	0
4.27242968469e-11	0
8.46424748853e-11	0
1.26560652924e-10	0
1.68478830962e-10	0
2.10397009001e-10	0
2.52315187039e-10	0
2.94233365078e-10	0
3.36151543116e-10	0
3.78069721154e-10	0
4.19987899193e-10	0
4.61906077231e-10	0
5.0382425527e-10	0
5.45742433308e-10	0
5.87660611347e-10	0
6.29578789385e-10	0
6.71496967423e-10	0
7.13415145462e-10	0
7.553333235e-10	0
7.97251501539e-10	0
8.39169679577e-10	0
8.81087857616e-10	0
9.23006035654e-10	0
9.64924213693e-10	0
1.00684239173e-09	0
1.04876056977e-09	0
1.09067874781e-09	0
1.13259692585e-09	0
1.17451510388e-09	0
1.21643328192e-09	0
1.25835145996e-09	0
1.300269638e-09	0
1.34218781604e-09	0
1.38410599408e-09	0
1.42602417212e-09	0
1.46794235015e-09	0
1.50986052819e-09	0
1.55177870623e-09	0
1.59369688427e-09	0
1.63561506231e-09	0
1.67753324035e-09	0
1.71945141838e-09	0
1.76136959642e-09	0
1.80328777446e-09	0
1.8452059525e-09	0
1.88712413054e-09	0
1.92904230858e-09	0
1.97096048662e-09	0
2.01287866465e-09	0
2.05479684269e-09	0
2.09671502073e-09	0
2.13863319877e-09	0
2.18055137681e-09	0
2.22246955485e-09	0
2.26438773288e-09	0
2.30630591092e-09	0
2.34822408896e-09	0
2.390142267e-09	0
2.43206044504e-09	0
2.47397862308e-09	0
2.51589680111e-09	0
2.55781497915e-09	0
2.59973315719e-09	0
2.64165133523e-09	0
2.68356951327e-09	0
2.72548769131e-09	0
2.76740586935e-09	0
2.80932404738e-09	0
2.85124222542e-09	0
2.89316040346e-09	0
2.9350785815e-09	0
2.97699675954e-09	0
3.01891493758e-09	0
3.06083311561e-09	0
3.10275129365e-09	0
3.14466947169e-09	0
3.18658764973e-09	0
3.22850582777e-09	0
3.27042400581e-09	0
3.31234218385e-09	0
3.35426036188e-09	0
3.39617853992e-09	0
3.43809671796e-09	0
3.480014896e-09	0
3.52193307404e-09	0
3.56385125208e-09	0
3.60576943011e-09	0
3.64768760815e-09	0
3.68960578619e-09	0
3.73152396423e-09	0
3.77344214227e-09	0
3.81536032031e-09	0
3.85727849834e-09	0
3.89919667638e-09	0
3.94111485442e-09	0
3.98303303246e-09	0
4.0249512105e-09	0
4.06686938854e-09	0
4.10878756658e-09	0
4.15070574461e-09	0
4.19262392265e-09	0
4.23454210069e-09	0
4.27646027873e-09	0
4.31837845677e-09	0
4.36029663481e-09	0
4.40221481284e-09	0
4.44413299088e-09	0
4.48605116892e-09	0
4.52796934696e-09	0
4.569887525e-09	0
4.61180570304e-09	0
4.65372388108e-09	0
4.69564205911e-09	0
4.73756023715e-09	0
4.77947841519e-09	0
4.82139659323e-09	0
4.86331477127e-09	0
4.90523294931e-09	0
4.94715112734e-09	0
4.98906930538e-09	0
5.03098748342e-09	0
5.07290566146e-09	0
5.1148238395e-09	0
5.15674201754e-09	0
5.19866019557e-09	0
5.24057837361e-09	0
5.28249655165e-09	0
5.32441472969e-09	0
5.36633290773e-09	0
5.40825108577e-09	0
5.45016926381e-09	0
5.49208744184e-09	0
5.53400561988e-09	0
5.57592379792e-09	0
5.61784197596e-09	0
5.659760154e-09	0
5.70167833204e-09	0
5.74359651007e-09	0
5.78551468811e-09	0
5.82743286615e-09	0
5.86935104419e-09	0
5.91126922223e-09	0
5.95318740027e-09	0
5.99510557831e-09	0
6.03702375634e-09	0
6.07894193438e-09	0
6.12086011242e-09	0
6.16277829046e-09	0
6.2046964685e-09	0
6.24661464654e-09	0
6.28853282457e-09	0
6.33045100261e-09	0
6.37236918065e-09	0
6.41428735869e-09	0
6.45620553673e-09	0
6.49812371477e-09	0
6.54004189281e-09	0
6.58196007084e-09	0
6.62387824888e-09	0
6.66579642692e-09	0
6.70771460496e-09	0
6.749632783e-09	0
6.79155096104e-09	0
6.83346913907e-09	0
6.87538731711e-09	0
6.91730549515e-09	0
6.95922367319e-09	0
7.00114185123e-09	0
7.04306002927e-09	0
7.0849782073e-09	0
7.12689638534e-09	0
7.16881456338e-09	0
7.21073274142e-09	0
7.25265091946e-09	0
7.2945690975e-09	0
7.33648727554e-09	0
7.37840545357e-09	0
7.42032363161e-09	0
7.46224180965e-09	0
7.50415998769e-09	0
7.54607816573e-09	0
7.58799634377e-09	0
7.6299145218e-09	0
7.67183269984e-09	0
7.71375087788e-09	0
7.75566905592e-09	0
7.79758723396e-09	0
7.839505412e-09	0
7.88142359004e-09	0
7.92334176807e-09	0
7.96525994611e-09	0
8.00717812415e-09	0
8.04909630219e-09	0
8.09101448023e-09	0
8.13293265827e-09	0
8.1748508363e-09	0
8.21676901434e-09	0
8.25868719238e-09	0
8.30060537042e-09	0
8.34252354846e-09	0
8.3844417265e-09	0
8.42635990453e-09	0
8.46827808257e-09	0
8.51019626061e-09	0
8.55211443865e-09	0
8.59403261669e-09	0
8.63595079473e-09	0
8.67786897277e-09	0
8.7197871508e-09	0
8.76170532884e-09	0
8.80362350688e-09	0
8.84554168492e-09	0
8.88745986296e-09	0
8.929378041e-09	0
8.97129621903e-09	0
9.01321439707e-09	0
9.05513257511e-09	0
9.09705075315e-09	0
9.13896893119e-09	0
9.18088710923e-09	0
9.22280528727e-09	0
9.2647234653e-09	0
9.30664164334e-09	0
9.34855982138e-09	0
9.39047799942e-09	0
9.43239617746e-09	0
9.4743143555e-09	0
9.51623253353e-09	0
9.55815071157e-09	0
9.60006888961e-09	0
9.64198706765e-09	0
9.68390524569e-09	0
9.72582342373e-09	0
9.76774160176e-09	0
9.8096597798e-09	0
9.85157795784e-09	0
9.89349613588e-09	0
9.93541431392e-09	0
9.97733249196e-09	0
1.001925067e-08	0
1.0061168848e-08	0
1.01030870261e-08	0
1.01450052041e-08	0
1.01869233821e-08	0
1.02288415602e-08	0
1.02707597382e-08	0
1.03126779163e-08	0
1.03545960943e-08	0
1.03965142723e-08	0
1.04384324504e-08	0
1.04803506284e-08	0
1.05222688065e-08	0
1.05641869845e-08	0
1.06061051625e-08	0
1.06480233406e-08	0
1.06899415186e-08	0
1.07318596966e-08	0
1.07737778747e-08	0
1.08156960527e-08	0
1.08576142308e-08	0
1.08995324088e-08	0
1.09414505868e-08	0
1.09833687649e-08	0
1.10252869429e-08	0
1.1067205121e-08	0
1.1109123299e-08	0
1.1151041477e-08	0
1.11929596551e-08	0
1.12348778331e-08	0
1.12767960111e-08	0
1.13187141892e-08	0
1.13606323672e-08	0
1.14025505453e-08	0
1.14444687233e-08	0
1.14863869013e-08	0
1.15283050794e-08	0
1.15702232574e-08	0
1.16121414355e-08	0
1.16540596135e-08	0
1.16959777915e-08	0
1.17378959696e-08	0
1.17798141476e-08	0
1.18217323256e-08	0
1.18636505037e-08	0
1.19055686817e-08	0
1.19474868598e-08	0
1.19894050378e-08	0
1.20313232158e-08	0
1.20732413939e-08	0
1.21151595719e-08	0
1.215707775e-08	0
1.2198995928e-08	0
1.2240914106e-08	0
1.22828322841e-08	0
1.23247504621e-08	0
1.23666686401e-08	0
1.24085868182e-08	0
1.24505049962e-08	0
1.24924231743e-08	0
1.25343413523e-08	0
1.25762595303e-08	0
1.26181777084e-08	0
1.26600958864e-08	0
1.27020140645e-08	0
1.27439322425e-08	0
1.27858504205e-08	0
1.28277685986e-08	0
1.28696867766e-08	0
1.29116049546e-08	0
1.29535231327e-08	0
1.29954413107e-08	0
1.30373594888e-08	0
1.30792776668e-08	0
1.31211958448e-08	0
1.31631140229e-08	0
1.32050322009e-08	0
1.3246950379e-08	0
1.3288868557e-08	0
1.3330786735e-08	0
1.33727049131e-08	0
1.34146230911e-08	0
1.34565412691e-08	0
1.34984594472e-08	0
1.35403776252e-08	0
1.35822958033e-08	0
1.36242139813e-08	0
1.36661321593e-08	0
1.37080503374e-08	0
1.37499685154e-08	0
1.37918866935e-08	0
1.38338048715e-08	0
1.38757230495e-08	0
1.39176412276e-08	0
1.39595594056e-08	0
1.40014775836e-08	0
1.40433957617e-08	0
1.40853139397e-08	0
1.41272321178e-08	0
1.41691502958e-08	0
1.42110684738e-08	0
1.42529866519e-08	0
1.42949048299e-08	0
1.4336823008e-08	0
1.4378741186e-08	0
1.4420659364e-08	0
1.44625775421e-08	0
1.45044957201e-08	0
1.45464138981e-08	0
1.45883320762e-08	0
1.46302502542e-08	0
1.46721684323e-08	0
1.47140866103e-08	0
1.47560047883e-08	0
1.47979229664e-08	0
1.48398411444e-08	0
1.48817593225e-08	0
1.49236775005e-08	0
1.49655956785e-08	0
1.50075138566e-08	0
1.50494320346e-08	0
1.50913502126e-08	0
1.51332683907e-08	0
1.51751865687e-08	0
1.52171047468e-08	0
1.52590229248e-08	0
1.53009411028e-08	0
1.53428592809e-08	0
1.53847774589e-08	0
1.5426695637e-08	0
1.5468613815e-08	0
1.5510531993e-08	0
1.55524501711e-08	0
1.55943683491e-08	0
1.56362865271e-08	0
1.56782047052e-08	0
1.57201228832e-08	0
1.57620410613e-08	0
1.58039592393e-08	0
1.58458774173e-08	0
1.58877955954e-08	0
1.59297137734e-08	0
1.59716319515e-08	0
1.60135501295e-08	0
1.60554683075e-08	0
1.60973864856e-08	0
1.61393046636e-08	0
1.61812228416e-08	0
1.62231410197e-08	0
1.62650591977e-08	0
1.63069773758e-08	0
1.63488955538e-08	0
1.63908137318e-08	0
1.64327319099e-08	0
1.64746500879e-08	0
1.6516568266e-08	0
1.6558486444e-08	0
1.6600404622e-08	0
1.66423228001e-08	0
1.66842409781e-08	0
1.67261591561e-08	0
1.67680773342e-08	0
1.68099955122e-08	0
1.68519136903e-08	0
1.68938318683e-08	0
1.69357500463e-08	0
1.69776682244e-08	0
1.70195864024e-08	0
1.70615045805e-08	0
1.71034227585e-08	0
1.71453409365e-08	0
1.71872591146e-08	0
1.72291772926e-08	0
1.72710954706e-08	0
1.73130136487e-08	0
1.73549318267e-08	0
1.73968500048e-08	0
1.74387681828e-08	0
1.74806863608e-08	0
1.75226045389e-08	0
1.75645227169e-08	0
1.7606440895e-08	0
1.7648359073e-08	0
1.7690277251e-08	0
1.77321954291e-08	0
1.77741136071e-08	0
1.78160317851e-08	0
1.78579499632e-08	0
1.78998681412e-08	0
1.79417863193e-08	0
1.79837044973e-08	0
1.80256226753e-08	0
1.80675408534e-08	0
1.81094590314e-08	0
1.81513772095e-08	0
1.81932953875e-08	0
1.82352135655e-08	0
1.82771317436e-08	0
1.83190499216e-08	0
1.83609680996e-08	0
1.84028862777e-08	0
1.84448044557e-08	0
1.84867226338e-08	0
1.85286408118e-08	0
1.85705589898e-08	0
1.86124771679e-08	0
1.86543953459e-08	0
1.8696313524e-08	0
1.8738231702e-08	0
1.878014988e-08	0
1.88220680581e-08	0
1.88639862361e-08	0
1.89059044141e-08	0
1.89478225922e-08	0
1.89897407702e-08	0
1.90316589483e-08	0
1.90735771263e-08	0
1.91154953043e-08	0
1.91574134824e-08	0
1.91993316604e-08	0
1.92412498385e-08	0
1.92831680165e-08	0
1.93250861945e-08	0
1.93670043726e-08	0
1.94089225506e-08	0
1.94508407286e-08	0
1.94927589067e-08	0
1.95346770847e-08	0
1.95765952628e-08	0
1.96185134408e-08	0
1.96604316188e-08	0
1.97023497969e-08	0
1.97442679749e-08	0
1.9786186153e-08	0
1.9828104331e-08	0
1.9870022509e-08	0
1.99119406871e-08	0
1.99538588651e-08	0
1.99957770431e-08	0
2.00376952212e-08	0
2.00796133992e-08	0
2.01215315773e-08	0
2.01634497553e-08	0
2.02053679333e-08	0
2.02472861114e-08	0
2.02892042894e-08	0
2.03311224675e-08	0
2.03730406455e-08	0
2.04149588235e-08	0
2.04568770016e-08	0
2.04987951796e-08	0
2.05407133576e-08	0
2.05826315357e-08	0
2.06245497137e-08	0
2.06664678918e-08	0
2.07083860698e-08	0
2.07503042478e-08	0
2.07922224259e-08	0
2.08341406039e-08	0
2.0876058782e-08	0
2.091797696e-08	0
2.0959895138e-08	0
2.10018133161e-08	0
2.10437314941e-08	0
2.10856496721e-08	0
2.11275678502e-08	0
2.11694860282e-08	0
2.12114042063e-08	0
2.12533223843e-08	0
2.12952405623e-08	0
2.13371587404e-08	0
2.13790769184e-08	0
2.14209950965e-08	0
2.14629132745e-08	0
2.15048314525e-08	0
2.15467496306e-08	0
2.15886678086e-08	0
2.16305859866e-08	0
2.16725041647e-08	0
2.17144223427e-08	0
2.17563405208e-08	0
2.17982586988e-08	0
2.18401768768e-08	0
2.18820950549e-08	0
2.19240132329e-08	0
2.1965931411e-08	0
2.2007849589e-08	0
2.2049767767e-08	0
2.20916859451e-08	0
2.21336041231e-08	0
2.21755223011e-08	0
2.22174404792e-08	0
2.22593586572e-08	0
2.23012768353e-08	0
2.23431950133e-08	0
2.23851131913e-08	0
2.24270313694e-08	0
2.24689495474e-08	0
2.25108677255e-08	0
2.25527859035e-08	0
2.25947040815e-08	0
2.26366222596e-08	0
2.26785404376e-08	0
2.27204586156e-08	0
2.27623767937e-08	0
2.28042949717e-08	0
2.28462131498e-08	0
2.28881313278e-08	0
2.29300495058e-08	0
2.29719676839e-08	0
2.30138858619e-08	0
2.305580404e-08	0
2.3097722218e-08	0
2.3139640396e-08	0
2.31815585741e-08	0
2.32234767521e-08	0
2.32653949301e-08	0
2.33073131082e-08	0
2.33492312862e-08	0
2.33911494643e-08	0
2.34330676423e-08	0
2.34749858203e-08	0
2.35169039984e-08	0
2.35588221764e-08	0
2.36007403544e-08	0
2.36426585325e-08	0
2.36845767105e-08	0
2.37264948886e-08	0
2.37684130666e-08	0
2.38103312446e-08	0
2.38522494227e-08	0
2.38941676007e-08	0
2.39360857788e-08	0
2.39780039568e-08	0
2.40199221348e-08	0
2.40618403129e-08	0
2.41037584909e-08	0
2.41456766689e-08	0
2.4187594847e-08	0
2.4229513025e-08	0
2.42714312031e-08	0
2.43133493811e-08	0
2.43552675591e-08	0
2.43971857372e-08	0
2.44391039152e-08	0
2.44810220933e-08	0
2.45229402713e-08	0
2.45648584493e-08	0
2.46067766274e-08	0
2.46486948054e-08	0
2.46906129834e-08	0
2.47325311615e-08	0
2.47744493395e-08	0
2.48163675176e-08	0
2.48582856956e-08	0
2.49002038736e-08	0
2.49421220517e-08	0
2.49840402297e-08	0
2.50259584078e-08	0
2.50678765858e-08	0
2.51097947638e-08	0
2.51517129419e-08	0
2.51936311199e-08	0
2.52355492979e-08	0
2.5277467476e-08	0
2.5319385654e-08	0
2.53613038321e-08	0
2.54032220101e-08	0
2.54451401881e-08	0
2.54870583662e-08	0
2.55289765442e-08	0
2.55708947223e-08	0
2.56128129003e-08	0
2.56547310783e-08	0
2.56966492564e-08	0
2.57385674344e-08	0
2.57804856124e-08	0
2.58224037905e-08	0
2.58643219685e-08	0
2.59062401466e-08	0
2.59481583246e-08	0
2.59900765026e-08	0
2.60319946807e-08	0
2.60739128587e-08	0
2.61158310368e-08	0
2.61577492148e-08	0
2.61996673928e-08	0
2.62415855709e-08	0
2.62835037489e-08	0
2.63254219269e-08	0
2.6367340105e-08	0
2.6409258283e-08	0
2.64511764611e-08	0
2.64930946391e-08	0
2.65350128171e-08	0
2.65769309952e-08	0
2.66188491732e-08	0
2.66607673513e-08	0
2.67026855293e-08	0
2.67446037073e-08	0
2.67865218854e-08	0
2.68284400634e-08	0
2.68703582414e-08	0
2.69122764195e-08	0
2.69541945975e-08	0
2.69961127756e-08	0
2.70380309536e-08	0
2.70799491316e-08	0
2.71218673097e-08	0
2.71637854877e-08	0
2.72057036658e-08	0
2.72476218438e-08	0
2.72895400218e-08	0
2.73314581999e-08	0
2.73733763779e-08	0
2.74152945559e-08	0
2.7457212734e-08	0
2.7499130912e-08	0
2.75410490901e-08	0
2.75829672681e-08	0
2.76248854461e-08	0
2.76668036242e-08	0
2.77087218022e-08	0
2.77506399803e-08	0
2.77925581583e-08	0
2.78344763363e-08	0
2.78763945144e-08	0
2.79183126924e-08	0
2.79602308704e-08	0
2.80021490485e-08	0
2.80440672265e-08	0
2.80859854046e-08	0
2.81279035826e-08	0
2.81698217606e-08	0
2.82117399387e-08	0
2.82536581167e-08	0
2.82955762948e-08	0
2.83374944728e-08	0
2.83794126508e-08	0
2.84213308289e-08	0
2.84632490069e-08	0
2.85051671849e-08	0
2.8547085363e-08	0
2.8589003541e-08	0
2.86309217191e-08	0
2.86728398971e-08	0
2.87147580751e-08	0
2.87566762532e-08	0
2.87985944312e-08	0
2.88405126093e-08	0
2.88824307873e-08	0
2.89243489653e-08	0
2.89662671434e-08	0
2.90081853214e-08	0
2.90501034994e-08	0
2.90920216775e-08	0
2.91339398555e-08	0
2.91758580336e-08	0
2.92177762116e-08	0
2.92596943896e-08	0
2.93016125677e-08	0
2.93435307457e-08	0
2.93854489238e-08	0
2.94273671018e-08	0
2.94692852798e-08	0
2.95112034579e-08	0
2.95531216359e-08	0
2.95950398139e-08	0
2.9636957992e-08	0
2.967887617e-08	0
2.97207943481e-08	0
2.97627125261e-08	0
2.98046307041e-08	0
2.98465488822e-08	0
2.98884670602e-08	0
2.99303852383e-08	0
2.99723034163e-08	0
3.00142215943e-08	0
3.00561397724e-08	0
3.00980579504e-08	0
3.01399761284e-08	0
3.01818943065e-08	0
3.02238124845e-08	0
3.02657306626e-08	0
3.03076488406e-08	0
3.03495670186e-08	0
3.03914851967e-08	0
3.04334033747e-08	0
3.04753215528e-08	0
3.05172397308e-08	0
3.05591579088e-08	0
3.06010760869e-08	0
3.06429942649e-08	0
3.06849124429e-08	0
3.0726830621e-08	0
3.0768748799e-08	0
3.08106669771e-08	0
3.08525851551e-08	0
3.08945033331e-08	0
3.09364215112e-08	0
3.09783396892e-08	0
3.10202578673e-08	0
3.10621760453e-08	0
3.11040942233e-08	0
3.11460124014e-08	0
3.11879305794e-08	0
3.12298487574e-08	0
3.12717669355e-08	0
3.13136851135e-08	0
3.13556032916e-08	0
3.13975214696e-08	0
3.14394396476e-08	0
3.14813578257e-08	0
3.15232760037e-08	0
3.15651941818e-08	0
3.16071123598e-08	0
3.16490305378e-08	0
3.16909487159e-08	0
3.17328668939e-08	0
3.17747850719e-08	0
3.181670325e-08	0
3.1858621428e-08	0
3.19005396061e-08	0
3.19424577841e-08	0
3.19843759621e-08	0
3.20262941402e-08	0
3.20682123182e-08	0
3.21101304963e-08	0
3.21520486743e-08	0
3.21939668523e-08	0
3.22358850304e-08	0
3.22778032084e-08	0
3.23197213864e-08	0
3.23616395645e-08	0
3.24035577425e-08	0
3.24454759206e-08	0
3.24873940986e-08	0
3.25293122766e-08	0
3.25712304547e-08	0
3.26131486327e-08	0
3.26550668108e-08	0
3.26969849888e-08	0
3.27389031668e-08	0
3.27808213449e-08	0
3.28227395229e-08	0
3.28646577009e-08	0
3.2906575879e-08	0
3.2948494057e-08	0
3.29904122351e-08	0
3.30323304131e-08	0
3.30742485911e-08	0
3.31161667692e-08	0
3.31580849472e-08	0
3.32000031253e-08	0
3.32419213033e-08	0
3.32838394813e-08	0
3.33257576594e-08	0
3.33676758374e-08	0
3.34095940154e-08	0
3.34515121935e-08	0
3.34934303715e-08	0
3.35353485496e-08	0
3.35772667276e-08	0
3.36191849056e-08	0
3.36611030837e-08	0
3.37030212617e-08	0
3.37449394398e-08	0
3.37868576178e-08	0
3.38287757958e-08	0
3.38706939739e-08	0
3.39126121519e-08	0
3.39545303299e-08	0
3.3996448508e-08	0
3.4038366686e-08	0
3.40802848641e-08	0
3.41222030421e-08	0
3.41641212201e-08	0
3.42060393982e-08	0
3.42479575762e-08	0
3.42898757543e-08	0
3.43317939323e-08	0
3.43737121103e-08	0
3.44156302884e-08	0
3.44575484664e-08	0
3.44994666444e-08	0
3.45413848225e-08	0
3.45833030005e-08	0
3.46252211786e-08	0
3.46671393566e-08	0
3.47090575346e-08	0
3.47509757127e-08	0
3.47928938907e-08	0
3.48348120688e-08	0
3.48767302468e-08	0
3.49186484248e-08	0
3.49605666029e-08	0
3.50024847809e-08	0
3.50444029589e-08	0
3.5086321137e-08	0
3.5128239315e-08	0
3.51701574931e-08	0
3.52120756711e-08	0
3.52539938491e-08	0
3.52959120272e-08	0
3.53378302052e-08	0
3.53797483833e-08	0
3.54216665613e-08	0
3.54635847393e-08	0
3.55055029174e-08	0
3.55474210954e-08	0
3.55893392734e-08	0
3.56312574515e-08	0
3.56731756295e-08	0
3.57150938076e-08	0
3.57570119856e-08	0
3.57989301636e-08	0
3.58408483417e-08	0
3.58827665197e-08	0
3.59246846978e-08	0
3.59666028758e-08	0
3.60085210538e-08	0
3.60504392319e-08	0
3.60923574099e-08	0
3.61342755879e-08	0
3.6176193766e-08	0
3.6218111944e-08	0
3.62600301221e-08	0
3.63019483001e-08	0
3.63438664781e-08	0
3.63857846562e-08	0
3.64277028342e-08	0
3.64696210123e-08	0
3.65115391903e-08	0
3.65534573683e-08	0
3.65953755464e-08	0
3.66372937244e-08	0
3.66792119024e-08	0
3.67211300805e-08	0
3.67630482585e-08	0
3.68049664366e-08	0
3.68468846146e-08	0
3.68888027926e-08	0
3.69307209707e-08	0
3.69726391487e-08	0
3.70145573268e-08	0
3.70564755048e-08	0
3.70983936828e-08	0
3.71403118609e-08	0
3.71822300389e-08	0
3.72241482169e-08	0
3.7266066395e-08	0
3.7307984573e-08	0
3.73499027511e-08	0
3.73918209291e-08	0
3.74337391071e-08	0
3.74756572852e-08	0
3.75175754632e-08	0
3.75594936413e-08	0
3.76014118193e-08	0
3.76433299973e-08	0
3.76852481754e-08	0
3.77271663534e-08	0
3.77690845314e-08	0
3.78110027095e-08	0
3.78529208875e-08	0
3.78948390656e-08	0
3.79367572436e-08	0
3.79786754216e-08	0
3.80205935997e-08	0
3.80625117777e-08	0
3.81044299558e-08	0
3.81463481338e-08	0
3.81882663118e-08	0
3.82301844899e-08	0
3.82721026679e-08	0
3.83140208459e-08	0
3.8355939024e-08	0
3.8397857202e-08	0
3.84397753801e-08	0
3.84816935581e-08	0
3.85236117361e-08	0
3.85655299142e-08	0
3.86074480922e-08	0
3.86493662702e-08	0
3.86912844483e-08	0
3.87332026263e-08	0
3.87751208044e-08	0
3.88170389824e-08	0
3.88589571604e-08	0
3.89008753385e-08	0
3.89427935165e-08	0
3.89847116946e-08	0
3.90266298726e-08	0
3.90685480506e-08	0
3.91104662287e-08	0
3.91523844067e-08	0
3.91943025847e-08	0
3.92362207628e-08	0
3.92781389408e-08	0
3.93200571189e-08	0
3.93619752969e-08	0
3.94038934749e-08	0
3.9445811653e-08	0
3.9487729831e-08	0
3.95296480091e-08	0
3.95715661871e-08	0
3.96134843651e-08	0
3.96554025432e-08	0
3.96973207212e-08	0
3.97392388992e-08	0
3.97811570773e-08	0
3.98230752553e-08	0
3.98649934334e-08	0
3.99069116114e-08	0
3.99488297894e-08	0
3.99907479675e-08	0
4.00326661455e-08	0
4.00745843236e-08	0
4.01165025016e-08	0
4.01584206796e-08	0
4.02003388577e-08	0
4.02422570357e-08	0
4.02841752137e-08	0
4.03260933918e-08	0
4.03680115698e-08	0
4.04099297479e-08	0
4.04518479259e-08	0
4.04937661039e-08	0
4.0535684282e-08	0
4.057760246e-08	0
4.06195206381e-08	0
4.06614388161e-08	0
4.07033569941e-08	0
4.07452751722e-08	0
4.07871933502e-08	0
4.08291115282e-08	0
4.08710297063e-08	0
4.09129478843e-08	0
4.09548660624e-08	0
4.09967842404e-08	0
4.10387024184e-08	0
4.10806205965e-08	0
4.11225387745e-08	0
4.11644569526e-08	0
4.12063751306e-08	0
4.12482933086e-08	0
4.12902114867e-08	0
4.13321296647e-08	0
4.13740478427e-08	0
4.14159660208e-08	0
4.14578841988e-08	0
4.14998023769e-08	0
4.15417205549e-08	0
4.15836387329e-08	0
4.1625556911e-08	0
4.1667475089e-08	0
4.17093932671e-08	0
4.17513114451e-08	0
4.17932296231e-08	0
4.18351478012e-08	0
4.18770659792e-08	0
4.19189841572e-08	0
4.19609023353e-08	0
4.20028205133e-08	0
4.20447386914e-08	0
4.20866568694e-08	0
4.21285750474e-08	0
4.21704932255e-08	0
4.22124114035e-08	0
4.22543295816e-08	0
4.22962477596e-08	0
4.23381659376e-08	0
4.23800841157e-08	0
4.24220022937e-08	0
4.24639204717e-08	0
4.25058386498e-08	0
4.25477568278e-08	0
4.25896750059e-08	0
4.26315931839e-08	0
4.26735113619e-08	0
4.271542954e-08	0
4.2757347718e-08	0
4.27992658961e-08	0
4.28411840741e-08	0
4.28831022521e-08	0
4.29250204302e-08	0
4.29669386082e-08	0
4.30088567862e-08	0
4.30507749643e-08	0
4.30926931423e-08	0
4.31346113204e-08	0
4.31765294984e-08	0
4.32184476764e-08	0
4.32603658545e-08	0
4.33022840325e-08	0
4.33442022106e-08	0
4.33861203886e-08	0
4.34280385666e-08	0
4.34699567447e-08	0
4.35118749227e-08	0
4.35537931007e-08	0
4.35957112788e-08	0
4.36376294568e-08	0
4.36795476349e-08	0
4.37214658129e-08	0
4.37633839909e-08	0
4.3805302169e-08	0
4.3847220347e-08	0
4.38891385251e-08	0
4.39310567031e-08	0
4.39729748811e-08	0
4.40148930592e-08	0
4.40568112372e-08	0
4.40987294152e-08	0
4.41406475933e-08	0
4.41825657713e-08	0
4.42244839494e-08	0
4.42664021274e-08	0
4.43083203054e-08	0
4.43502384835e-08	0
4.43921566615e-08	0
4.44340748396e-08	0
4.44759930176e-08	0
4.45179111956e-08	0
4.45598293737e-08	0
4.46017475517e-08	0
4.46436657297e-08	0
4.46855839078e-08	0
4.47275020858e-08	0
4.47694202639e-08	0
4.48113384419e-08	0
4.48532566199e-08	0
4.4895174798e-08	0
4.4937092976e-08	0
4.49790111541e-08	0
4.50209293321e-08	0
4.50628475101e-08	0
4.51047656882e-08	0
4.51466838662e-08	0
4.51886020442e-08	0
4.52305202223e-08	0
4.52724384003e-08	0
4.53143565784e-08	0
4.53562747564e-08	0
4.53981929344e-08	0
4.54401111125e-08	0
4.54820292905e-08	0
4.55239474686e-08	0
4.55658656466e-08	0
4.56077838246e-08	0
4.56497020027e-08	0
4.56916201807e-08	0
4.57335383587e-08	0
4.57754565368e-08	0
4.58173747148e-08	0
4.58592928929e-08	0
4.59012110709e-08	0
4.59431292489e-08	0
4.5985047427e-08	0
4.6026965605e-08	0
4.60688837831e-08	0
4.61108019611e-08	0
4.61527201391e-08	0
4.61946383172e-08	0
4.62365564952e-08	0
4.62784746732e-08	0
4.63203928513e-08	0
4.63623110293e-08	0
4.64042292074e-08	0
4.64461473854e-08	0
4.64880655634e-08	0
4.65299837415e-08	0
4.65719019195e-08	0
4.66138200976e-08	0
4.66557382756e-08	0
4.66976564536e-08	0
4.67395746317e-08	0
4.67814928097e-08	0
4.68234109877e-08	0
4.68653291658e-08	0
4.69072473438e-08	0
4.69491655219e-08	0
4.69910836999e-08	0
4.70330018779e-08	0
4.7074920056e-08	0
4.7116838234e-08	0
4.71587564121e-08	0
4.72006745901e-08	0
4.72425927681e-08	0
4.72845109462e-08	0
4.73264291242e-08	0
4.73683473022e-08	0
4.74102654803e-08	0
4.74521836583e-08	0
4.74941018364e-08	0
4.75360200144e-08	0
4.75779381924e-08	0
4.76198563705e-08	0
4.76617745485e-08	0
4.77036927266e-08	0
4.77456109046e-08	0
4.77875290826e-08	0
4.78294472607e-08	0
4.78713654387e-08	0
4.79132836167e-08	0
4.79552017948e-08	0
4.79971199728e-08	0
4.80390381509e-08	0
4.80809563289e-08	0
4.81228745069e-08	0
4.8164792685e-08	0
4.8206710863e-08	0
4.82486290411e-08	0
4.82905472191e-08	0
4.83324653971e-08	0
