% time-domain voltage integration by openEMS v0.0.35 @Thu May 22 20:05:56 2025
% start-coordinates: (-0.0189,-0.01475,0) m -> [6,6,0]
% stop-coordinates: (-0.0189,-0.01475,0.0016) m -> [6,6,1]
% t/s	voltage
0	-0
4.19181780384e-11	-0
8.38363560769e-11	-0
1.25754534115e-10	-0
1.67672712154e-10	-0
2.09590890192e-10	-0
2.51509068231e-10	-0
2.93427246269e-10	-0
3.35345424308e-10	-0
3.77263602346e-10	-0
4.19181780384e-10	-0
4.61099958423e-10	-0
5.03018136461e-10	-0
5.449363145e-10	-0
5.86854492538e-10	-0
6.28772670577e-10	-0
6.70690848615e-10	-0
7.12609026653e-10	-0
7.54527204692e-10	-0
7.9644538273e-10	-0
8.38363560769e-10	-0
8.80281738807e-10	-0
9.22199916846e-10	-0
9.64118094884e-10	-0
1.00603627292e-09	-0
1.04795445096e-09	-0
1.089872629e-09	-0
1.13179080704e-09	-0
1.17370898508e-09	-0
1.21562716311e-09	-0
1.25754534115e-09	-0
1.29946351919e-09	-0
1.34138169723e-09	-0
1.38329987527e-09	-0
1.42521805331e-09	-0
1.46713623135e-09	-0
1.50905440938e-09	-0
1.55097258742e-09	-0
1.59289076546e-09	-0
1.6348089435e-09	-0
1.67672712154e-09	-0
1.71864529958e-09	-0
1.76056347761e-09	-0
1.80248165565e-09	-0
1.84439983369e-09	-0
1.88631801173e-09	-0
1.92823618977e-09	-0
1.97015436781e-09	-0
2.01207254585e-09	-0
2.05399072388e-09	-0
2.09590890192e-09	-0
2.13782707996e-09	-0
2.179745258e-09	-0
2.22166343604e-09	-0
2.26358161408e-09	-0
2.30549979211e-09	-0
2.34741797015e-09	-0
2.38933614819e-09	-0
2.43125432623e-09	-0
2.47317250427e-09	-0
2.51509068231e-09	-0
2.55700886034e-09	-0
2.59892703838e-09	-0
2.64084521642e-09	-0
2.68276339446e-09	-0
2.7246815725e-09	-0
2.76659975054e-09	-0
2.80851792858e-09	-0
2.85043610661e-09	-0
2.89235428465e-09	-0
2.93427246269e-09	-0
2.97619064073e-09	-0
3.01810881877e-09	-0
3.06002699681e-09	-0
3.10194517484e-09	-0
3.14386335288e-09	-0
3.18578153092e-09	-0
3.22769970896e-09	-0
3.269617887e-09	-0
3.31153606504e-09	-0
3.35345424308e-09	-0
3.39537242111e-09	-0
3.43729059915e-09	-0
3.47920877719e-09	-0
3.52112695523e-09	-0
3.56304513327e-09	-0
3.60496331131e-09	-0
3.64688148934e-09	-0
3.68879966738e-09	-0
3.73071784542e-09	-0
3.77263602346e-09	-0
3.8145542015e-09	-0
3.85647237954e-09	-0
3.89839055757e-09	-0
3.94030873561e-09	-0
3.98222691365e-09	-0
4.02414509169e-09	-0
4.06606326973e-09	-0
4.10798144777e-09	-0
4.14989962581e-09	-0
4.19181780384e-09	-0
4.23373598188e-09	-0
4.27565415992e-09	-0
4.31757233796e-09	-0
4.359490516e-09	-0
4.40140869404e-09	-0
4.44332687207e-09	-0
4.48524505011e-09	-0
4.52716322815e-09	-0
4.56908140619e-09	-0
4.61099958423e-09	-0
4.65291776227e-09	-0
4.69483594031e-09	-0
4.73675411834e-09	-0
4.77867229638e-09	-0
4.82059047442e-09	-0
4.86250865246e-09	-0
4.9044268305e-09	-0
4.94634500854e-09	-0
4.98826318657e-09	-0
5.03018136461e-09	-0
5.07209954265e-09	-0
5.11401772069e-09	-0
5.15593589873e-09	-0
5.19785407677e-09	-0
5.2397722548e-09	-0
5.28169043284e-09	-0
5.32360861088e-09	-0
5.36552678892e-09	-0
5.40744496696e-09	-0
5.449363145e-09	-0
5.49128132304e-09	-0
5.53319950107e-09	-0
5.57511767911e-09	-0
5.61703585715e-09	-0
5.65895403519e-09	-0
5.70087221323e-09	-0
5.74279039127e-09	-0
5.7847085693e-09	-0
5.82662674734e-09	-0
5.86854492538e-09	-0
5.91046310342e-09	-0
5.95238128146e-09	-0
5.9942994595e-09	-0
6.03621763754e-09	-0
6.07813581557e-09	-0
6.12005399361e-09	-0
6.16197217165e-09	-0
6.20389034969e-09	-0
6.24580852773e-09	-0
6.28772670577e-09	-0
6.3296448838e-09	-0
6.37156306184e-09	-0
6.41348123988e-09	-0
6.45539941792e-09	-0
6.49731759596e-09	-0
6.539235774e-09	-0
6.58115395204e-09	-0
6.62307213007e-09	-0
6.66499030811e-09	-0
6.70690848615e-09	-0
6.74882666419e-09	-0
6.79074484223e-09	-0
6.83266302027e-09	-0
6.8745811983e-09	-0
6.91649937634e-09	-0
6.95841755438e-09	-0
7.00033573242e-09	-0
7.04225391046e-09	-0
7.0841720885e-09	-0
7.12609026653e-09	-0
7.16800844457e-09	-0
7.20992662261e-09	-0
7.25184480065e-09	-0
7.29376297869e-09	-0
7.33568115673e-09	-0
7.37759933477e-09	-0
7.4195175128e-09	-0
7.46143569084e-09	-0
7.50335386888e-09	-0
7.54527204692e-09	-0
7.58719022496e-09	-0
7.629108403e-09	-0
7.67102658103e-09	-0
7.71294475907e-09	-0
7.75486293711e-09	-0
7.79678111515e-09	-0
7.83869929319e-09	-0
7.88061747123e-09	-0
7.92253564927e-09	-0
7.9644538273e-09	-0
8.00637200534e-09	-0
8.04829018338e-09	-0
8.09020836142e-09	-0
8.13212653946e-09	-0
8.1740447175e-09	-0
8.21596289553e-09	-0
8.25788107357e-09	-0
8.29979925161e-09	-0
8.34171742965e-09	-0
8.38363560769e-09	-0
8.42555378573e-09	-0
8.46747196376e-09	-0
8.5093901418e-09	-0
8.55130831984e-09	-0
8.59322649788e-09	-0
8.63514467592e-09	-0
8.67706285396e-09	-0
8.718981032e-09	-0
8.76089921003e-09	-0
8.80281738807e-09	-0
8.84473556611e-09	-0
8.88665374415e-09	-0
8.92857192219e-09	-0
8.97049010023e-09	-0
9.01240827826e-09	-0
9.0543264563e-09	-0
9.09624463434e-09	-0
9.13816281238e-09	-0
9.18008099042e-09	-0
9.22199916846e-09	-0
9.2639173465e-09	-0
9.30583552453e-09	-0
9.34775370257e-09	-0
9.38967188061e-09	-0
9.43159005865e-09	-0
9.47350823669e-09	-0
9.51542641473e-09	-0
9.55734459276e-09	-0
9.5992627708e-09	-0
9.64118094884e-09	-0
9.68309912688e-09	-0
9.72501730492e-09	-0
9.76693548296e-09	-0
9.80885366099e-09	-0
9.85077183903e-09	-0
9.89269001707e-09	-0
9.93460819511e-09	-0
9.97652637315e-09	-0
1.00184445512e-08	-0
1.00603627292e-08	-0
1.01022809073e-08	-0
1.01441990853e-08	-0
1.01861172633e-08	-0
1.02280354414e-08	-0
1.02699536194e-08	-0
1.03118717975e-08	-0
1.03537899755e-08	-0
1.03957081535e-08	-0
1.04376263316e-08	-0
1.04795445096e-08	-0
1.05214626876e-08	-0
1.05633808657e-08	-0
1.06052990437e-08	-0
1.06472172218e-08	-0
1.06891353998e-08	-0
1.07310535778e-08	-0
1.07729717559e-08	-0
1.08148899339e-08	-0
1.0856808112e-08	-0
1.089872629e-08	-0
1.0940644468e-08	-0
1.09825626461e-08	-0
1.10244808241e-08	-0
1.10663990021e-08	-0
1.11083171802e-08	-0
1.11502353582e-08	-0
1.11921535363e-08	-0
1.12340717143e-08	-0
1.12759898923e-08	-0
1.13179080704e-08	-0
1.13598262484e-08	-0
1.14017444265e-08	-0
1.14436626045e-08	-0
1.14855807825e-08	-0
1.15274989606e-08	-0
1.15694171386e-08	-0
1.16113353166e-08	-0
1.16532534947e-08	-0
1.16951716727e-08	-0
1.17370898508e-08	-0
1.17790080288e-08	-0
1.18209262068e-08	-0
1.18628443849e-08	-0
1.19047625629e-08	-0
1.1946680741e-08	-0
1.1988598919e-08	-0
1.2030517097e-08	-0
1.20724352751e-08	-0
1.21143534531e-08	-0
1.21562716311e-08	-0
1.21981898092e-08	-0
1.22401079872e-08	-0
1.22820261653e-08	-0
1.23239443433e-08	-0
1.23658625213e-08	-0
1.24077806994e-08	-0
1.24496988774e-08	-0
1.24916170555e-08	-0
1.25335352335e-08	-0
1.25754534115e-08	-0
1.26173715896e-08	-0
1.26592897676e-08	-0
1.27012079456e-08	-0
1.27431261237e-08	-0
1.27850443017e-08	-0
1.28269624798e-08	-0
1.28688806578e-08	-0
1.29107988358e-08	-0
1.29527170139e-08	-0
1.29946351919e-08	-0
1.303655337e-08	-0
1.3078471548e-08	-0
1.3120389726e-08	-0
1.31623079041e-08	-0
1.32042260821e-08	-0
1.32461442601e-08	-0
1.32880624382e-08	-0
1.33299806162e-08	-0
1.33718987943e-08	-0
1.34138169723e-08	-0
1.34557351503e-08	-0
1.34976533284e-08	-0
1.35395715064e-08	-0
1.35814896845e-08	-0
1.36234078625e-08	-0
1.36653260405e-08	-0
1.37072442186e-08	-0
1.37491623966e-08	-0
1.37910805746e-08	-0
1.38329987527e-08	-0
1.38749169307e-08	-0
1.39168351088e-08	-0
1.39587532868e-08	-0
1.40006714648e-08	-0
1.40425896429e-08	-0
1.40845078209e-08	-0
1.4126425999e-08	-0
1.4168344177e-08	-0
1.4210262355e-08	-0
1.42521805331e-08	-0
1.42940987111e-08	-0
1.43360168891e-08	-0
1.43779350672e-08	-0
1.44198532452e-08	-0
1.44617714233e-08	-0
1.45036896013e-08	-0
1.45456077793e-08	-0
1.45875259574e-08	-0
1.46294441354e-08	-0
1.46713623135e-08	-0
1.47132804915e-08	-0
1.47551986695e-08	-0
1.47971168476e-08	-0
1.48390350256e-08	-0
1.48809532036e-08	-0
1.49228713817e-08	-0
1.49647895597e-08	-0
1.50067077378e-08	-0
1.50486259158e-08	-0
1.50905440938e-08	-0
1.51324622719e-08	-0
1.51743804499e-08	-0
1.5216298628e-08	-0
1.5258216806e-08	-0
1.5300134984e-08	-0
1.53420531621e-08	-0
1.53839713401e-08	-0
1.54258895181e-08	-0
1.54678076962e-08	-0
1.55097258742e-08	-0
1.55516440523e-08	-0
1.55935622303e-08	-0
1.56354804083e-08	-0
1.56773985864e-08	-0
1.57193167644e-08	-0
1.57612349425e-08	-0
1.58031531205e-08	-0
1.58450712985e-08	-0
1.58869894766e-08	-0
1.59289076546e-08	-0
1.59708258326e-08	-0
1.60127440107e-08	-0
1.60546621887e-08	-0
1.60965803668e-08	-0
1.61384985448e-08	-0
1.61804167228e-08	-0
1.62223349009e-08	-0
1.62642530789e-08	-0
1.6306171257e-08	-0
1.6348089435e-08	-0
1.6390007613e-08	-0
1.64319257911e-08	-0
1.64738439691e-08	-0
1.65157621471e-08	-0
1.65576803252e-08	-0
1.65995985032e-08	-0
1.66415166813e-08	-0
1.66834348593e-08	-0
1.67253530373e-08	-0
1.67672712154e-08	-0
1.68091893934e-08	-0
1.68511075715e-08	-0
1.68930257495e-08	-0
1.69349439275e-08	-0
1.69768621056e-08	-0
1.70187802836e-08	-0
1.70606984616e-08	-0
1.71026166397e-08	-0
1.71445348177e-08	-0
1.71864529958e-08	-0
1.72283711738e-08	-0
1.72702893518e-08	-0
1.73122075299e-08	-0
1.73541257079e-08	-0
1.7396043886e-08	-0
1.7437962064e-08	-0
1.7479880242e-08	-0
1.75217984201e-08	-0
1.75637165981e-08	-0
1.76056347761e-08	-0
1.76475529542e-08	-0
1.76894711322e-08	-0
1.77313893103e-08	-0
1.77733074883e-08	-0
1.78152256663e-08	-0
1.78571438444e-08	-0
1.78990620224e-08	-0
1.79409802005e-08	-0
1.79828983785e-08	-0
1.80248165565e-08	-0
1.80667347346e-08	-0
1.81086529126e-08	-0
1.81505710906e-08	-0
1.81924892687e-08	-0
1.82344074467e-08	-0
1.82763256248e-08	-0
1.83182438028e-08	-0
1.83601619808e-08	-0
1.84020801589e-08	-0
1.84439983369e-08	-0
1.8485916515e-08	-0
1.8527834693e-08	-0
1.8569752871e-08	-0
1.86116710491e-08	-0
1.86535892271e-08	-0
1.86955074051e-08	-0
1.87374255832e-08	-0
1.87793437612e-08	-0
1.88212619393e-08	-0
1.88631801173e-08	-0
1.89050982953e-08	-0
1.89470164734e-08	-0
1.89889346514e-08	-0
1.90308528295e-08	-0
1.90727710075e-08	-0
1.91146891855e-08	-0
1.91566073636e-08	-0
1.91985255416e-08	-0
1.92404437196e-08	-0
1.92823618977e-08	-0
1.93242800757e-08	-0
1.93661982538e-08	-0
1.94081164318e-08	-0
1.94500346098e-08	-0
1.94919527879e-08	-0
1.95338709659e-08	-0
1.9575789144e-08	-0
1.9617707322e-08	-0
1.96596255e-08	-0
1.97015436781e-08	-0
1.97434618561e-08	-0
1.97853800341e-08	-0
1.98272982122e-08	-0
1.98692163902e-08	-0
1.99111345683e-08	-0
1.99530527463e-08	-0
1.99949709243e-08	-0
2.00368891024e-08	-0
2.00788072804e-08	-0
2.01207254585e-08	-0
2.01626436365e-08	-0
2.02045618145e-08	-0
2.02464799926e-08	-0
2.02883981706e-08	-0
2.03303163486e-08	-0
2.03722345267e-08	-0
2.04141527047e-08	-0
2.04560708828e-08	-0
2.04979890608e-08	-0
2.05399072388e-08	-0
2.05818254169e-08	-0
2.06237435949e-08	-0
2.0665661773e-08	-0
2.0707579951e-08	-0
2.0749498129e-08	-0
2.07914163071e-08	-0
2.08333344851e-08	-0
2.08752526631e-08	-0
2.09171708412e-08	-0
2.09590890192e-08	-0
2.10010071973e-08	-0
2.10429253753e-08	-0
2.10848435533e-08	-0
2.11267617314e-08	-0
2.11686799094e-08	-0
2.12105980875e-08	-0
2.12525162655e-08	-0
2.12944344435e-08	-0
2.13363526216e-08	-0
2.13782707996e-08	-0
2.14201889776e-08	-0
2.14621071557e-08	-0
2.15040253337e-08	-0
2.15459435118e-08	-0
2.15878616898e-08	-0
2.16297798678e-08	-0
2.16716980459e-08	-0
2.17136162239e-08	-0
2.1755534402e-08	-0
2.179745258e-08	-0
2.1839370758e-08	-0
2.18812889361e-08	-0
2.19232071141e-08	-0
2.19651252921e-08	-0
2.20070434702e-08	-0
2.20489616482e-08	-0
2.20908798263e-08	-0
2.21327980043e-08	-0
2.21747161823e-08	-0
2.22166343604e-08	-0
2.22585525384e-08	-0
2.23004707164e-08	-0
2.23423888945e-08	-0
2.23843070725e-08	-0
2.24262252506e-08	-0
2.24681434286e-08	-0
2.25100616066e-08	-0
2.25519797847e-08	-0
2.25938979627e-08	-0
2.26358161408e-08	-0
2.26777343188e-08	-0
2.27196524968e-08	-0
2.27615706749e-08	-0
2.28034888529e-08	-0
2.28454070309e-08	-0
2.2887325209e-08	-0
2.2929243387e-08	-0
2.29711615651e-08	-0
2.30130797431e-08	-0
2.30549979211e-08	-0
2.30969160992e-08	-0
2.31388342772e-08	-0
2.31807524553e-08	-0
2.32226706333e-08	-0
2.32645888113e-08	-0
2.33065069894e-08	-0
2.33484251674e-08	-0
2.33903433454e-08	-0
2.34322615235e-08	-0
2.34741797015e-08	-0
2.35160978796e-08	-0
2.35580160576e-08	-0
2.35999342356e-08	-0
2.36418524137e-08	-0
2.36837705917e-08	-0
2.37256887698e-08	-0
2.37676069478e-08	-0
2.38095251258e-08	-0
2.38514433039e-08	-0
2.38933614819e-08	-0
2.39352796599e-08	-0
2.3977197838e-08	-0
2.4019116016e-08	-0
2.40610341941e-08	-0
2.41029523721e-08	-0
2.41448705501e-08	-0
2.41867887282e-08	-0
2.42287069062e-08	-0
2.42706250843e-08	-0
2.43125432623e-08	-0
2.43544614403e-08	-0
2.43963796184e-08	-0
2.44382977964e-08	-0
2.44802159744e-08	-0
2.45221341525e-08	-0
2.45640523305e-08	-0
2.46059705086e-08	-0
2.46478886866e-08	-0
2.46898068646e-08	-0
2.47317250427e-08	-0
2.47736432207e-08	-0
2.48155613988e-08	-0
2.48574795768e-08	-0
2.48993977548e-08	-0
2.49413159329e-08	-0
2.49832341109e-08	-0
2.50251522889e-08	-0
2.5067070467e-08	-0
2.5108988645e-08	-0
2.51509068231e-08	-0
2.51928250011e-08	-0
2.52347431791e-08	-0
2.52766613572e-08	-0
2.53185795352e-08	-0
2.53604977133e-08	-0
2.54024158913e-08	-0
2.54443340693e-08	-0
2.54862522474e-08	-0
2.55281704254e-08	-0
2.55700886034e-08	-0
2.56120067815e-08	-0
2.56539249595e-08	-0
2.56958431376e-08	-0
2.57377613156e-08	-0
2.57796794936e-08	-0
2.58215976717e-08	-0
2.58635158497e-08	-0
2.59054340278e-08	-0
2.59473522058e-08	-0
2.59892703838e-08	-0
2.60311885619e-08	-0
2.60731067399e-08	-0
2.61150249179e-08	-0
2.6156943096e-08	-0
2.6198861274e-08	-0
2.62407794521e-08	-0
2.62826976301e-08	-0
2.63246158081e-08	-0
2.63665339862e-08	-0
2.64084521642e-08	-0
2.64503703423e-08	-0
2.64922885203e-08	-0
2.65342066983e-08	-0
2.65761248764e-08	-0
2.66180430544e-08	-0
2.66599612324e-08	-0
2.67018794105e-08	-0
2.67437975885e-08	-0
2.67857157666e-08	-0
2.68276339446e-08	-0
2.68695521226e-08	-0
2.69114703007e-08	-0
2.69533884787e-08	-0
2.69953066568e-08	-0
2.70372248348e-08	-0
2.70791430128e-08	-0
2.71210611909e-08	-0
2.71629793689e-08	-0
2.72048975469e-08	-0
2.7246815725e-08	-0
2.7288733903e-08	-0
2.73306520811e-08	-0
2.73725702591e-08	-0
2.74144884371e-08	-0
2.74564066152e-08	-0
2.74983247932e-08	-0
2.75402429713e-08	-0
2.75821611493e-08	-0
2.76240793273e-08	-0
2.76659975054e-08	-0
2.77079156834e-08	-0
2.77498338614e-08	-0
2.77917520395e-08	-0
2.78336702175e-08	-0
2.78755883956e-08	-0
2.79175065736e-08	-0
2.79594247516e-08	-0
2.80013429297e-08	-0
2.80432611077e-08	-0
2.80851792858e-08	-0
2.81270974638e-08	-0
2.81690156418e-08	-0
2.82109338199e-08	-0
2.82528519979e-08	-0
2.82947701759e-08	-0
2.8336688354e-08	-0
2.8378606532e-08	-0
2.84205247101e-08	-0
2.84624428881e-08	-0
2.85043610661e-08	-0
2.85462792442e-08	-0
2.85881974222e-08	-0
2.86301156003e-08	-0
2.86720337783e-08	-0
2.87139519563e-08	-0
2.87558701344e-08	-0
2.87977883124e-08	-0
2.88397064904e-08	-0
2.88816246685e-08	-0
2.89235428465e-08	-0
2.89654610246e-08	-0
2.90073792026e-08	-0
2.90492973806e-08	-0
2.90912155587e-08	-0
2.91331337367e-08	-0
2.91750519148e-08	-0
2.92169700928e-08	-0
2.92588882708e-08	-0
2.93008064489e-08	-0
2.93427246269e-08	-0
2.93846428049e-08	-0
2.9426560983e-08	-0
2.9468479161e-08	-0
2.95103973391e-08	-0
2.95523155171e-08	-0
2.95942336951e-08	-0
2.96361518732e-08	-0
2.96780700512e-08	-0
2.97199882293e-08	-0
2.97619064073e-08	-0
2.98038245853e-08	-0
2.98457427634e-08	-0
2.98876609414e-08	-0
2.99295791194e-08	-0
2.99714972975e-08	-0
3.00134154755e-08	-0
3.00553336536e-08	-0
3.00972518316e-08	-0
3.01391700096e-08	-0
3.01810881877e-08	-0
3.02230063657e-08	-0
3.02649245438e-08	-0
3.03068427218e-08	-0
3.03487608998e-08	-0
3.03906790779e-08	-0
3.04325972559e-08	-0
3.04745154339e-08	-0
3.0516433612e-08	-0
3.055835179e-08	-0
3.06002699681e-08	-0
3.06421881461e-08	-0
3.06841063241e-08	-0
3.07260245022e-08	-0
3.07679426802e-08	-0
3.08098608583e-08	-0
3.08517790363e-08	-0
3.08936972143e-08	-0
3.09356153924e-08	-0
3.09775335704e-08	-0
3.10194517484e-08	-0
3.10613699265e-08	-0
3.11032881045e-08	-0
3.11452062826e-08	-0
3.11871244606e-08	-0
3.12290426386e-08	-0
3.12709608167e-08	-0
3.13128789947e-08	-0
3.13547971728e-08	-0
3.13967153508e-08	-0
3.14386335288e-08	-0
3.14805517069e-08	-0
3.15224698849e-08	-0
3.15643880629e-08	-0
3.1606306241e-08	-0
3.1648224419e-08	-0
3.16901425971e-08	-0
3.17320607751e-08	-0
3.17739789531e-08	-0
3.18158971312e-08	-0
3.18578153092e-08	-0
3.18997334873e-08	-0
3.19416516653e-08	-0
3.19835698433e-08	-0
3.20254880214e-08	-0
3.20674061994e-08	-0
3.21093243774e-08	-0
3.21512425555e-08	-0
3.21931607335e-08	-0
3.22350789116e-08	-0
3.22769970896e-08	-0
3.23189152676e-08	-0
3.23608334457e-08	-0
3.24027516237e-08	-0
3.24446698018e-08	-0
3.24865879798e-08	-0
3.25285061578e-08	-0
3.25704243359e-08	-0
3.26123425139e-08	-0
3.26542606919e-08	-0
3.269617887e-08	-0
3.2738097048e-08	-0
3.27800152261e-08	-0
3.28219334041e-08	-0
3.28638515821e-08	-0
3.29057697602e-08	-0
3.29476879382e-08	-0
3.29896061163e-08	-0
3.30315242943e-08	-0
3.30734424723e-08	-0
3.31153606504e-08	-0
3.31572788284e-08	-0
3.31991970064e-08	-0
3.32411151845e-08	-0
3.32830333625e-08	-0
3.33249515406e-08	-0
3.33668697186e-08	-0
3.34087878966e-08	-0
3.34507060747e-08	-0
3.34926242527e-08	-0
3.35345424308e-08	-0
3.35764606088e-08	-0
3.36183787868e-08	-0
3.36602969649e-08	-0
3.37022151429e-08	-0
3.37441333209e-08	-0
3.3786051499e-08	-0
3.3827969677e-08	-0
3.38698878551e-08	-0
3.39118060331e-08	-0
3.39537242111e-08	-0
3.39956423892e-08	-0
3.40375605672e-08	-0
3.40794787453e-08	-0
3.41213969233e-08	-0
3.41633151013e-08	-0
3.42052332794e-08	-0
3.42471514574e-08	-0
3.42890696354e-08	-0
3.43309878135e-08	-0
3.43729059915e-08	-0
3.44148241696e-08	-0
3.44567423476e-08	-0
3.44986605256e-08	-0
3.45405787037e-08	-0
3.45824968817e-08	-0
3.46244150598e-08	-0
3.46663332378e-08	-0
3.47082514158e-08	-0
3.47501695939e-08	-0
3.47920877719e-08	-0
3.48340059499e-08	-0
3.4875924128e-08	-0
3.4917842306e-08	-0
3.49597604841e-08	-0
3.50016786621e-08	-0
3.50435968401e-08	-0
3.50855150182e-08	-0
3.51274331962e-08	-0
3.51693513743e-08	-0
3.52112695523e-08	-0
3.52531877303e-08	-0
3.52951059084e-08	-0
3.53370240864e-08	-0
3.53789422644e-08	-0
3.54208604425e-08	-0
3.54627786205e-08	-0
3.55046967986e-08	-0
3.55466149766e-08	-0
3.55885331546e-08	-0
3.56304513327e-08	-0
3.56723695107e-08	-0
3.57142876888e-08	-0
3.57562058668e-08	-0
3.57981240448e-08	-0
3.58400422229e-08	-0
3.58819604009e-08	-0
3.59238785789e-08	-0
3.5965796757e-08	-0
3.6007714935e-08	-0
3.60496331131e-08	-0
3.60915512911e-08	-0
3.61334694691e-08	-0
3.61753876472e-08	-0
3.62173058252e-08	-0
3.62592240033e-08	-0
3.63011421813e-08	-0
3.63430603593e-08	-0
3.63849785374e-08	-0
3.64268967154e-08	-0
3.64688148934e-08	-0
3.65107330715e-08	-0
3.65526512495e-08	-0
3.65945694276e-08	-0
3.66364876056e-08	-0
3.66784057836e-08	-0
3.67203239617e-08	-0
3.67622421397e-08	-0
3.68041603178e-08	-0
3.68460784958e-08	-0
3.68879966738e-08	-0
3.69299148519e-08	-0
3.69718330299e-08	-0
3.70137512079e-08	-0
3.7055669386e-08	-0
3.7097587564e-08	-0
3.71395057421e-08	-0
3.71814239201e-08	-0
3.72233420981e-08	-0
3.72652602762e-08	-0
3.73071784542e-08	-0
3.73490966322e-08	-0
3.73910148103e-08	-0
3.74329329883e-08	-0
3.74748511664e-08	-0
3.75167693444e-08	-0
3.75586875224e-08	-0
3.76006057005e-08	-0
3.76425238785e-08	-0
3.76844420566e-08	-0
3.77263602346e-08	-0
3.77682784126e-08	-0
3.78101965907e-08	-0
3.78521147687e-08	-0
3.78940329467e-08	-0
3.79359511248e-08	-0
3.79778693028e-08	-0
3.80197874809e-08	-0
3.80617056589e-08	-0
3.81036238369e-08	-0
3.8145542015e-08	-0
3.8187460193e-08	-0
3.82293783711e-08	-0
3.82712965491e-08	-0
3.83132147271e-08	-0
3.83551329052e-08	-0
3.83970510832e-08	-0
3.84389692612e-08	-0
3.84808874393e-08	-0
3.85228056173e-08	-0
3.85647237954e-08	-0
3.86066419734e-08	-0
3.86485601514e-08	-0
3.86904783295e-08	-0
3.87323965075e-08	-0
3.87743146856e-08	-0
3.88162328636e-08	-0
3.88581510416e-08	-0
3.89000692197e-08	-0
3.89419873977e-08	-0
3.89839055757e-08	-0
3.90258237538e-08	-0
3.90677419318e-08	-0
3.91096601099e-08	-0
3.91515782879e-08	-0
3.91934964659e-08	-0
3.9235414644e-08	-0
3.9277332822e-08	-0
3.93192510001e-08	-0
3.93611691781e-08	-0
3.94030873561e-08	-0
3.94450055342e-08	-0
3.94869237122e-08	-0
3.95288418902e-08	-0
3.95707600683e-08	-0
3.96126782463e-08	-0
3.96545964244e-08	-0
3.96965146024e-08	-0
3.97384327804e-08	-0
3.97803509585e-08	-0
3.98222691365e-08	-0
3.98641873146e-08	-0
3.99061054926e-08	-0
3.99480236706e-08	-0
3.99899418487e-08	-0
4.00318600267e-08	-0
4.00737782047e-08	-0
4.01156963828e-08	-0
4.01576145608e-08	-0
4.01995327389e-08	-0
4.02414509169e-08	-0
4.02833690949e-08	-0
4.0325287273e-08	-0
4.0367205451e-08	-0
4.04091236291e-08	-0
4.04510418071e-08	-0
4.04929599851e-08	-0
4.05348781632e-08	-0
4.05767963412e-08	-0
4.06187145192e-08	-0
4.06606326973e-08	-0
4.07025508753e-08	-0
4.07444690534e-08	-0
4.07863872314e-08	-0
4.08283054094e-08	-0
4.08702235875e-08	-0
4.09121417655e-08	-0
4.09540599436e-08	-0
4.09959781216e-08	-0
4.10378962996e-08	-0
4.10798144777e-08	-0
4.11217326557e-08	-0
4.11636508337e-08	-0
4.12055690118e-08	-0
4.12474871898e-08	-0
4.12894053679e-08	-0
4.13313235459e-08	-0
4.13732417239e-08	-0
4.1415159902e-08	-0
4.145707808e-08	-0
4.14989962581e-08	-0
4.15409144361e-08	-0
4.15828326141e-08	-0
4.16247507922e-08	-0
4.16666689702e-08	-0
4.17085871482e-08	-0
4.17505053263e-08	-0
4.17924235043e-08	-0
4.18343416824e-08	-0
4.18762598604e-08	-0
4.19181780384e-08	-0
4.19600962165e-08	-0
4.20020143945e-08	-0
4.20439325726e-08	-0
4.20858507506e-08	-0
4.21277689286e-08	-0
4.21696871067e-08	-0
4.22116052847e-08	-0
4.22535234627e-08	-0
4.22954416408e-08	-0
4.23373598188e-08	-0
4.23792779969e-08	-0
4.24211961749e-08	-0
4.24631143529e-08	-0
4.2505032531e-08	-0
4.2546950709e-08	-0
4.25888688871e-08	-0
4.26307870651e-08	-0
4.26727052431e-08	-0
4.27146234212e-08	-0
4.27565415992e-08	-0
4.27984597772e-08	-0
4.28403779553e-08	-0
4.28822961333e-08	-0
4.29242143114e-08	-0
4.29661324894e-08	-0
4.30080506674e-08	-0
4.30499688455e-08	-0
4.30918870235e-08	-0
4.31338052016e-08	-0
4.31757233796e-08	-0
4.32176415576e-08	-0
4.32595597357e-08	-0
4.33014779137e-08	-0
4.33433960917e-08	-0
4.33853142698e-08	-0
4.34272324478e-08	-0
4.34691506259e-08	-0
4.35110688039e-08	-0
4.35529869819e-08	-0
4.359490516e-08	-0
4.3636823338e-08	-0
4.36787415161e-08	-0
4.37206596941e-08	-0
4.37625778721e-08	-0
4.38044960502e-08	-0
4.38464142282e-08	-0
4.38883324062e-08	-0
4.39302505843e-08	-0
4.39721687623e-08	-0
4.40140869404e-08	-0
4.40560051184e-08	-0
4.40979232964e-08	-0
4.41398414745e-08	-0
4.41817596525e-08	-0
4.42236778306e-08	-0
4.42655960086e-08	-0
4.43075141866e-08	-0
4.43494323647e-08	-0
4.43913505427e-08	-0
4.44332687207e-08	-0
4.44751868988e-08	-0
4.45171050768e-08	-0
4.45590232549e-08	-0
4.46009414329e-08	-0
4.46428596109e-08	-0
4.4684777789e-08	-0
4.4726695967e-08	-0
4.47686141451e-08	-0
4.48105323231e-08	-0
4.48524505011e-08	-0
4.48943686792e-08	-0
4.49362868572e-08	-0
4.49782050352e-08	-0
4.50201232133e-08	-0
4.50620413913e-08	-0
4.51039595694e-08	-0
4.51458777474e-08	-0
4.51877959254e-08	-0
4.52297141035e-08	-0
4.52716322815e-08	-0
4.53135504596e-08	-0
4.53554686376e-08	-0
4.53973868156e-08	-0
4.54393049937e-08	-0
4.54812231717e-08	-0
4.55231413497e-08	-0
4.55650595278e-08	-0
4.56069777058e-08	-0
4.56488958839e-08	-0
4.56908140619e-08	-0
4.57327322399e-08	-0
4.5774650418e-08	-0
4.5816568596e-08	-0
4.58584867741e-08	-0
4.59004049521e-08	-0
4.59423231301e-08	-0
4.59842413082e-08	-0
4.60261594862e-08	-0
4.60680776642e-08	-0
4.61099958423e-08	-0
4.61519140203e-08	-0
4.61938321984e-08	-0
4.62357503764e-08	-0
4.62776685544e-08	-0
4.63195867325e-08	-0
4.63615049105e-08	-0
4.64034230886e-08	-0
4.64453412666e-08	-0
4.64872594446e-08	-0
4.65291776227e-08	-0
4.65710958007e-08	-0
4.66130139787e-08	-0
4.66549321568e-08	-0
4.66968503348e-08	-0
4.67387685129e-08	-0
4.67806866909e-08	-0
4.68226048689e-08	-0
4.6864523047e-08	-0
4.6906441225e-08	-0
4.69483594031e-08	-0
4.69902775811e-08	-0
4.70321957591e-08	-0
4.70741139372e-08	-0
4.71160321152e-08	-0
4.71579502932e-08	-0
4.71998684713e-08	-0
4.72417866493e-08	-0
4.72837048274e-08	-0
4.73256230054e-08	-0
4.73675411834e-08	-0
4.74094593615e-08	-0
4.74513775395e-08	-0
4.74932957176e-08	-0
4.75352138956e-08	-0
4.75771320736e-08	-0
4.76190502517e-08	-0
4.76609684297e-08	-0
4.77028866077e-08	-0
4.77448047858e-08	-0
4.77867229638e-08	-0
4.78286411419e-08	-0
4.78705593199e-08	-0
4.79124774979e-08	-0
4.7954395676e-08	-0
4.7996313854e-08	-0
4.80382320321e-08	-0
4.80801502101e-08	-0
4.81220683881e-08	-0
4.81639865662e-08	-0
4.82059047442e-08	-0
4.82478229222e-08	-0
4.82897411003e-08	-0
4.83316592783e-08	-0
