% time-domain voltage integration by openEMS v0.0.35 @Thu May 22 19:18:14 2025
% start-coordinates: (0.0610068,-0.0833568,0) m -> [16,2,0]
% stop-coordinates: (0.0610068,-0.0833568,0.001524) m -> [16,2,1]
% t/s	voltage
0	-0
4.09306533147e-11	-0
8.18613066293e-11	-0
1.22791959944e-10	-0
1.63722613259e-10	-0
2.04653266573e-10	-0
2.45583919888e-10	-0
2.86514573203e-10	-0
3.27445226517e-10	-0
3.68375879832e-10	-0
4.09306533147e-10	-0
4.50237186461e-10	-0
4.91167839776e-10	-0
5.32098493091e-10	-0
5.73029146405e-10	-0
6.1395979972e-10	-0
6.54890453035e-10	-0
6.95821106349e-10	-0
7.36751759664e-10	-0
7.77682412979e-10	-0
8.18613066293e-10	-0
8.59543719608e-10	-0
9.00474372923e-10	-0
9.41405026237e-10	-0
9.82335679552e-10	-0
1.02326633287e-09	-0
1.06419698618e-09	-0
1.1051276395e-09	-0
1.14605829281e-09	-0
1.18698894613e-09	-0
1.22791959944e-09	-0
1.26885025275e-09	-0
1.30978090607e-09	-0
1.35071155938e-09	-0
1.3916422127e-09	-0
1.43257286601e-09	-0
1.47350351933e-09	-0
1.51443417264e-09	-0
1.55536482596e-09	-0
1.59629547927e-09	-0
1.63722613259e-09	-0
1.6781567859e-09	-0
1.71908743922e-09	-0
1.76001809253e-09	-0
1.80094874585e-09	-0
1.84187939916e-09	-0
1.88281005247e-09	-0
1.92374070579e-09	-0
1.9646713591e-09	-0
2.00560201242e-09	-0
2.04653266573e-09	-0
2.08746331905e-09	-0
2.12839397236e-09	-0
2.16932462568e-09	-0
2.21025527899e-09	-0
2.25118593231e-09	-0
2.29211658562e-09	-0
2.33304723894e-09	-0
2.37397789225e-09	-0
2.41490854557e-09	-0
2.45583919888e-09	-0
2.49676985219e-09	-0
2.53770050551e-09	-0
2.57863115882e-09	-0
2.61956181214e-09	-0
2.66049246545e-09	-0
2.70142311877e-09	-0
2.74235377208e-09	-0
2.7832844254e-09	-0
2.82421507871e-09	-0
2.86514573203e-09	-0
2.90607638534e-09	-0
2.94700703866e-09	-0
2.98793769197e-09	-0
3.02886834529e-09	-0
3.0697989986e-09	-0
3.11072965191e-09	-0
3.15166030523e-09	-0
3.19259095854e-09	-0
3.23352161186e-09	-0
3.27445226517e-09	-0
3.31538291849e-09	-0
3.3563135718e-09	-0
3.39724422512e-09	-0
3.43817487843e-09	-0
3.47910553175e-09	-0
3.52003618506e-09	-0
3.56096683838e-09	-0
3.60189749169e-09	-0
3.64282814501e-09	-0
3.68375879832e-09	-0
3.72468945163e-09	-0
3.76562010495e-09	-0
3.80655075826e-09	-0
3.84748141158e-09	-0
3.88841206489e-09	-0
3.92934271821e-09	-0
3.97027337152e-09	-0
4.01120402484e-09	-0
4.05213467815e-09	-0
4.09306533147e-09	-0
4.13399598478e-09	-0
4.1749266381e-09	-0
4.21585729141e-09	-0
4.25678794473e-09	-0
4.29771859804e-09	-0
4.33864925135e-09	-0
4.37957990467e-09	-0
4.42051055798e-09	-0
4.4614412113e-09	-0
4.50237186461e-09	-0
4.54330251793e-09	-0
4.58423317124e-09	-0
4.62516382456e-09	-0
4.66609447787e-09	-0
4.70702513119e-09	-0
4.7479557845e-09	-0
4.78888643782e-09	-0
4.82981709113e-09	-0
4.87074774445e-09	-0
4.91167839776e-09	-0
4.95260905107e-09	-0
4.99353970439e-09	-0
5.0344703577e-09	-0
5.07540101102e-09	-0
5.11633166433e-09	-0
5.15726231765e-09	-0
5.19819297096e-09	-0
5.23912362428e-09	-0
5.28005427759e-09	-0
5.32098493091e-09	-0
5.36191558422e-09	-0
5.40284623754e-09	-0
5.44377689085e-09	-0
5.48470754417e-09	-0
5.52563819748e-09	-0
5.5665688508e-09	-0
5.60749950411e-09	-0
5.64843015742e-09	-0
5.68936081074e-09	-0
5.73029146405e-09	-0
5.77122211737e-09	-0
5.81215277068e-09	-0
5.853083424e-09	-0
5.89401407731e-09	-0
5.93494473063e-09	-0
5.97587538394e-09	-0
6.01680603726e-09	-0
6.05773669057e-09	-0
6.09866734389e-09	-0
6.1395979972e-09	-0
6.18052865052e-09	-0
6.22145930383e-09	-0
6.26238995714e-09	-0
6.30332061046e-09	-0
6.34425126377e-09	-0
6.38518191709e-09	-0
6.4261125704e-09	-0
6.46704322372e-09	-0
6.50797387703e-09	-0
6.54890453035e-09	-0
6.58983518366e-09	-0
6.63076583698e-09	-0
6.67169649029e-09	-0
6.71262714361e-09	-0
6.75355779692e-09	-0
6.79448845024e-09	-0
6.83541910355e-09	-0
6.87634975686e-09	-0
6.91728041018e-09	-0
6.95821106349e-09	-0
6.99914171681e-09	-0
7.04007237012e-09	-0
7.08100302344e-09	-0
7.12193367675e-09	-0
7.16286433007e-09	-0
7.20379498338e-09	-0
7.2447256367e-09	-0
7.28565629001e-09	-0
7.32658694333e-09	-0
7.36751759664e-09	-0
7.40844824996e-09	-0
7.44937890327e-09	-0
7.49030955658e-09	-0
7.5312402099e-09	-0
7.57217086321e-09	-0
7.61310151653e-09	-0
7.65403216984e-09	-0
7.69496282316e-09	-0
7.73589347647e-09	-0
7.77682412979e-09	-0
7.8177547831e-09	-0
7.85868543642e-09	-0
7.89961608973e-09	-0
7.94054674305e-09	-0
7.98147739636e-09	-0
8.02240804968e-09	-0
8.06333870299e-09	-0
8.1042693563e-09	-0
8.14520000962e-09	-0
8.18613066293e-09	-0
8.22706131625e-09	-0
8.26799196956e-09	-0
8.30892262288e-09	-0
8.34985327619e-09	-0
8.39078392951e-09	-0
8.43171458282e-09	-0
8.47264523614e-09	-0
8.51357588945e-09	-0
8.55450654277e-09	-0
8.59543719608e-09	-0
8.6363678494e-09	-0
8.67729850271e-09	-0
8.71822915602e-09	-0
8.75915980934e-09	-0
8.80009046265e-09	-0
8.84102111597e-09	-0
8.88195176928e-09	-0
8.9228824226e-09	-0
8.96381307591e-09	-0
9.00474372923e-09	-0
9.04567438254e-09	-0
9.08660503586e-09	-0
9.12753568917e-09	-0
9.16846634249e-09	-0
9.2093969958e-09	-0
9.25032764912e-09	-0
9.29125830243e-09	-0
9.33218895574e-09	-0
9.37311960906e-09	-0
9.41405026237e-09	-0
9.45498091569e-09	-0
9.495911569e-09	-0
9.53684222232e-09	-0
9.57777287563e-09	-0
9.61870352895e-09	-0
9.65963418226e-09	-0
9.70056483558e-09	-0
9.74149548889e-09	-0
9.78242614221e-09	-0
9.82335679552e-09	-0
9.86428744884e-09	-0
9.90521810215e-09	-0
9.94614875546e-09	-0
9.98707940878e-09	-0
1.00280100621e-08	-0
1.00689407154e-08	-0
1.01098713687e-08	-0
1.0150802022e-08	-0
1.01917326754e-08	-0
1.02326633287e-08	-0
1.0273593982e-08	-0
1.03145246353e-08	-0
1.03554552886e-08	-0
1.03963859419e-08	-0
1.04373165952e-08	-0
1.04782472486e-08	-0
1.05191779019e-08	-0
1.05601085552e-08	-0
1.06010392085e-08	-0
1.06419698618e-08	-0
1.06829005151e-08	-0
1.07238311684e-08	-0
1.07647618218e-08	-0
1.08056924751e-08	-0
1.08466231284e-08	-0
1.08875537817e-08	-0
1.0928484435e-08	-0
1.09694150883e-08	-0
1.10103457416e-08	-0
1.1051276395e-08	-0
1.10922070483e-08	-0
1.11331377016e-08	-0
1.11740683549e-08	-0
1.12149990082e-08	-0
1.12559296615e-08	-0
1.12968603148e-08	-0
1.13377909682e-08	-0
1.13787216215e-08	-0
1.14196522748e-08	-0
1.14605829281e-08	-0
1.15015135814e-08	-0
1.15424442347e-08	-0
1.15833748881e-08	-0
1.16243055414e-08	-0
1.16652361947e-08	-0
1.1706166848e-08	-0
1.17470975013e-08	-0
1.17880281546e-08	-0
1.18289588079e-08	-0
1.18698894613e-08	-0
1.19108201146e-08	-0
1.19517507679e-08	-0
1.19926814212e-08	-0
1.20336120745e-08	-0
1.20745427278e-08	-0
1.21154733811e-08	-0
1.21564040345e-08	-0
1.21973346878e-08	-0
1.22382653411e-08	-0
1.22791959944e-08	-0
1.23201266477e-08	-0
1.2361057301e-08	-0
1.24019879543e-08	-0
1.24429186077e-08	-0
1.2483849261e-08	-0
1.25247799143e-08	-0
1.25657105676e-08	-0
1.26066412209e-08	-0
1.26475718742e-08	-0
1.26885025275e-08	-0
1.27294331809e-08	-0
1.27703638342e-08	-0
1.28112944875e-08	-0
1.28522251408e-08	-0
1.28931557941e-08	-0
1.29340864474e-08	-0
1.29750171008e-08	-0
1.30159477541e-08	-0
1.30568784074e-08	-0
1.30978090607e-08	-0
1.3138739714e-08	-0
1.31796703673e-08	-0
1.32206010206e-08	-0
1.3261531674e-08	-0
1.33024623273e-08	-0
1.33433929806e-08	-0
1.33843236339e-08	-0
1.34252542872e-08	-0
1.34661849405e-08	-0
1.35071155938e-08	-0
1.35480462472e-08	-0
1.35889769005e-08	-0
1.36299075538e-08	-0
1.36708382071e-08	-0
1.37117688604e-08	-0
1.37526995137e-08	-0
1.3793630167e-08	-0
1.38345608204e-08	-0
1.38754914737e-08	-0
1.3916422127e-08	-0
1.39573527803e-08	-0
1.39982834336e-08	-0
1.40392140869e-08	-0
1.40801447402e-08	-0
1.41210753936e-08	-0
1.41620060469e-08	-0
1.42029367002e-08	-0
1.42438673535e-08	-0
1.42847980068e-08	-0
1.43257286601e-08	-0
1.43666593134e-08	-0
1.44075899668e-08	-0
1.44485206201e-08	-0
1.44894512734e-08	-0
1.45303819267e-08	-0
1.457131258e-08	-0
1.46122432333e-08	-0
1.46531738867e-08	-0
1.469410454e-08	-0
1.47350351933e-08	-0
1.47759658466e-08	-0
1.48168964999e-08	-0
1.48578271532e-08	-0
1.48987578065e-08	-0
1.49396884599e-08	-0
1.49806191132e-08	-0
1.50215497665e-08	-0
1.50624804198e-08	-0
1.51034110731e-08	-0
1.51443417264e-08	-0
1.51852723797e-08	-0
1.52262030331e-08	-0
1.52671336864e-08	-0
1.53080643397e-08	-0
1.5348994993e-08	-0
1.53899256463e-08	-0
1.54308562996e-08	-0
1.54717869529e-08	-0
1.55127176063e-08	-0
1.55536482596e-08	-0
1.55945789129e-08	-0
1.56355095662e-08	-0
1.56764402195e-08	-0
1.57173708728e-08	-0
1.57583015261e-08	-0
1.57992321795e-08	-0
1.58401628328e-08	-0
1.58810934861e-08	-0
1.59220241394e-08	-0
1.59629547927e-08	-0
1.6003885446e-08	-0
1.60448160994e-08	-0
1.60857467527e-08	-0
1.6126677406e-08	-0
1.61676080593e-08	-0
1.62085387126e-08	-0
1.62494693659e-08	-0
1.62904000192e-08	-0
1.63313306726e-08	-0
1.63722613259e-08	-0
1.64131919792e-08	-0
1.64541226325e-08	-0
1.64950532858e-08	-0
1.65359839391e-08	-0
1.65769145924e-08	-0
1.66178452458e-08	-0
1.66587758991e-08	-0
1.66997065524e-08	-0
1.67406372057e-08	-0
1.6781567859e-08	-0
1.68224985123e-08	-0
1.68634291656e-08	-0
1.6904359819e-08	-0
1.69452904723e-08	-0
1.69862211256e-08	-0
1.70271517789e-08	-0
1.70680824322e-08	-0
1.71090130855e-08	-0
1.71499437388e-08	-0
1.71908743922e-08	-0
1.72318050455e-08	-0
1.72727356988e-08	-0
1.73136663521e-08	-0
1.73545970054e-08	-0
1.73955276587e-08	-0
1.7436458312e-08	-0
1.74773889654e-08	-0
1.75183196187e-08	-0
1.7559250272e-08	-0
1.76001809253e-08	-0
1.76411115786e-08	-0
1.76820422319e-08	-0
1.77229728853e-08	-0
1.77639035386e-08	-0
1.78048341919e-08	-0
1.78457648452e-08	-0
1.78866954985e-08	-0
1.79276261518e-08	-0
1.79685568051e-08	-0
1.80094874585e-08	-0
1.80504181118e-08	-0
1.80913487651e-08	-0
1.81322794184e-08	-0
1.81732100717e-08	-0
1.8214140725e-08	-0
1.82550713783e-08	-0
1.82960020317e-08	-0
1.8336932685e-08	-0
1.83778633383e-08	-0
1.84187939916e-08	-0
1.84597246449e-08	-0
1.85006552982e-08	-0
1.85415859515e-08	-0
1.85825166049e-08	-0
1.86234472582e-08	-0
1.86643779115e-08	-0
1.87053085648e-08	-0
1.87462392181e-08	-0
1.87871698714e-08	-0
1.88281005247e-08	-0
1.88690311781e-08	-0
1.89099618314e-08	-0
1.89508924847e-08	-0
1.8991823138e-08	-0
1.90327537913e-08	-0
1.90736844446e-08	-0
1.9114615098e-08	-0
1.91555457513e-08	-0
1.91964764046e-08	-0
1.92374070579e-08	-0
1.92783377112e-08	-0
1.93192683645e-08	-0
1.93601990178e-08	-0
1.94011296712e-08	-0
1.94420603245e-08	-0
1.94829909778e-08	-0
1.95239216311e-08	-0
1.95648522844e-08	-0
1.96057829377e-08	-0
1.9646713591e-08	-0
1.96876442444e-08	-0
1.97285748977e-08	-0
1.9769505551e-08	-0
1.98104362043e-08	-0
1.98513668576e-08	-0
1.98922975109e-08	-0
1.99332281642e-08	-0
1.99741588176e-08	-0
2.00150894709e-08	-0
2.00560201242e-08	-0
2.00969507775e-08	-0
2.01378814308e-08	-0
2.01788120841e-08	-0
2.02197427374e-08	-0
2.02606733908e-08	-0
2.03016040441e-08	-0
2.03425346974e-08	-0
2.03834653507e-08	-0
2.0424396004e-08	-0
2.04653266573e-08	-0
2.05062573106e-08	-0
2.0547187964e-08	-0
2.05881186173e-08	-0
2.06290492706e-08	-0
2.06699799239e-08	-0
2.07109105772e-08	-0
2.07518412305e-08	-0
2.07927718839e-08	-0
2.08337025372e-08	-0
2.08746331905e-08	-0
2.09155638438e-08	-0
2.09564944971e-08	-0
2.09974251504e-08	-0
2.10383558037e-08	-0
2.10792864571e-08	-0
2.11202171104e-08	-0
2.11611477637e-08	-0
2.1202078417e-08	-0
2.12430090703e-08	-0
2.12839397236e-08	-0
2.13248703769e-08	-0
2.13658010303e-08	-0
2.14067316836e-08	-0
2.14476623369e-08	-0
2.14885929902e-08	-0
2.15295236435e-08	-0
2.15704542968e-08	-0
2.16113849501e-08	-0
2.16523156035e-08	-0
2.16932462568e-08	-0
2.17341769101e-08	-0
2.17751075634e-08	-0
2.18160382167e-08	-0
2.185696887e-08	-0
2.18978995233e-08	-0
2.19388301767e-08	-0
2.197976083e-08	-0
2.20206914833e-08	-0
2.20616221366e-08	-0
2.21025527899e-08	-0
2.21434834432e-08	-0
2.21844140966e-08	-0
2.22253447499e-08	-0
2.22662754032e-08	-0
2.23072060565e-08	-0
2.23481367098e-08	-0
2.23890673631e-08	-0
2.24299980164e-08	-0
2.24709286698e-08	-0
2.25118593231e-08	-0
2.25527899764e-08	-0
2.25937206297e-08	-0
2.2634651283e-08	-0
2.26755819363e-08	-0
2.27165125896e-08	-0
2.2757443243e-08	-0
2.27983738963e-08	-0
2.28393045496e-08	-0
2.28802352029e-08	-0
2.29211658562e-08	-0
2.29620965095e-08	-0
2.30030271628e-08	-0
2.30439578162e-08	-0
2.30848884695e-08	-0
2.31258191228e-08	-0
2.31667497761e-08	-0
2.32076804294e-08	-0
2.32486110827e-08	-0
2.3289541736e-08	-0
2.33304723894e-08	-0
2.33714030427e-08	-0
2.3412333696e-08	-0
2.34532643493e-08	-0
2.34941950026e-08	-0
2.35351256559e-08	-0
2.35760563092e-08	-0
2.36169869626e-08	-0
2.36579176159e-08	-0
2.36988482692e-08	-0
2.37397789225e-08	-0
2.37807095758e-08	-0
2.38216402291e-08	-0
2.38625708825e-08	-0
2.39035015358e-08	-0
2.39444321891e-08	-0
2.39853628424e-08	-0
2.40262934957e-08	-0
2.4067224149e-08	-0
2.41081548023e-08	-0
2.41490854557e-08	-0
2.4190016109e-08	-0
2.42309467623e-08	-0
2.42718774156e-08	-0
2.43128080689e-08	-0
2.43537387222e-08	-0
2.43946693755e-08	-0
2.44356000289e-08	-0
2.44765306822e-08	-0
2.45174613355e-08	-0
2.45583919888e-08	-0
2.45993226421e-08	-0
2.46402532954e-08	-0
2.46811839487e-08	-0
2.47221146021e-08	-0
2.47630452554e-08	-0
2.48039759087e-08	-0
2.4844906562e-08	-0
2.48858372153e-08	-0
2.49267678686e-08	-0
2.49676985219e-08	-0
2.50086291753e-08	-0
2.50495598286e-08	-0
2.50904904819e-08	-0
2.51314211352e-08	-0
2.51723517885e-08	-0
2.52132824418e-08	-0
2.52542130952e-08	-0
2.52951437485e-08	-0
2.53360744018e-08	-0
2.53770050551e-08	-0
2.54179357084e-08	-0
2.54588663617e-08	-0
2.5499797015e-08	-0
2.55407276684e-08	-0
2.55816583217e-08	-0
2.5622588975e-08	-0
2.56635196283e-08	-0
2.57044502816e-08	-0
2.57453809349e-08	-0
2.57863115882e-08	-0
2.58272422416e-08	-0
2.58681728949e-08	-0
2.59091035482e-08	-0
2.59500342015e-08	-0
2.59909648548e-08	-0
2.60318955081e-08	-0
2.60728261614e-08	-0
2.61137568148e-08	-0
2.61546874681e-08	-0
2.61956181214e-08	-0
2.62365487747e-08	-0
2.6277479428e-08	-0
2.63184100813e-08	-0
2.63593407346e-08	-0
2.6400271388e-08	-0
2.64412020413e-08	-0
2.64821326946e-08	-0
2.65230633479e-08	-0
2.65639940012e-08	-0
2.66049246545e-08	-0
2.66458553078e-08	-0
2.66867859612e-08	-0
2.67277166145e-08	-0
2.67686472678e-08	-0
2.68095779211e-08	-0
2.68505085744e-08	-0
2.68914392277e-08	-0
2.69323698811e-08	-0
2.69733005344e-08	-0
2.70142311877e-08	-0
2.7055161841e-08	-0
2.70960924943e-08	-0
2.71370231476e-08	-0
2.71779538009e-08	-0
2.72188844543e-08	-0
2.72598151076e-08	-0
2.73007457609e-08	-0
2.73416764142e-08	-0
2.73826070675e-08	-0
2.74235377208e-08	-0
2.74644683741e-08	-0
2.75053990275e-08	-0
2.75463296808e-08	-0
2.75872603341e-08	-0
2.76281909874e-08	-0
2.76691216407e-08	-0
2.7710052294e-08	-0
2.77509829473e-08	-0
2.77919136007e-08	-0
2.7832844254e-08	-0
2.78737749073e-08	-0
2.79147055606e-08	-0
2.79556362139e-08	-0
2.79965668672e-08	-0
2.80374975205e-08	-0
2.80784281739e-08	-0
2.81193588272e-08	-0
2.81602894805e-08	-0
2.82012201338e-08	-0
2.82421507871e-08	-0
2.82830814404e-08	-0
2.83240120938e-08	-0
2.83649427471e-08	-0
2.84058734004e-08	-0
2.84468040537e-08	-0
2.8487734707e-08	-0
2.85286653603e-08	-0
2.85695960136e-08	-0
2.8610526667e-08	-0
2.86514573203e-08	-0
2.86923879736e-08	-0
2.87333186269e-08	-0
2.87742492802e-08	-0
2.88151799335e-08	-0
2.88561105868e-08	-0
2.88970412402e-08	-0
2.89379718935e-08	-0
2.89789025468e-08	-0
2.90198332001e-08	-0
2.90607638534e-08	-0
2.91016945067e-08	-0
2.914262516e-08	-0
2.91835558134e-08	-0
2.92244864667e-08	-0
2.926541712e-08	-0
2.93063477733e-08	-0
2.93472784266e-08	-0
2.93882090799e-08	-0
2.94291397332e-08	-0
2.94700703866e-08	-0
2.95110010399e-08	-0
2.95519316932e-08	-0
2.95928623465e-08	-0
2.96337929998e-08	-0
2.96747236531e-08	-0
2.97156543064e-08	-0
2.97565849598e-08	-0
2.97975156131e-08	-0
2.98384462664e-08	-0
2.98793769197e-08	-0
2.9920307573e-08	-0
2.99612382263e-08	-0
3.00021688797e-08	-0
3.0043099533e-08	-0
3.00840301863e-08	-0
3.01249608396e-08	-0
3.01658914929e-08	-0
3.02068221462e-08	-0
3.02477527995e-08	-0
3.02886834529e-08	-0
3.03296141062e-08	-0
3.03705447595e-08	-0
3.04114754128e-08	-0
3.04524060661e-08	-0
3.04933367194e-08	-0
3.05342673727e-08	-0
3.05751980261e-08	-0
3.06161286794e-08	-0
3.06570593327e-08	-0
3.0697989986e-08	-0
3.07389206393e-08	-0
3.07798512926e-08	-0
3.08207819459e-08	-0
3.08617125993e-08	-0
3.09026432526e-08	-0
3.09435739059e-08	-0
3.09845045592e-08	-0
3.10254352125e-08	-0
3.10663658658e-08	-0
3.11072965191e-08	-0
3.11482271725e-08	-0
3.11891578258e-08	-0
3.12300884791e-08	-0
3.12710191324e-08	-0
3.13119497857e-08	-0
3.1352880439e-08	-0
3.13938110924e-08	-0
3.14347417457e-08	-0
3.1475672399e-08	-0
3.15166030523e-08	-0
3.15575337056e-08	-0
3.15984643589e-08	-0
3.16393950122e-08	-0
3.16803256656e-08	-0
3.17212563189e-08	-0
3.17621869722e-08	-0
3.18031176255e-08	-0
3.18440482788e-08	-0
3.18849789321e-08	-0
3.19259095854e-08	-0
3.19668402388e-08	-0
3.20077708921e-08	-0
3.20487015454e-08	-0
3.20896321987e-08	-0
3.2130562852e-08	-0
3.21714935053e-08	-0
3.22124241586e-08	-0
3.2253354812e-08	-0
3.22942854653e-08	-0
3.23352161186e-08	-0
3.23761467719e-08	-0
3.24170774252e-08	-0
3.24580080785e-08	-0
3.24989387318e-08	-0
3.25398693852e-08	-0
3.25808000385e-08	-0
3.26217306918e-08	-0
3.26626613451e-08	-0
3.27035919984e-08	-0
3.27445226517e-08	-0
3.2785453305e-08	-0
3.28263839584e-08	-0
3.28673146117e-08	-0
3.2908245265e-08	-0
3.29491759183e-08	-0
3.29901065716e-08	-0
3.30310372249e-08	-0
3.30719678783e-08	-0
3.31128985316e-08	-0
3.31538291849e-08	-0
3.31947598382e-08	-0
3.32356904915e-08	-0
3.32766211448e-08	-0
3.33175517981e-08	-0
3.33584824515e-08	-0
3.33994131048e-08	-0
3.34403437581e-08	-0
3.34812744114e-08	-0
3.35222050647e-08	-0
3.3563135718e-08	-0
3.36040663713e-08	-0
3.36449970247e-08	-0
3.3685927678e-08	-0
3.37268583313e-08	-0
3.37677889846e-08	-0
3.38087196379e-08	-0
3.38496502912e-08	-0
3.38905809445e-08	-0
3.39315115979e-08	-0
3.39724422512e-08	-0
3.40133729045e-08	-0
3.40543035578e-08	-0
3.40952342111e-08	-0
3.41361648644e-08	-0
3.41770955177e-08	-0
3.42180261711e-08	-0
3.42589568244e-08	-0
3.42998874777e-08	-0
3.4340818131e-08	-0
3.43817487843e-08	-0
3.44226794376e-08	-0
3.4463610091e-08	-0
3.45045407443e-08	-0
3.45454713976e-08	-0
3.45864020509e-08	-0
3.46273327042e-08	-0
3.46682633575e-08	-0
3.47091940108e-08	-0
3.47501246642e-08	-0
3.47910553175e-08	-0
3.48319859708e-08	-0
3.48729166241e-08	-0
3.49138472774e-08	-0
3.49547779307e-08	-0
3.4995708584e-08	-0
3.50366392374e-08	-0
3.50775698907e-08	-0
3.5118500544e-08	-0
3.51594311973e-08	-0
3.52003618506e-08	-0
3.52412925039e-08	-0
3.52822231572e-08	-0
3.53231538106e-08	-0
3.53640844639e-08	-0
3.54050151172e-08	-0
3.54459457705e-08	-0
3.54868764238e-08	-0
3.55278070771e-08	-0
3.55687377304e-08	-0
3.56096683838e-08	-0
3.56505990371e-08	-0
3.56915296904e-08	-0
3.57324603437e-08	-0
3.5773390997e-08	-0
3.58143216503e-08	-0
3.58552523037e-08	-0
3.5896182957e-08	-0
3.59371136103e-08	-0
3.59780442636e-08	-0
3.60189749169e-08	-0
3.60599055702e-08	-0
3.61008362235e-08	-0
3.61417668769e-08	-0
3.61826975302e-08	-0
3.62236281835e-08	-0
3.62645588368e-08	-0
3.63054894901e-08	-0
3.63464201434e-08	-0
3.63873507967e-08	-0
3.64282814501e-08	-0
3.64692121034e-08	-0
3.65101427567e-08	-0
3.655107341e-08	-0
3.65920040633e-08	-0
3.66329347166e-08	-0
3.66738653699e-08	-0
3.67147960233e-08	-0
3.67557266766e-08	-0
3.67966573299e-08	-0
3.68375879832e-08	-0
3.68785186365e-08	-0
3.69194492898e-08	-0
3.69603799431e-08	-0
3.70013105965e-08	-0
3.70422412498e-08	-0
3.70831719031e-08	-0
3.71241025564e-08	-0
3.71650332097e-08	-0
3.7205963863e-08	-0
3.72468945163e-08	-0
3.72878251697e-08	-0
3.7328755823e-08	-0
3.73696864763e-08	-0
3.74106171296e-08	-0
3.74515477829e-08	-0
3.74924784362e-08	-0
3.75334090896e-08	-0
3.75743397429e-08	-0
3.76152703962e-08	-0
3.76562010495e-08	-0
3.76971317028e-08	-0
3.77380623561e-08	-0
3.77789930094e-08	-0
3.78199236628e-08	-0
3.78608543161e-08	-0
3.79017849694e-08	-0
3.79427156227e-08	-0
3.7983646276e-08	-0
3.80245769293e-08	-0
3.80655075826e-08	-0
3.8106438236e-08	-0
3.81473688893e-08	-0
3.81882995426e-08	-0
3.82292301959e-08	-0
3.82701608492e-08	-0
3.83110915025e-08	-0
3.83520221558e-08	-0
3.83929528092e-08	-0
3.84338834625e-08	-0
3.84748141158e-08	-0
3.85157447691e-08	-0
3.85566754224e-08	-0
3.85976060757e-08	-0
3.8638536729e-08	-0
3.86794673824e-08	-0
3.87203980357e-08	-0
3.8761328689e-08	-0
3.88022593423e-08	-0
3.88431899956e-08	-0
3.88841206489e-08	-0
3.89250513023e-08	-0
3.89659819556e-08	-0
3.90069126089e-08	-0
3.90478432622e-08	-0
3.90887739155e-08	-0
3.91297045688e-08	-0
3.91706352221e-08	-0
3.92115658755e-08	-0
3.92524965288e-08	-0
3.92934271821e-08	-0
3.93343578354e-08	-0
3.93752884887e-08	-0
3.9416219142e-08	-0
3.94571497953e-08	-0
3.94980804487e-08	-0
3.9539011102e-08	-0
3.95799417553e-08	-0
3.96208724086e-08	-0
3.96618030619e-08	-0
3.97027337152e-08	-0
3.97436643685e-08	-0
3.97845950219e-08	-0
3.98255256752e-08	-0
3.98664563285e-08	-0
3.99073869818e-08	-0
3.99483176351e-08	-0
3.99892482884e-08	-0
4.00301789417e-08	-0
4.00711095951e-08	-0
4.01120402484e-08	-0
4.01529709017e-08	-0
4.0193901555e-08	-0
4.02348322083e-08	-0
4.02757628616e-08	-0
4.03166935149e-08	-0
4.03576241683e-08	-0
4.03985548216e-08	-0
4.04394854749e-08	-0
4.04804161282e-08	-0
4.05213467815e-08	-0
4.05622774348e-08	-0
4.06032080882e-08	-0
4.06441387415e-08	-0
4.06850693948e-08	-0
4.07260000481e-08	-0
4.07669307014e-08	-0
4.08078613547e-08	-0
4.0848792008e-08	-0
4.08897226614e-08	-0
4.09306533147e-08	-0
4.0971583968e-08	-0
4.10125146213e-08	-0
4.10534452746e-08	-0
4.10943759279e-08	-0
4.11353065812e-08	-0
4.11762372346e-08	-0
4.12171678879e-08	-0
4.12580985412e-08	-0
4.12990291945e-08	-0
4.13399598478e-08	-0
4.13808905011e-08	-0
4.14218211544e-08	-0
4.14627518078e-08	-0
4.15036824611e-08	-0
4.15446131144e-08	-0
4.15855437677e-08	-0
4.1626474421e-08	-0
4.16674050743e-08	-0
4.17083357276e-08	-0
4.1749266381e-08	-0
4.17901970343e-08	-0
4.18311276876e-08	-0
4.18720583409e-08	-0
4.19129889942e-08	-0
4.19539196475e-08	-0
