% time-domain current integration by openEMS v0.0.35 @Thu May 22 19:18:14 2025
% start-coordinates: (0.0433568,0.0159,0) m -> [15,13,0]
% stop-coordinates: (0.0639068,0.0465568,0) m -> [17,15,0]
% t/s	current
5.24751965573e-13	0
4.14554052802e-11	0
8.23860585949e-11	0
1.2331671191e-10	0
1.64247365224e-10	0
2.05178018539e-10	0
2.46108671854e-10	0
2.87039325168e-10	0
3.27969978483e-10	0
3.68900631798e-10	0
4.09831285112e-10	0
4.50761938427e-10	0
4.91692591742e-10	0
5.32623245056e-10	0
5.73553898371e-10	0
6.14484551686e-10	0
6.55415205e-10	0
6.96345858315e-10	0
7.3727651163e-10	0
7.78207164944e-10	0
8.19137818259e-10	0
8.60068471574e-10	0
9.00999124888e-10	0
9.41929778203e-10	0
9.82860431518e-10	0
1.02379108483e-09	0
1.06472173815e-09	0
1.10565239146e-09	0
1.14658304478e-09	0
1.18751369809e-09	0
1.22844435141e-09	0
1.26937500472e-09	0
1.31030565803e-09	0
1.35123631135e-09	0
1.39216696466e-09	0
1.43309761798e-09	0
1.47402827129e-09	0
1.51495892461e-09	0
1.55588957792e-09	0
1.59682023124e-09	0
1.63775088455e-09	0
1.67868153787e-09	0
1.71961219118e-09	0
1.7605428445e-09	0
1.80147349781e-09	0
1.84240415113e-09	0
1.88333480444e-09	0
1.92426545776e-09	0
1.96519611107e-09	0
2.00612676438e-09	0
2.0470574177e-09	0
2.08798807101e-09	0
2.12891872433e-09	0
2.16984937764e-09	0
2.21078003096e-09	0
2.25171068427e-09	0
2.29264133759e-09	0
2.3335719909e-09	0
2.37450264422e-09	0
2.41543329753e-09	0
2.45636395085e-09	0
2.49729460416e-09	0
2.53822525748e-09	0
2.57915591079e-09	0
2.6200865641e-09	0
2.66101721742e-09	0
2.70194787073e-09	0
2.74287852405e-09	0
2.78380917736e-09	0
2.82473983068e-09	0
2.86567048399e-09	0
2.90660113731e-09	0
2.94753179062e-09	0
2.98846244394e-09	0
3.02939309725e-09	0
3.07032375057e-09	0
3.11125440388e-09	0
3.1521850572e-09	0
3.19311571051e-09	0
3.23404636382e-09	0
3.27497701714e-09	0
3.31590767045e-09	0
3.35683832377e-09	0
3.39776897708e-09	0
3.4386996304e-09	0
3.47963028371e-09	0
3.52056093703e-09	0
3.56149159034e-09	0
3.60242224366e-09	0
3.64335289697e-09	0
3.68428355029e-09	0
3.7252142036e-09	0
3.76614485692e-09	0
3.80707551023e-09	0
3.84800616354e-09	0
3.88893681686e-09	0
3.92986747017e-09	0
3.97079812349e-09	0
4.0117287768e-09	0
4.05265943012e-09	0
4.09359008343e-09	0
4.13452073675e-09	0
4.17545139006e-09	0
4.21638204338e-09	0
4.25731269669e-09	0
4.29824335001e-09	0
4.33917400332e-09	0
4.38010465664e-09	0
4.42103530995e-09	0
4.46196596326e-09	0
4.50289661658e-09	0
4.54382726989e-09	0
4.58475792321e-09	0
4.62568857652e-09	0
4.66661922984e-09	0
4.70754988315e-09	0
4.74848053647e-09	0
4.78941118978e-09	0
4.8303418431e-09	0
4.87127249641e-09	0
4.91220314973e-09	0
4.95313380304e-09	0
4.99406445636e-09	0
5.03499510967e-09	0
5.07592576298e-09	0
5.1168564163e-09	0
5.15778706961e-09	0
5.19871772293e-09	0
5.23964837624e-09	0
5.28057902956e-09	0
5.32150968287e-09	0
5.36244033619e-09	0
5.4033709895e-09	0
5.44430164282e-09	0
5.48523229613e-09	0
5.52616294945e-09	0
5.56709360276e-09	0
5.60802425608e-09	0
5.64895490939e-09	0
5.6898855627e-09	0
5.73081621602e-09	0
5.77174686933e-09	0
5.81267752265e-09	0
5.85360817596e-09	0
5.89453882928e-09	0
5.93546948259e-09	0
5.97640013591e-09	0
6.01733078922e-09	0
6.05826144254e-09	0
6.09919209585e-09	0
6.14012274917e-09	0
6.18105340248e-09	0
6.2219840558e-09	0
6.26291470911e-09	0
6.30384536242e-09	0
6.34477601574e-09	0
6.38570666905e-09	0
6.42663732237e-09	0
6.46756797568e-09	0
6.508498629e-09	0
6.54942928231e-09	0
6.59035993563e-09	0
6.63129058894e-09	0
6.67222124226e-09	0
6.71315189557e-09	0
6.75408254889e-09	0
6.7950132022e-09	0
6.83594385552e-09	0
6.87687450883e-09	0
6.91780516214e-09	0
6.95873581546e-09	0
6.99966646877e-09	0
7.04059712209e-09	0
7.0815277754e-09	0
7.12245842872e-09	0
7.16338908203e-09	0
7.20431973535e-09	0
7.24525038866e-09	0
7.28618104198e-09	0
7.32711169529e-09	0
7.36804234861e-09	0
7.40897300192e-09	0
7.44990365524e-09	0
7.49083430855e-09	0
7.53176496186e-09	0
7.57269561518e-09	0
7.61362626849e-09	0
7.65455692181e-09	0
7.69548757512e-09	0
7.73641822844e-09	0
7.77734888175e-09	0
7.81827953507e-09	0
7.85921018838e-09	0
7.9001408417e-09	0
7.94107149501e-09	0
7.98200214833e-09	0
8.02293280164e-09	0
8.06386345496e-09	0
8.10479410827e-09	0
8.14572476158e-09	0
8.1866554149e-09	0
8.22758606821e-09	0
8.26851672153e-09	0
8.30944737484e-09	0
8.35037802816e-09	0
8.39130868147e-09	0
8.43223933479e-09	0
8.4731699881e-09	0
8.51410064142e-09	0
8.55503129473e-09	0
8.59596194805e-09	0
8.63689260136e-09	0
8.67782325468e-09	0
8.71875390799e-09	0
8.7596845613e-09	0
8.80061521462e-09	0
8.84154586793e-09	0
8.88247652125e-09	0
8.92340717456e-09	0
8.96433782788e-09	0
9.00526848119e-09	0
9.04619913451e-09	0
9.08712978782e-09	0
9.12806044114e-09	0
9.16899109445e-09	0
9.20992174777e-09	0
9.25085240108e-09	0
9.2917830544e-09	0
9.33271370771e-09	0
9.37364436102e-09	0
9.41457501434e-09	0
9.45550566765e-09	0
9.49643632097e-09	0
9.53736697428e-09	0
9.5782976276e-09	0
9.61922828091e-09	0
9.66015893423e-09	0
9.70108958754e-09	0
9.74202024086e-09	0
9.78295089417e-09	0
9.82388154749e-09	0
9.8648122008e-09	0
9.90574285412e-09	0
9.94667350743e-09	0
9.98760416074e-09	0
1.00285348141e-08	0
1.00694654674e-08	0
1.01103961207e-08	0
1.0151326774e-08	0
1.01922574273e-08	0
1.02331880806e-08	0
1.02741187339e-08	0
1.03150493873e-08	0
1.03559800406e-08	0
1.03969106939e-08	0
1.04378413472e-08	0
1.04787720005e-08	0
1.05197026538e-08	0
1.05606333072e-08	0
1.06015639605e-08	0
1.06424946138e-08	0
1.06834252671e-08	0
1.07243559204e-08	0
1.07652865737e-08	0
1.0806217227e-08	0
1.08471478804e-08	0
1.08880785337e-08	0
1.0929009187e-08	0
1.09699398403e-08	0
1.10108704936e-08	0
1.10518011469e-08	0
1.10927318002e-08	0
1.11336624536e-08	0
1.11745931069e-08	0
1.12155237602e-08	0
1.12564544135e-08	0
1.12973850668e-08	0
1.13383157201e-08	0
1.13792463734e-08	0
1.14201770268e-08	0
1.14611076801e-08	0
1.15020383334e-08	0
1.15429689867e-08	0
1.158389964e-08	0
1.16248302933e-08	0
1.16657609466e-08	0
1.17066916e-08	0
1.17476222533e-08	0
1.17885529066e-08	0
1.18294835599e-08	0
1.18704142132e-08	0
1.19113448665e-08	0
1.19522755198e-08	0
1.19932061732e-08	0
1.20341368265e-08	0
1.20750674798e-08	0
1.21159981331e-08	0
1.21569287864e-08	0
1.21978594397e-08	0
1.22387900931e-08	0
1.22797207464e-08	0
1.23206513997e-08	0
1.2361582053e-08	0
1.24025127063e-08	0
1.24434433596e-08	0
1.24843740129e-08	0
1.25253046663e-08	0
1.25662353196e-08	0
1.26071659729e-08	0
1.26480966262e-08	0
1.26890272795e-08	0
1.27299579328e-08	0
1.27708885861e-08	0
1.28118192395e-08	0
1.28527498928e-08	0
1.28936805461e-08	0
1.29346111994e-08	0
1.29755418527e-08	0
1.3016472506e-08	0
1.30574031593e-08	0
1.30983338127e-08	0
1.3139264466e-08	0
1.31801951193e-08	0
1.32211257726e-08	0
1.32620564259e-08	0
1.33029870792e-08	0
1.33439177325e-08	0
1.33848483859e-08	0
1.34257790392e-08	0
1.34667096925e-08	0
1.35076403458e-08	0
1.35485709991e-08	0
1.35895016524e-08	0
1.36304323058e-08	0
1.36713629591e-08	0
1.37122936124e-08	0
1.37532242657e-08	0
1.3794154919e-08	0
1.38350855723e-08	0
1.38760162256e-08	0
1.3916946879e-08	0
1.39578775323e-08	0
1.39988081856e-08	0
1.40397388389e-08	0
1.40806694922e-08	0
1.41216001455e-08	0
1.41625307988e-08	0
1.42034614522e-08	0
1.42443921055e-08	0
1.42853227588e-08	0
1.43262534121e-08	0
1.43671840654e-08	0
1.44081147187e-08	0
1.4449045372e-08	0
1.44899760254e-08	0
1.45309066787e-08	0
1.4571837332e-08	0
1.46127679853e-08	0
1.46536986386e-08	0
1.46946292919e-08	0
1.47355599452e-08	0
1.47764905986e-08	0
1.48174212519e-08	0
1.48583519052e-08	0
1.48992825585e-08	0
1.49402132118e-08	0
1.49811438651e-08	0
1.50220745184e-08	0
1.50630051718e-08	0
1.51039358251e-08	0
1.51448664784e-08	0
1.51857971317e-08	0
1.5226727785e-08	0
1.52676584383e-08	0
1.53085890917e-08	0
1.5349519745e-08	0
1.53904503983e-08	0
1.54313810516e-08	0
1.54723117049e-08	0
1.55132423582e-08	0
1.55541730115e-08	0
1.55951036649e-08	0
1.56360343182e-08	0
1.56769649715e-08	0
1.57178956248e-08	0
1.57588262781e-08	0
1.57997569314e-08	0
1.58406875847e-08	0
1.58816182381e-08	0
1.59225488914e-08	0
1.59634795447e-08	0
1.6004410198e-08	0
1.60453408513e-08	0
1.60862715046e-08	0
1.61272021579e-08	0
1.61681328113e-08	0
1.62090634646e-08	0
1.62499941179e-08	0
1.62909247712e-08	0
1.63318554245e-08	0
1.63727860778e-08	0
1.64137167311e-08	0
1.64546473845e-08	0
1.64955780378e-08	0
1.65365086911e-08	0
1.65774393444e-08	0
1.66183699977e-08	0
1.6659300651e-08	0
1.67002313044e-08	0
1.67411619577e-08	0
1.6782092611e-08	0
1.68230232643e-08	0
1.68639539176e-08	0
1.69048845709e-08	0
1.69458152242e-08	0
1.69867458776e-08	0
1.70276765309e-08	0
1.70686071842e-08	0
1.71095378375e-08	0
1.71504684908e-08	0
1.71913991441e-08	0
1.72323297974e-08	0
1.72732604508e-08	0
1.73141911041e-08	0
1.73551217574e-08	0
1.73960524107e-08	0
1.7436983064e-08	0
1.74779137173e-08	0
1.75188443706e-08	0
1.7559775024e-08	0
1.76007056773e-08	0
1.76416363306e-08	0
1.76825669839e-08	0
1.77234976372e-08	0
1.77644282905e-08	0
1.78053589438e-08	0
1.78462895972e-08	0
1.78872202505e-08	0
1.79281509038e-08	0
1.79690815571e-08	0
1.80100122104e-08	0
1.80509428637e-08	0
1.8091873517e-08	0
1.81328041704e-08	0
1.81737348237e-08	0
1.8214665477e-08	0
1.82555961303e-08	0
1.82965267836e-08	0
1.83374574369e-08	0
1.83783880903e-08	0
1.84193187436e-08	0
1.84602493969e-08	0
1.85011800502e-08	0
1.85421107035e-08	0
1.85830413568e-08	0
1.86239720101e-08	0
1.86649026635e-08	0
1.87058333168e-08	0
1.87467639701e-08	0
1.87876946234e-08	0
1.88286252767e-08	0
1.886955593e-08	0
1.89104865833e-08	0
1.89514172367e-08	0
1.899234789e-08	0
1.90332785433e-08	0
1.90742091966e-08	0
1.91151398499e-08	0
1.91560705032e-08	0
1.91970011565e-08	0
1.92379318099e-08	0
1.92788624632e-08	0
1.93197931165e-08	0
1.93607237698e-08	0
1.94016544231e-08	0
1.94425850764e-08	0
1.94835157297e-08	0
1.95244463831e-08	0
1.95653770364e-08	0
1.96063076897e-08	0
1.9647238343e-08	0
1.96881689963e-08	0
1.97290996496e-08	0
1.9770030303e-08	0
1.98109609563e-08	0
1.98518916096e-08	0
1.98928222629e-08	0
1.99337529162e-08	0
1.99746835695e-08	0
2.00156142228e-08	0
2.00565448762e-08	0
2.00974755295e-08	0
2.01384061828e-08	0
2.01793368361e-08	0
2.02202674894e-08	0
2.02611981427e-08	0
2.0302128796e-08	0
2.03430594494e-08	0
2.03839901027e-08	0
2.0424920756e-08	0
2.04658514093e-08	0
2.05067820626e-08	0
2.05477127159e-08	0
2.05886433692e-08	0
2.06295740226e-08	0
2.06705046759e-08	0
2.07114353292e-08	0
2.07523659825e-08	0
2.07932966358e-08	0
2.08342272891e-08	0
2.08751579424e-08	0
2.09160885958e-08	0
2.09570192491e-08	0
2.09979499024e-08	0
2.10388805557e-08	0
2.1079811209e-08	0
2.11207418623e-08	0
2.11616725156e-08	0
2.1202603169e-08	0
2.12435338223e-08	0
2.12844644756e-08	0
2.13253951289e-08	0
2.13663257822e-08	0
2.14072564355e-08	0
2.14481870889e-08	0
2.14891177422e-08	0
2.15300483955e-08	0
2.15709790488e-08	0
2.16119097021e-08	0
2.16528403554e-08	0
2.16937710087e-08	0
2.17347016621e-08	0
2.17756323154e-08	0
2.18165629687e-08	0
2.1857493622e-08	0
2.18984242753e-08	0
2.19393549286e-08	0
2.19802855819e-08	0
2.20212162353e-08	0
2.20621468886e-08	0
2.21030775419e-08	0
2.21440081952e-08	0
2.21849388485e-08	0
2.22258695018e-08	0
2.22668001551e-08	0
2.23077308085e-08	0
2.23486614618e-08	0
2.23895921151e-08	0
2.24305227684e-08	0
2.24714534217e-08	0
2.2512384075e-08	0
2.25533147283e-08	0
2.25942453817e-08	0
2.2635176035e-08	0
2.26761066883e-08	0
2.27170373416e-08	0
2.27579679949e-08	0
2.27988986482e-08	0
2.28398293016e-08	0
2.28807599549e-08	0
2.29216906082e-08	0
2.29626212615e-08	0
2.30035519148e-08	0
2.30444825681e-08	0
2.30854132214e-08	0
2.31263438748e-08	0
2.31672745281e-08	0
2.32082051814e-08	0
2.32491358347e-08	0
2.3290066488e-08	0
2.33309971413e-08	0
2.33719277946e-08	0
2.3412858448e-08	0
2.34537891013e-08	0
2.34947197546e-08	0
2.35356504079e-08	0
2.35765810612e-08	0
2.36175117145e-08	0
2.36584423678e-08	0
2.36993730212e-08	0
2.37403036745e-08	0
2.37812343278e-08	0
2.38221649811e-08	0
2.38630956344e-08	0
2.39040262877e-08	0
2.3944956941e-08	0
2.39858875944e-08	0
2.40268182477e-08	0
2.4067748901e-08	0
2.41086795543e-08	0
2.41496102076e-08	0
2.41905408609e-08	0
2.42314715142e-08	0
2.42724021676e-08	0
2.43133328209e-08	0
2.43542634742e-08	0
2.43951941275e-08	0
2.44361247808e-08	0
2.44770554341e-08	0
2.45179860875e-08	0
2.45589167408e-08	0
2.45998473941e-08	0
2.46407780474e-08	0
2.46817087007e-08	0
2.4722639354e-08	0
2.47635700073e-08	0
2.48045006607e-08	0
2.4845431314e-08	0
2.48863619673e-08	0
2.49272926206e-08	0
2.49682232739e-08	0
2.50091539272e-08	0
2.50500845805e-08	0
2.50910152339e-08	0
2.51319458872e-08	0
2.51728765405e-08	0
2.52138071938e-08	0
2.52547378471e-08	0
2.52956685004e-08	0
2.53365991537e-08	0
2.53775298071e-08	0
2.54184604604e-08	0
2.54593911137e-08	0
2.5500321767e-08	0
2.55412524203e-08	0
2.55821830736e-08	0
2.56231137269e-08	0
2.56640443803e-08	0
2.57049750336e-08	0
2.57459056869e-08	0
2.57868363402e-08	0
2.58277669935e-08	0
2.58686976468e-08	0
2.59096283002e-08	0
2.59505589535e-08	0
2.59914896068e-08	0
2.60324202601e-08	0
2.60733509134e-08	0
2.61142815667e-08	0
2.615521222e-08	0
2.61961428734e-08	0
2.62370735267e-08	0
2.627800418e-08	0
2.63189348333e-08	0
2.63598654866e-08	0
2.64007961399e-08	0
2.64417267932e-08	0
2.64826574466e-08	0
2.65235880999e-08	0
2.65645187532e-08	0
2.66054494065e-08	0
2.66463800598e-08	0
2.66873107131e-08	0
2.67282413664e-08	0
2.67691720198e-08	0
2.68101026731e-08	0
2.68510333264e-08	0
2.68919639797e-08	0
2.6932894633e-08	0
2.69738252863e-08	0
2.70147559396e-08	0
2.7055686593e-08	0
2.70966172463e-08	0
2.71375478996e-08	0
2.71784785529e-08	0
2.72194092062e-08	0
2.72603398595e-08	0
2.73012705128e-08	0
2.73422011662e-08	0
2.73831318195e-08	0
2.74240624728e-08	0
2.74649931261e-08	0
2.75059237794e-08	0
2.75468544327e-08	0
2.75877850861e-08	0
2.76287157394e-08	0
2.76696463927e-08	0
2.7710577046e-08	0
2.77515076993e-08	0
2.77924383526e-08	0
2.78333690059e-08	0
2.78742996593e-08	0
2.79152303126e-08	0
2.79561609659e-08	0
2.79970916192e-08	0
2.80380222725e-08	0
2.80789529258e-08	0
2.81198835791e-08	0
2.81608142325e-08	0
2.82017448858e-08	0
2.82426755391e-08	0
2.82836061924e-08	0
2.83245368457e-08	0
2.8365467499e-08	0
2.84063981523e-08	0
2.84473288057e-08	0
2.8488259459e-08	0
2.85291901123e-08	0
2.85701207656e-08	0
2.86110514189e-08	0
2.86519820722e-08	0
2.86929127255e-08	0
2.87338433789e-08	0
2.87747740322e-08	0
2.88157046855e-08	0
2.88566353388e-08	0
2.88975659921e-08	0
2.89384966454e-08	0
2.89794272988e-08	0
2.90203579521e-08	0
2.90612886054e-08	0
2.91022192587e-08	0
2.9143149912e-08	0
2.91840805653e-08	0
2.92250112186e-08	0
2.9265941872e-08	0
2.93068725253e-08	0
2.93478031786e-08	0
2.93887338319e-08	0
2.94296644852e-08	0
2.94705951385e-08	0
2.95115257918e-08	0
2.95524564452e-08	0
2.95933870985e-08	0
2.96343177518e-08	0
2.96752484051e-08	0
2.97161790584e-08	0
2.97571097117e-08	0
2.9798040365e-08	0
2.98389710184e-08	0
2.98799016717e-08	0
2.9920832325e-08	0
2.99617629783e-08	0
3.00026936316e-08	0
3.00436242849e-08	0
3.00845549382e-08	0
3.01254855916e-08	0
3.01664162449e-08	0
3.02073468982e-08	0
3.02482775515e-08	0
3.02892082048e-08	0
3.03301388581e-08	0
3.03710695115e-08	0
3.04120001648e-08	0
3.04529308181e-08	0
3.04938614714e-08	0
3.05347921247e-08	0
3.0575722778e-08	0
3.06166534313e-08	0
3.06575840847e-08	0
3.0698514738e-08	0
3.07394453913e-08	0
3.07803760446e-08	0
3.08213066979e-08	0
3.08622373512e-08	0
3.09031680045e-08	0
3.09440986579e-08	0
3.09850293112e-08	0
3.10259599645e-08	0
3.10668906178e-08	0
3.11078212711e-08	0
3.11487519244e-08	0
3.11896825777e-08	0
3.12306132311e-08	0
3.12715438844e-08	0
3.13124745377e-08	0
3.1353405191e-08	0
3.13943358443e-08	0
3.14352664976e-08	0
3.14761971509e-08	0
3.15171278043e-08	0
3.15580584576e-08	0
3.15989891109e-08	0
3.16399197642e-08	0
3.16808504175e-08	0
3.17217810708e-08	0
3.17627117241e-08	0
3.18036423775e-08	0
3.18445730308e-08	0
3.18855036841e-08	0
3.19264343374e-08	0
3.19673649907e-08	0
3.2008295644e-08	0
3.20492262974e-08	0
3.20901569507e-08	0
3.2131087604e-08	0
3.21720182573e-08	0
3.22129489106e-08	0
3.22538795639e-08	0
3.22948102172e-08	0
3.23357408706e-08	0
3.23766715239e-08	0
3.24176021772e-08	0
3.24585328305e-08	0
3.24994634838e-08	0
3.25403941371e-08	0
3.25813247904e-08	0
3.26222554438e-08	0
3.26631860971e-08	0
3.27041167504e-08	0
3.27450474037e-08	0
3.2785978057e-08	0
3.28269087103e-08	0
3.28678393636e-08	0
3.2908770017e-08	0
3.29497006703e-08	0
3.29906313236e-08	0
3.30315619769e-08	0
3.30724926302e-08	0
3.31134232835e-08	0
3.31543539368e-08	0
3.31952845902e-08	0
3.32362152435e-08	0
3.32771458968e-08	0
3.33180765501e-08	0
3.33590072034e-08	0
3.33999378567e-08	0
3.34408685101e-08	0
3.34817991634e-08	0
3.35227298167e-08	0
3.356366047e-08	0
3.36045911233e-08	0
3.36455217766e-08	0
3.36864524299e-08	0
3.37273830833e-08	0
3.37683137366e-08	0
3.38092443899e-08	0
3.38501750432e-08	0
3.38911056965e-08	0
3.39320363498e-08	0
3.39729670031e-08	0
3.40138976565e-08	0
3.40548283098e-08	0
3.40957589631e-08	0
3.41366896164e-08	0
3.41776202697e-08	0
3.4218550923e-08	0
3.42594815763e-08	0
3.43004122297e-08	0
3.4341342883e-08	0
3.43822735363e-08	0
3.44232041896e-08	0
3.44641348429e-08	0
3.45050654962e-08	0
3.45459961495e-08	0
3.45869268029e-08	0
3.46278574562e-08	0
3.46687881095e-08	0
3.47097187628e-08	0
3.47506494161e-08	0
3.47915800694e-08	0
3.48325107227e-08	0
3.48734413761e-08	0
3.49143720294e-08	0
3.49553026827e-08	0
3.4996233336e-08	0
3.50371639893e-08	0
3.50780946426e-08	0
3.5119025296e-08	0
3.51599559493e-08	0
3.52008866026e-08	0
3.52418172559e-08	0
3.52827479092e-08	0
3.53236785625e-08	0
3.53646092158e-08	0
3.54055398692e-08	0
3.54464705225e-08	0
3.54874011758e-08	0
3.55283318291e-08	0
3.55692624824e-08	0
3.56101931357e-08	0
3.5651123789e-08	0
3.56920544424e-08	0
3.57329850957e-08	0
3.5773915749e-08	0
3.58148464023e-08	0
3.58557770556e-08	0
3.58967077089e-08	0
3.59376383622e-08	0
3.59785690156e-08	0
3.60194996689e-08	0
3.60604303222e-08	0
3.61013609755e-08	0
3.61422916288e-08	0
3.61832222821e-08	0
3.62241529354e-08	0
3.62650835888e-08	0
3.63060142421e-08	0
3.63469448954e-08	0
3.63878755487e-08	0
3.6428806202e-08	0
3.64697368553e-08	0
3.65106675087e-08	0
3.6551598162e-08	0
3.65925288153e-08	0
3.66334594686e-08	0
3.66743901219e-08	0
3.67153207752e-08	0
3.67562514285e-08	0
3.67971820819e-08	0
3.68381127352e-08	0
3.68790433885e-08	0
3.69199740418e-08	0
3.69609046951e-08	0
3.70018353484e-08	0
3.70427660017e-08	0
3.70836966551e-08	0
3.71246273084e-08	0
3.71655579617e-08	0
3.7206488615e-08	0
3.72474192683e-08	0
3.72883499216e-08	0
3.73292805749e-08	0
3.73702112283e-08	0
3.74111418816e-08	0
3.74520725349e-08	0
3.74930031882e-08	0
3.75339338415e-08	0
3.75748644948e-08	0
3.76157951481e-08	0
3.76567258015e-08	0
3.76976564548e-08	0
3.77385871081e-08	0
3.77795177614e-08	0
3.78204484147e-08	0
3.7861379068e-08	0
3.79023097213e-08	0
3.79432403747e-08	0
3.7984171028e-08	0
3.80251016813e-08	0
3.80660323346e-08	0
3.81069629879e-08	0
3.81478936412e-08	0
3.81888242946e-08	0
3.82297549479e-08	0
3.82706856012e-08	0
3.83116162545e-08	0
3.83525469078e-08	0
3.83934775611e-08	0
3.84344082144e-08	0
3.84753388678e-08	0
3.85162695211e-08	0
3.85572001744e-08	0
3.85981308277e-08	0
3.8639061481e-08	0
3.86799921343e-08	0
3.87209227876e-08	0
3.8761853441e-08	0
3.88027840943e-08	0
3.88437147476e-08	0
3.88846454009e-08	0
3.89255760542e-08	0
3.89665067075e-08	0
3.90074373608e-08	0
3.90483680142e-08	0
3.90892986675e-08	0
3.91302293208e-08	0
3.91711599741e-08	0
3.92120906274e-08	0
3.92530212807e-08	0
3.9293951934e-08	0
3.93348825874e-08	0
3.93758132407e-08	0
3.9416743894e-08	0
3.94576745473e-08	0
3.94986052006e-08	0
3.95395358539e-08	0
3.95804665073e-08	0
3.96213971606e-08	0
3.96623278139e-08	0
3.97032584672e-08	0
3.97441891205e-08	0
3.97851197738e-08	0
3.98260504271e-08	0
3.98669810805e-08	0
3.99079117338e-08	0
3.99488423871e-08	0
3.99897730404e-08	0
4.00307036937e-08	0
4.0071634347e-08	0
4.01125650003e-08	0
4.01534956537e-08	0
4.0194426307e-08	0
4.02353569603e-08	0
4.02762876136e-08	0
4.03172182669e-08	0
4.03581489202e-08	0
4.03990795735e-08	0
4.04400102269e-08	0
4.04809408802e-08	0
4.05218715335e-08	0
4.05628021868e-08	0
4.06037328401e-08	0
4.06446634934e-08	0
4.06855941467e-08	0
4.07265248001e-08	0
4.07674554534e-08	0
4.08083861067e-08	0
4.084931676e-08	0
4.08902474133e-08	0
4.09311780666e-08	0
4.09721087199e-08	0
4.10130393733e-08	0
4.10539700266e-08	0
4.10949006799e-08	0
4.11358313332e-08	0
4.11767619865e-08	0
4.12176926398e-08	0
4.12586232932e-08	0
4.12995539465e-08	0
4.13404845998e-08	0
4.13814152531e-08	0
4.14223459064e-08	0
4.14632765597e-08	0
4.1504207213e-08	0
4.15451378664e-08	0
4.15860685197e-08	0
4.1626999173e-08	0
4.16679298263e-08	0
4.17088604796e-08	0
4.17497911329e-08	0
4.17907217862e-08	0
4.18316524396e-08	0
4.18725830929e-08	0
4.19135137462e-08	0
4.19544443995e-08	0
